5620    5620    2.333700002
5620    5621    0.005056995
5620     602    0.001058881
5620     603    0.005321236
5620     604    0.004318899
5620     610    0.000218463
5620     611    0.001702911
5620     612    0.017978606
5620     613    0.007318174
5621    5620    0.005056995
5621    5621    2.200299995
5621     602    0.007866489
5621     603    0.012008069
5621     604    0.026622161
5621     610    0.004065240
5621     611    0.000630229
5621     612    0.007577343
5621     613    0.006850157
 602    5620    0.001058881
 602    5621    0.007866489
 602     602    2.066000000
 602     603    0.006971430
 602     604    0.001353570
 602     610    0.002335168
 602     611    0.000798470
 602     612    0.002279542
 602     613    0.000381356
 603    5620    0.005321236
 603    5621    0.012008069
 603     602    0.006971430
 603     603    2.104700000
 603     604    0.000616329
 603     610    0.001990708
 603     611    0.000354106
 603     612    0.000044457
 603     613    0.003677258
 604    5620    0.004318899
 604    5621    0.026622161
 604     602    0.001353570
 604     603    0.000616329
 604     604    1.995400000
 604     610    0.002274336
 604     611    0.000896602
 604     612    0.000568474
 604     613    0.001115579
 610    5620    0.000218463
 610    5621    0.004065240
 610     602    0.002335168
 610     603    0.001990708
 610     604    0.002274336
 610     610    2.060500000
 610     611    0.006893417
 610     612    0.003977617
 610     613    0.000436224
 611    5620    0.001702911
 611    5621    0.000630229
 611     602    0.000798470
 611     603    0.000354106
 611     604    0.000896602
 611     610    0.006893417
 611     611    1.972500000
 611     612    0.016316020
 611     613    0.000933051
 612    5620    0.017978606
 612    5621    0.007577343
 612     602    0.002279542
 612     603    0.000044457
 612     604    0.000568474
 612     610    0.003977617
 612     611    0.016316020
 612     612    2.019600000
 612     613    0.000107985
 613    5620    0.007318174
 613    5621    0.006850157
 613     602    0.000381356
 613     603    0.003677258
 613     604    0.001115579
 613     610    0.000436224
 613     611    0.000933051
 613     612    0.000107985
 613     613    1.968000000
