5620    5620    2.469100002
5620    5621    0.006359826
5620     602    0.000469290
5620     603    0.005170089
5620     604    0.001132274
5620     610    0.000730564
5620     611    0.000799123
5620     612    0.007325270
5620     613    0.007522449
5621    5620    0.006359826
5621    5621    2.221299995
5621     602    0.003375776
5621     603    0.026081799
5621     604    0.027800410
5621     610    0.003538933
5621     611    0.000255462
5621     612    0.005818473
5621     613    0.007207459
 602    5620    0.000469290
 602    5621    0.003375776
 602     602    2.051900000
 602     603    0.011585122
 602     604    0.001393797
 602     610    0.002216845
 602     611    0.000716955
 602     612    0.002225564
 602     613    0.000581804
 603    5620    0.005170089
 603    5621    0.026081799
 603     602    0.011585122
 603     603    2.035100000
 603     604    0.000523367
 603     610    0.002179241
 603     611    0.000347782
 603     612    0.000091201
 603     613    0.003237160
 604    5620    0.001132274
 604    5621    0.027800410
 604     602    0.001393797
 604     603    0.000523367
 604     604    2.092400000
 604     610    0.001665490
 604     611    0.000722081
 604     612    0.000170449
 604     613    0.000816239
 610    5620    0.000730564
 610    5621    0.003538933
 610     602    0.002216845
 610     603    0.002179241
 610     604    0.001665490
 610     610    1.981300000
 610     611    0.007463133
 610     612    0.004669226
 610     613    0.000447320
 611    5620    0.000799123
 611    5621    0.000255462
 611     602    0.000716955
 611     603    0.000347782
 611     604    0.000722081
 611     610    0.007463133
 611     611    1.909400000
 611     612    0.019174381
 611     613    0.000872090
 612    5620    0.007325270
 612    5621    0.005818473
 612     602    0.002225564
 612     603    0.000091201
 612     604    0.000170449
 612     610    0.004669226
 612     611    0.019174381
 612     612    2.065000000
 612     613    0.000199165
 613    5620    0.007522449
 613    5621    0.007207459
 613     602    0.000581804
 613     603    0.003237160
 613     604    0.000816239
 613     610    0.000447320
 613     611    0.000872090
 613     612    0.000199165
 613     613    2.033300000
