5620    5620    2.219700002
5620    5621    0.004334282
5620     602    0.000256172
5620     603    0.005056613
5620     604    0.003347781
5620     610    0.002639821
5620     611    0.003729417
5620     612    0.015343692
5620     613    0.010003500
5621    5620    0.004334282
5621    5621    2.169699995
5621     602    0.000126143
5621     603    0.026545741
5621     604    0.026221368
5621     610    0.004933541
5621     611    0.000553526
5621     612    0.007778721
5621     613    0.006177602
 602    5620    0.000256172
 602    5621    0.000126143
 602     602    2.057500000
 602     603    0.011202692
 602     604    0.001609625
 602     610    0.002216565
 602     611    0.000305394
 602     612    0.002637380
 602     613    0.001225110
 603    5620    0.005056613
 603    5621    0.026545741
 603     602    0.011202692
 603     603    2.123500000
 603     604    0.001056222
 603     610    0.001990130
 603     611    0.000175993
 603     612    0.000288609
 603     613    0.003102265
 604    5620    0.003347781
 604    5621    0.026221368
 604     602    0.001609625
 604     603    0.001056222
 604     604    2.118600000
 604     610    0.001841042
 604     611    0.000830048
 604     612    0.000840305
 604     613    0.001116856
 610    5620    0.002639821
 610    5621    0.004933541
 610     602    0.002216565
 610     603    0.001990130
 610     604    0.001841042
 610     610    2.022300000
 610     611    0.007146996
 610     612    0.001834493
 610     613    0.000374593
 611    5620    0.003729417
 611    5621    0.000553526
 611     602    0.000305394
 611     603    0.000175993
 611     604    0.000830048
 611     610    0.007146996
 611     611    1.967100000
 611     612    0.019947652
 611     613    0.000672917
 612    5620    0.015343692
 612    5621    0.007778721
 612     602    0.002637380
 612     603    0.000288609
 612     604    0.000840305
 612     610    0.001834493
 612     611    0.019947652
 612     612    2.070800000
 612     613    0.000231723
 613    5620    0.010003500
 613    5621    0.006177602
 613     602    0.001225110
 613     603    0.003102265
 613     604    0.001116856
 613     610    0.000374593
 613     611    0.000672917
 613     612    0.000231723
 613     613    1.943400000
