5620    5620     2.355600002
5620    5621     0.003620236
5620     602    -0.001552910
5620     603    -0.006138322
5620     604    -0.002585292
5620     610     0.003720911
5620     611     0.000797947
5620     612    -0.011628463
5620     613     0.006199523
5621    5620     0.003620236
5621    5621     2.297899995
5621     602    -0.000827119
5621     603    -0.017879552
5621     604     0.025206232
5621     610     0.002016462
5621     611     0.000158782
5621     612    -0.005855899
5621     613    -0.006134380
 602    5620    -0.001552910
 602    5621    -0.000827119
 602     602     2.103400000
 602     603    -0.004172175
 602     604    -0.001463743
 602     610     0.002075900
 602     611    -0.000378062
 602     612     0.002461183
 602     613    -0.000368109
 603    5620    -0.006138322
 603    5621    -0.017879552
 603     602    -0.004172175
 603     603     2.053700000
 603     604    -0.000377417
 603     610     0.002234784
 603     611    -0.000574930
 603     612     0.000186029
 603     613    -0.004189901
 604    5620    -0.002585292
 604    5621     0.025206232
 604     602    -0.001463743
 604     603    -0.000377417
 604     604     2.098000000
 604     610     0.001047963
 604     611     0.000775767
 604     612     0.000507580
 604     613     0.001140492
 610    5620     0.003720911
 610    5621     0.002016462
 610     602     0.002075900
 610     603     0.002234784
 610     604     0.001047963
 610     610     2.068200000
 610     611     0.006593024
 610     612    -0.006545249
 610     613    -0.000469492
 611    5620     0.000797947
 611    5621     0.000158782
 611     602    -0.000378062
 611     603    -0.000574930
 611     604     0.000775767
 611     610     0.006593024
 611     611     2.025500000
 611     612    -0.016115185
 611     613    -0.000782477
 612    5620    -0.011628463
 612    5621    -0.005855899
 612     602     0.002461183
 612     603     0.000186029
 612     604     0.000507580
 612     610    -0.006545249
 612     611    -0.016115185
 612     612     2.101700000
 612     613    -0.000082551
 613    5620     0.006199523
 613    5621    -0.006134380
 613     602    -0.000368109
 613     603    -0.004189901
 613     604     0.001140492
 613     610    -0.000469492
 613     611    -0.000782477
 613     612    -0.000082551
 613     613     2.039900000
