5620    5620     2.534800002
5620    5621    -0.003306582
5620     602     0.000883353
5620     603    -0.005272511
5620     604    -0.001370868
5620     610     0.002194532
5620     611     0.003077734
5620     612     0.009353880
5620     613    -0.004835792
5621    5620    -0.003306582
5621    5621     2.202299995
5621     602    -0.004183937
5621     603    -0.020899945
5621     604     0.024549882
5621     610     0.003038420
5621     611     0.000728398
5621     612     0.008056757
5621     613    -0.007832402
 602    5620     0.000883353
 602    5621    -0.004183937
 602     602     2.058400000
 602     603     0.010405564
 602     604    -0.001407370
 602     610     0.002073877
 602     611     0.000024618
 602     612    -0.002912158
 602     613     0.001080854
 603    5620    -0.005272511
 603    5621    -0.020899945
 603     602     0.010405564
 603     603     1.993600000
 603     604    -0.000710459
 603     610     0.001975352
 603     611     0.000221059
 603     612     0.000065179
 603     613     0.004528053
 604    5620    -0.001370868
 604    5621     0.024549882
 604     602    -0.001407370
 604     603    -0.000710459
 604     604     2.072100000
 604     610    -0.001309630
 604     611     0.000381380
 604     612    -0.000218836
 604     613    -0.000949694
 610    5620     0.002194532
 610    5621     0.003038420
 610     602     0.002073877
 610     603     0.001975352
 610     604    -0.001309630
 610     610     2.008800000
 610     611     0.006315462
 610     612     0.004190673
 610     613    -0.000358676
 611    5620     0.003077734
 611    5621     0.000728398
 611     602     0.000024618
 611     603     0.000221059
 611     604     0.000381380
 611     610     0.006315462
 611     611     2.099100000
 611     612     0.019363458
 611     613    -0.000643474
 612    5620     0.009353880
 612    5621     0.008056757
 612     602    -0.002912158
 612     603     0.000065179
 612     604    -0.000218836
 612     610     0.004190673
 612     611     0.019363458
 612     612     2.055200000
 612     613    -0.000175944
 613    5620    -0.004835792
 613    5621    -0.007832402
 613     602     0.001080854
 613     603     0.004528053
 613     604    -0.000949694
 613     610    -0.000358676
 613     611    -0.000643474
 613     612    -0.000175944
 613     613     1.998800000
