5620    5620     2.462100002
5620    5621    -0.006074474
5620     602    -0.001746968
5620     603    -0.005857171
5620     604    -0.000038316
5620     610     0.004450831
5620     611     0.003687236
5620     612     0.015879728
5620     613    -0.007557424
5621    5620    -0.006074474
5621    5621     2.400499995
5621     602    -0.001870416
5621     603    -0.034713518
5621     604    -0.032623225
5621     610    -0.001541772
5621     611    -0.000763614
5621     612    -0.007729837
5621     613    -0.007275358
 602    5620    -0.001746968
 602    5621    -0.001870416
 602     602     1.972700000
 602     603    -0.011040078
 602     604     0.001497008
 602     610     0.002369045
 602     611    -0.000475219
 602     612    -0.002821998
 602     613     0.000083812
 603    5620    -0.005857171
 603    5621    -0.034713518
 603     602    -0.011040078
 603     603     1.919200000
 603     604     0.002114493
 603     610     0.002304958
 603     611     0.000007662
 603     612    -0.000596024
 603     613     0.004342301
 604    5620    -0.000038316
 604    5621    -0.032623225
 604     602     0.001497008
 604     603     0.002114493
 604     604     2.070800000
 604     610     0.001379918
 604     611     0.000458052
 604     612     0.000848833
 604     613    -0.000962253
 610    5620     0.004450831
 610    5621    -0.001541772
 610     602     0.002369045
 610     603     0.002304958
 610     604     0.001379918
 610     610     2.015800000
 610     611     0.007047577
 610     612     0.008715043
 610     613    -0.000628750
 611    5620     0.003687236
 611    5621    -0.000763614
 611     602    -0.000475219
 611     603     0.000007662
 611     604     0.000458052
 611     610     0.007047577
 611     611     1.992200000
 611     612     0.020041391
 611     613    -0.000425686
 612    5620     0.015879728
 612    5621    -0.007729837
 612     602    -0.002821998
 612     603    -0.000596024
 612     604     0.000848833
 612     610     0.008715043
 612     611     0.020041391
 612     612     2.037200000
 612     613    -0.000001261
 613    5620    -0.007557424
 613    5621    -0.007275358
 613     602     0.000083812
 613     603     0.004342301
 613     604    -0.000962253
 613     610    -0.000628750
 613     611    -0.000425686
 613     612    -0.000001261
 613     613     1.971900000
