5620    5620     2.310000002
5620    5621    -0.005977225
5620     602     0.002078513
5620     603     0.006036543
5620     604    -0.001922402
5620     610    -0.004874012
5620     611    -0.000297459
5620     612     0.011911770
5620     613     0.005716862
5621    5620    -0.005977225
5621    5621     2.141299995
5621     602    -0.000397299
5621     603     0.021169135
5621     604    -0.033031382
5621     610    -0.000867448
5621     611    -0.000238655
5621     612     0.007658987
5621     613     0.007424849
 602    5620     0.002078513
 602    5621    -0.000397299
 602     602     2.086200000
 602     603     0.003075453
 602     604    -0.001313277
 602     610     0.001919269
 602     611    -0.000248630
 602     612    -0.002517923
 602     613     0.000398500
 603    5620     0.006036543
 603    5621     0.021169135
 603     602     0.003075453
 603     603     2.084900000
 603     604    -0.000419436
 603     610    -0.002305566
 603     611     0.000472805
 603     612     0.000120001
 603     613     0.004054203
 604    5620    -0.001922402
 604    5621    -0.033031382
 604     602    -0.001313277
 604     603    -0.000419436
 604     604     2.073900000
 604     610     0.000359647
 604     611    -0.000759815
 604     612    -0.000647246
 604     613    -0.001213543
 610    5620    -0.004874012
 610    5621    -0.000867448
 610     602     0.001919269
 610     603    -0.002305566
 610     604     0.000359647
 610     610     2.029400000
 610     611    -0.006901537
 610     612     0.009070875
 610     613     0.000531347
 611    5620    -0.000297459
 611    5621    -0.000238655
 611     602    -0.000248630
 611     603     0.000472805
 611     604    -0.000759815
 611     610    -0.006901537
 611     611     1.979000000
 611     612     0.019640565
 611     613    -0.000754678
 612    5620     0.011911770
 612    5621     0.007658987
 612     602    -0.002517923
 612     603     0.000120001
 612     604    -0.000647246
 612     610     0.009070875
 612     611     0.019640565
 612     612     2.049700000
 612     613    -0.000032383
 613    5620     0.005716862
 613    5621     0.007424849
 613     602     0.000398500
 613     603     0.004054203
 613     604    -0.001213543
 613     610     0.000531347
 613     611    -0.000754678
 613     612    -0.000032383
 613     613     2.034300000
