5620    5620    2.282700002
5620    5621    0.005426619
5620     602    0.000580972
5620     603    0.005552216
5620     604    0.000467391
5620     610    0.003288506
5620     611    0.002474901
5620     612    0.008450859
5620     613    0.009245662
5621    5620    0.005426619
5621    5621    2.377099995
5621     602    0.001728526
5621     603    0.022451100
5621     604    0.029014209
5621     610    0.001501499
5621     611    0.000393624
5621     612    0.006770268
5621     613    0.006157022
 602    5620    0.000580972
 602    5621    0.001728526
 602     602    2.115400000
 602     603    0.010028627
 602     604    0.001396550
 602     610    0.001595589
 602     611    0.000077428
 602     612    0.002266169
 602     613    0.000647929
 603    5620    0.005552216
 603    5621    0.022451100
 603     602    0.010028627
 603     603    2.041200000
 603     604    0.001078992
 603     610    0.002257117
 603     611    0.000357352
 603     612    0.000017698
 603     613    0.003407464
 604    5620    0.000467391
 604    5621    0.029014209
 604     602    0.001396550
 604     603    0.001078992
 604     604    2.071800000
 604     610    0.001275475
 604     611    0.000511622
 604     612    0.000447992
 604     613    0.000948808
 610    5620    0.003288506
 610    5621    0.001501499
 610     602    0.001595589
 610     603    0.002257117
 610     604    0.001275475
 610     610    1.995400000
 610     611    0.006663895
 610     612    0.004571150
 610     613    0.000647718
 611    5620    0.002474901
 611    5621    0.000393624
 611     602    0.000077428
 611     603    0.000357352
 611     604    0.000511622
 611     610    0.006663895
 611     611    2.014700000
 611     612    0.017280565
 611     613    0.000804245
 612    5620    0.008450859
 612    5621    0.006770268
 612     602    0.002266169
 612     603    0.000017698
 612     604    0.000447992
 612     610    0.004571150
 612     611    0.017280565
 612     612    2.067300000
 612     613    0.000507454
 613    5620    0.009245662
 613    5621    0.006157022
 613     602    0.000647929
 613     603    0.003407464
 613     604    0.000948808
 613     610    0.000647718
 613     611    0.000804245
 613     612    0.000507454
 613     613    2.002600000
