5620    5620    2.409800002
5620    5621    0.004879973
5620     602    0.000136871
5620     603    0.005422514
5620     604    0.001713938
5620     610    0.007335649
5620     611    0.003674275
5620     612    0.016308504
5620     613    0.006568135
5621    5620    0.004879973
5621    5621    2.386899995
5621     602    0.003368273
5621     603    0.021733092
5621     604    0.028833836
5621     610    0.000947988
5621     611    0.000813675
5621     612    0.007553136
5621     613    0.006554711
 602    5620    0.000136871
 602    5621    0.003368273
 602     602    2.064800000
 602     603    0.011305799
 602     604    0.001646931
 602     610    0.001459970
 602     611    0.000117294
 602     612    0.002809931
 602     613    0.001204664
 603    5620    0.005422514
 603    5621    0.021733092
 603     602    0.011305799
 603     603    1.988300000
 603     604    0.001385803
 603     610    0.002095548
 603     611    0.000130347
 603     612    0.000314163
 603     613    0.003590025
 604    5620    0.001713938
 604    5621    0.028833836
 604     602    0.001646931
 604     603    0.001385803
 604     604    2.049300000
 604     610    0.001552129
 604     611    0.000299684
 604     612    0.001247201
 604     613    0.000856894
 610    5620    0.007335649
 610    5621    0.000947988
 610     602    0.001459970
 610     603    0.002095548
 610     604    0.001552129
 610     610    2.069100000
 610     611    0.006590782
 610     612    0.007531560
 610     613    0.000546938
 611    5620    0.003674275
 611    5621    0.000813675
 611     602    0.000117294
 611     603    0.000130347
 611     604    0.000299684
 611     610    0.006590782
 611     611    2.077200000
 611     612    0.021975043
 611     613    0.000552664
 612    5620    0.016308504
 612    5621    0.007553136
 612     602    0.002809931
 612     603    0.000314163
 612     604    0.001247201
 612     610    0.007531560
 612     611    0.021975043
 612     612    1.985000000
 612     613    0.000015235
 613    5620    0.006568135
 613    5621    0.006554711
 613     602    0.001204664
 613     603    0.003590025
 613     604    0.000856894
 613     610    0.000546938
 613     611    0.000552664
 613     612    0.000015235
 613     613    2.060600000
