5620    5620     2.169900002
5620    5621    -0.005948339
5620     602    -0.000721426
5620     603    -0.005466200
5620     604    -0.003616927
5620     610    -0.011674676
5620     611     0.004760281
5620     612    -0.025233362
5620     613    -0.006986748
5621    5620    -0.005948339
5621    5621     2.393299995
5621     602    -0.001019782
5621     603     0.020168727
5621     604    -0.030191733
5621     610    -0.000477544
5621     611    -0.000062006
5621     612    -0.007721744
5621     613     0.008352621
 602    5620    -0.000721426
 602    5621    -0.001019782
 602     602     2.029100000
 602     603    -0.006787627
 602     604     0.001491705
 602     610     0.001337629
 602     611    -0.000474422
 602     612    -0.002674824
 602     613    -0.000675329
 603    5620    -0.005466200
 603    5621     0.020168727
 603     602    -0.006787627
 603     603     2.126800000
 603     604     0.000213064
 603     610     0.002153799
 603     611     0.000218159
 603     612     0.000210734
 603     613     0.003600916
 604    5620    -0.003616927
 604    5621    -0.030191733
 604     602     0.001491705
 604     603     0.000213064
 604     604     2.058700000
 604     610     0.000345115
 604     611    -0.000698493
 604     612    -0.000379704
 604     613    -0.001185608
 610    5620    -0.011674676
 610    5621    -0.000477544
 610     602     0.001337629
 610     603     0.002153799
 610     604     0.000345115
 610     610     2.040200000
 610     611     0.006029829
 610     612    -0.011920392
 610     613    -0.000678768
 611    5620     0.004760281
 611    5621    -0.000062006
 611     602    -0.000474422
 611     603     0.000218159
 611     604    -0.000698493
 611     610     0.006029829
 611     611     2.101700000
 611     612    -0.021130507
 611     613    -0.000519689
 612    5620    -0.025233362
 612    5621    -0.007721744
 612     602    -0.002674824
 612     603     0.000210734
 612     604    -0.000379704
 612     610    -0.011920392
 612     611    -0.021130507
 612     612     2.019100000
 612     613    -0.000134204
 613    5620    -0.006986748
 613    5621     0.008352621
 613     602    -0.000675329
 613     603     0.003600916
 613     604    -0.001185608
 613     610    -0.000678768
 613     611    -0.000519689
 613     612    -0.000134204
 613     613     2.054200000
