5620    5620    2.514700002
5620    5621    0.005696384
5620     602    0.000934628
5620     603    0.006030225
5620     604    0.000028841
5620     610    0.002386688
5620     611    0.002559167
5620     612    0.007050227
5620     613    0.005537027
5621    5620    0.005696384
5621    5621    2.405099995
5621     602    0.004393707
5621     603    0.028991953
5621     604    0.030188233
5621     610    0.001551592
5621     611    0.000218394
5621     612    0.008008204
5621     613    0.006413355
 602    5620    0.000934628
 602    5621    0.004393707
 602     602    2.116400000
 602     603    0.008547991
 602     604    0.001392250
 602     610    0.000916126
 602     611    0.000893187
 602     612    0.002221996
 602     613    0.001251289
 603    5620    0.006030225
 603    5621    0.028991953
 603     602    0.008547991
 603     603    2.066900000
 603     604    0.001338264
 603     610    0.002117574
 603     611    0.000652852
 603     612    0.000229420
 603     613    0.003883236
 604    5620    0.000028841
 604    5621    0.030188233
 604     602    0.001392250
 604     603    0.001338264
 604     604    2.071100000
 604     610    0.001366965
 604     611    0.000469296
 604     612    0.000857533
 604     613    0.000829316
 610    5620    0.002386688
 610    5621    0.001551592
 610     602    0.000916126
 610     603    0.002117574
 610     604    0.001366965
 610     610    2.071800000
 610     611    0.006188800
 610     612    0.005690363
 610     613    0.000419415
 611    5620    0.002559167
 611    5621    0.000218394
 611     602    0.000893187
 611     603    0.000652852
 611     604    0.000469296
 611     610    0.006188800
 611     611    1.959300000
 611     612    0.017882354
 611     613    0.000957850
 612    5620    0.007050227
 612    5621    0.008008204
 612     602    0.002221996
 612     603    0.000229420
 612     604    0.000857533
 612     610    0.005690363
 612     611    0.017882354
 612     612    2.098000000
 612     613    0.000115407
 613    5620    0.005537027
 613    5621    0.006413355
 613     602    0.001251289
 613     603    0.003883236
 613     604    0.000829316
 613     610    0.000419415
 613     611    0.000957850
 613     612    0.000115407
 613     613    2.053600000
