5620    5620    2.394100002
5620    5621    0.004034163
5620     602    0.001277926
5620     603    0.004860519
5620     604    0.003269090
5620     610    0.003367651
5620     611    0.000634976
5620     612    0.006160973
5620     613    0.008289354
5621    5620    0.004034163
5621    5621    2.424799995
5621     602    0.004559290
5621     603    0.020722898
5621     604    0.026956636
5621     610    0.000786959
5621     611    0.000127975
5621     612    0.006140947
5621     613    0.006731532
 602    5620    0.001277926
 602    5621    0.004559290
 602     602    2.098300000
 602     603    0.005689943
 602     604    0.001570296
 602     610    0.001265337
 602     611    0.000256222
 602     612    0.002078837
 602     613    0.000524228
 603    5620    0.004860519
 603    5621    0.020722898
 603     602    0.005689943
 603     603    2.048900000
 603     604    0.000851301
 603     610    0.001608481
 603     611    0.000437833
 603     612    0.000111814
 603     613    0.003197404
 604    5620    0.003269090
 604    5621    0.026956636
 604     602    0.001570296
 604     603    0.000851301
 604     604    2.112000000
 604     610    0.000445631
 604     611    0.000758570
 604     612    0.000172145
 604     613    0.001118760
 610    5620    0.003367651
 610    5621    0.000786959
 610     602    0.001265337
 610     603    0.001608481
 610     604    0.000445631
 610     610    2.119200000
 610     611    0.005777840
 610     612    0.003680923
 610     613    0.000618487
 611    5620    0.000634976
 611    5621    0.000127975
 611     602    0.000256222
 611     603    0.000437833
 611     604    0.000758570
 611     610    0.005777840
 611     611    2.015300000
 611     612    0.015777793
 611     613    0.001137267
 612    5620    0.006160973
 612    5621    0.006140947
 612     602    0.002078837
 612     603    0.000111814
 612     604    0.000172145
 612     610    0.003680923
 612     611    0.015777793
 612     612    2.035800000
 612     613    0.000195205
 613    5620    0.008289354
 613    5621    0.006731532
 613     602    0.000524228
 613     603    0.003197404
 613     604    0.001118760
 613     610    0.000618487
 613     611    0.001137267
 613     612    0.000195205
 613     613    1.981100000
