5620    5620     2.393900002
5620    5621     0.004817464
5620     602    -0.002383679
5620     603    -0.006293769
5620     604     0.000783982
5620     610     0.006702678
5620     611    -0.003709270
5620     612     0.021373870
5620     613    -0.003126341
5621    5620     0.004817464
5621    5621     2.487199995
5621     602    -0.004861313
5621     603     0.022471454
5621     604     0.028628547
5621     610    -0.000921563
5621     611    -0.000689145
5621     612     0.008100052
5621     613    -0.006647429
 602    5620    -0.002383679
 602    5621    -0.004861313
 602     602     1.949800000
 602     603     0.006511261
 602     604    -0.001488323
 602     610    -0.002250696
 602     611    -0.000714497
 602     612     0.002851613
 602     613     0.000081969
 603    5620    -0.006293769
 603    5621     0.022471454
 603     602     0.006511261
 603     603     1.971400000
 603     604    -0.001019421
 603     610    -0.002391203
 603     611     0.000162513
 603     612     0.000157516
 603     613     0.004690023
 604    5620     0.000783982
 604    5621     0.028628547
 604     602    -0.001488323
 604     603    -0.001019421
 604     604     2.015100000
 604     610     0.001434733
 604     611    -0.000518408
 604     612     0.001110581
 604     613     0.001332797
 610    5620     0.006702678
 610    5621    -0.000921563
 610     602    -0.002250696
 610     603    -0.002391203
 610     604     0.001434733
 610     610     2.061600000
 610     611    -0.006063676
 610     612     0.006704137
 610     613     0.000407837
 611    5620    -0.003709270
 611    5621    -0.000689145
 611     602    -0.000714497
 611     603     0.000162513
 611     604    -0.000518408
 611     610    -0.006063676
 611     611     2.049600000
 611     612    -0.019773461
 611     613     0.000524829
 612    5620     0.021373870
 612    5621     0.008100052
 612     602     0.002851613
 612     603     0.000157516
 612     604     0.001110581
 612     610     0.006704137
 612     611    -0.019773461
 612     612     2.011400000
 612     613    -0.000081546
 613    5620    -0.003126341
 613    5621    -0.006647429
 613     602     0.000081969
 613     603     0.004690023
 613     604     0.001332797
 613     610     0.000407837
 613     611     0.000524829
 613     612    -0.000081546
 613     613     2.052500000
