5620    5620    2.446400002
5620    5621    0.005452495
5620     602    0.000945599
5620     603    0.006485473
5620     604    0.002773828
5620     610    0.001918174
5620     611    0.001789756
5620     612    0.016855225
5620     613    0.007555889
5621    5620    0.005452495
5621    5621    2.118399995
5621     602    0.001376386
5621     603    0.027855205
5621     604    0.026455144
5621     610    0.004507667
5621     611    0.000529456
5621     612    0.006427778
5621     613    0.009380198
 602    5620    0.000945599
 602    5621    0.001376386
 602     602    2.106400000
 602     603    0.006908572
 602     604    0.001257383
 602     610    0.002361525
 602     611    0.000395692
 602     612    0.002219389
 602     613    0.000515603
 603    5620    0.006485473
 603    5621    0.027855205
 603     602    0.006908572
 603     603    2.014700000
 603     604    0.000543529
 603     610    0.002645461
 603     611    0.000498221
 603     612    0.000093301
 603     613    0.004144432
 604    5620    0.002773828
 604    5621    0.026455144
 604     602    0.001257383
 604     603    0.000543529
 604     604    2.095100000
 604     610    0.002206496
 604     611    0.000727124
 604     612    0.000505870
 604     613    0.001021463
 610    5620    0.001918174
 610    5621    0.004507667
 610     602    0.002361525
 610     603    0.002645461
 610     604    0.002206496
 610     610    1.967700000
 610     611    0.007196266
 610     612    0.007354291
 610     613    0.000478492
 611    5620    0.001789756
 611    5621    0.000529456
 611     602    0.000395692
 611     603    0.000498221
 611     604    0.000727124
 611     610    0.007196266
 611     611    2.049900000
 611     612    0.017657397
 611     613    0.000797842
 612    5620    0.016855225
 612    5621    0.006427778
 612     602    0.002219389
 612     603    0.000093301
 612     604    0.000505870
 612     610    0.007354291
 612     611    0.017657397
 612     612    2.054400000
 612     613    0.000041710
 613    5620    0.007555889
 613    5621    0.009380198
 613     602    0.000515603
 613     603    0.004144432
 613     604    0.001021463
 613     610    0.000478492
 613     611    0.000797842
 613     612    0.000041710
 613     613    2.029700000
