5620    5620     2.262000002
5620    5621    -0.006861039
5620     602    -0.000065795
5620     603    -0.006778487
5620     604     0.006502540
5620     610     0.008741549
5620     611    -0.000420419
5620     612    -0.019973151
5620     613    -0.008312537
5621    5620    -0.006861039
5621    5621     2.132099995
5621     602     0.006263508
5621     603     0.022311308
5621     604    -0.029104584
5621     610     0.001800504
5621     611     0.000565739
5621     612     0.007504421
5621     613    -0.007596576
 602    5620    -0.000065795
 602    5621     0.006263508
 602     602     2.095000000
 602     603    -0.010704727
 602     604    -0.001729736
 602     610    -0.001470431
 602     611     0.000241000
 602     612     0.002645645
 602     613     0.001135583
 603    5620    -0.006778487
 603    5621     0.022311308
 603     602    -0.010704727
 603     603     2.023700000
 603     604    -0.000264348
 603     610     0.002792908
 603     611    -0.000611739
 603     612    -0.000267497
 603     613     0.004057667
 604    5620     0.006502540
 604    5621    -0.029104584
 604     602    -0.001729736
 604     603    -0.000264348
 604     604     2.026700000
 604     610     0.000752483
 604     611     0.001001778
 604     612     0.001276020
 604     613    -0.001159623
 610    5620     0.008741549
 610    5621     0.001800504
 610     602    -0.001470431
 610     603     0.002792908
 610     604     0.000752483
 610     610     1.946200000
 610     611    -0.007203249
 610     612    -0.015847250
 610     613    -0.000711868
 611    5620    -0.000420419
 611    5621     0.000565739
 611     602     0.000241000
 611     603    -0.000611739
 611     604     0.001001778
 611     610    -0.007203249
 611     611     1.987800000
 611     612    -0.019606646
 611     613     0.000969224
 612    5620    -0.019973151
 612    5621     0.007504421
 612     602     0.002645645
 612     603    -0.000267497
 612     604     0.001276020
 612     610    -0.015847250
 612     611    -0.019606646
 612     612     2.027100000
 612     613     0.000128944
 613    5620    -0.008312537
 613    5621    -0.007596576
 613     602     0.001135583
 613     603     0.004057667
 613     604    -0.001159623
 613     610    -0.000711868
 613     611     0.000969224
 613     612     0.000128944
 613     613     2.066800000
