5620    5620    2.314300002
5620    5621    0.005450702
5620     602    0.000903439
5620     603    0.005993333
5620     604    0.002679072
5620     610    0.002076533
5620     611    0.000363512
5620     612    0.006182823
5620     613    0.007575685
5621    5620    0.005450702
5621    5621    2.443099995
5621     602    0.005987450
5621     603    0.021955926
5621     604    0.033379522
5621     610    0.002266056
5621     611    0.000341084
5621     612    0.007162674
5621     613    0.007599633
 602    5620    0.000903439
 602    5621    0.005987450
 602     602    2.040100000
 602     603    0.010485298
 602     604    0.001792176
 602     610    0.001908503
 602     611    0.000133642
 602     612    0.002689971
 602     613    0.000940385
 603    5620    0.005993333
 603    5621    0.021955926
 603     602    0.010485298
 603     603    2.055400000
 603     604    0.000528187
 603     610    0.001865589
 603     611    0.000299078
 603     612    0.000296412
 603     613    0.004208883
 604    5620    0.002679072
 604    5621    0.033379522
 604     602    0.001792176
 604     603    0.000528187
 604     604    1.992800000
 604     610    0.001547649
 604     611    0.000769591
 604     612    0.000339338
 604     613    0.001317624
 610    5620    0.002076533
 610    5621    0.002266056
 610     602    0.001908503
 610     603    0.001865589
 610     604    0.001547649
 610     610    2.082900000
 610     611    0.005964671
 610     612    0.001054868
 610     613    0.000493372
 611    5620    0.000363512
 611    5621    0.000341084
 611     602    0.000133642
 611     603    0.000299078
 611     604    0.000769591
 611     610    0.005964671
 611     611    1.984700000
 611     612    0.020669811
 611     613    0.000717262
 612    5620    0.006182823
 612    5621    0.007162674
 612     602    0.002689971
 612     603    0.000296412
 612     604    0.000339338
 612     610    0.001054868
 612     611    0.020669811
 612     612    2.020700000
 612     613    0.000518769
 613    5620    0.007575685
 613    5621    0.007599633
 613     602    0.000940385
 613     603    0.004208883
 613     604    0.001317624
 613     610    0.000493372
 613     611    0.000717262
 613     612    0.000518769
 613     613    1.970700000
