5620    5620    2.451400002
5620    5621    0.004499807
5620     602    0.001257687
5620     603    0.005714787
5620     604    0.002931023
5620     610    0.002018749
5620     611    0.001235151
5620     612    0.008963195
5620     613    0.008736216
5621    5620    0.004499807
5621    5621    2.327599995
5621     602    0.001850958
5621     603    0.027285011
5621     604    0.026093106
5621     610    0.001951248
5621     611    0.000942284
5621     612    0.007014438
5621     613    0.005961695
 602    5620    0.001257687
 602    5621    0.001850958
 602     602    2.009400000
 602     603    0.010308572
 602     604    0.001592533
 602     610    0.001907238
 602     611    0.000664722
 602     612    0.002784134
 602     613    0.000407353
 603    5620    0.005714787
 603    5621    0.027285011
 603     602    0.010308572
 603     603    2.046600000
 603     604    0.000638870
 603     610    0.002035185
 603     611    0.000617411
 603     612    0.000189598
 603     613    0.002946241
 604    5620    0.002931023
 604    5621    0.026093106
 604     602    0.001592533
 604     603    0.000638870
 604     604    2.140200000
 604     610    0.000778544
 604     611    0.000774333
 604     612    0.000421587
 604     613    0.000829109
 610    5620    0.002018749
 610    5621    0.001951248
 610     602    0.001907238
 610     603    0.002035185
 610     604    0.000778544
 610     610    2.049200000
 610     611    0.006715444
 610     612    0.005304316
 610     613    0.000666060
 611    5620    0.001235151
 611    5621    0.000942284
 611     602    0.000664722
 611     603    0.000617411
 611     604    0.000774333
 611     610    0.006715444
 611     611    2.027300000
 611     612    0.018760441
 611     613    0.001112612
 612    5620    0.008963195
 612    5621    0.007014438
 612     602    0.002784134
 612     603    0.000189598
 612     604    0.000421587
 612     610    0.005304316
 612     611    0.018760441
 612     612    2.082600000
 612     613    0.000170315
 613    5620    0.008736216
 613    5621    0.005961695
 613     602    0.000407353
 613     603    0.002946241
 613     604    0.000829109
 613     610    0.000666060
 613     611    0.001112612
 613     612    0.000170315
 613     613    2.040000000
