5620    5620    2.347500002
5620    5621    0.003918696
5620     602    0.000605327
5620     603    0.006035448
5620     604    0.000129482
5620     610    0.002189168
5620     611    0.000876485
5620     612    0.000654548
5620     613    0.006432936
5621    5620    0.003918696
5621    5621    2.334799995
5621     602    0.001219440
5621     603    0.022395218
5621     604    0.027158050
5621     610    0.002536666
5621     611    0.000346783
5621     612    0.008180347
5621     613    0.009023977
 602    5620    0.000605327
 602    5621    0.001219440
 602     602    2.107800000
 602     603    0.005115314
 602     604    0.001352485
 602     610    0.001850443
 602     611    0.000027029
 602     612    0.002337030
 602     613    0.000854354
 603    5620    0.006035448
 603    5621    0.022395218
 603     602    0.005115314
 603     603    2.038800000
 603     604    0.000618928
 603     610    0.002470902
 603     611    0.000366207
 603     612    0.000229525
 603     613    0.004678206
 604    5620    0.000129482
 604    5621    0.027158050
 604     602    0.001352485
 604     603    0.000618928
 604     604    2.078100000
 604     610    0.002005543
 604     611    0.000496828
 604     612    0.000724756
 604     613    0.000963080
 610    5620    0.002189168
 610    5621    0.002536666
 610     602    0.001850443
 610     603    0.002470902
 610     604    0.002005543
 610     610    2.040200000
 610     611    0.007667416
 610     612    0.003933197
 610     613    0.000632327
 611    5620    0.000876485
 611    5621    0.000346783
 611     602    0.000027029
 611     603    0.000366207
 611     604    0.000496828
 611     610    0.007667416
 611     611    2.013800000
 611     612    0.017033152
 611     613    0.000909633
 612    5620    0.000654548
 612    5621    0.008180347
 612     602    0.002337030
 612     603    0.000229525
 612     604    0.000724756
 612     610    0.003933197
 612     611    0.017033152
 612     612    1.990200000
 612     613    0.000308790
 613    5620    0.006432936
 613    5621    0.009023977
 613     602    0.000854354
 613     603    0.004678206
 613     604    0.000963080
 613     610    0.000632327
 613     611    0.000909633
 613     612    0.000308790
 613     613    2.015900000
