5620    5620    2.309000002
5620    5621    0.003709508
5620     602    0.000433520
5620     603    0.006421204
5620     604    0.002050859
5620     610    0.004650690
5620     611    0.000815395
5620     612    0.012386167
5620     613    0.008419980
5621    5620    0.003709508
5621    5621    2.254699995
5621     602    0.002154355
5621     603    0.010317882
5621     604    0.027600830
5621     610    0.001272720
5621     611    0.000270872
5621     612    0.007791729
5621     613    0.005025617
 602    5620    0.000433520
 602    5621    0.002154355
 602     602    2.015700000
 602     603    0.006859343
 602     604    0.001766345
 602     610    0.001688551
 602     611    0.000508422
 602     612    0.002680147
 602     613    0.000767969
 603    5620    0.006421204
 603    5621    0.010317882
 603     602    0.006859343
 603     603    1.998100000
 603     604    0.000020486
 603     610    0.002191506
 603     611    0.000548988
 603     612    0.000235656
 603     613    0.003657332
 604    5620    0.002050859
 604    5621    0.027600830
 604     602    0.001766345
 604     603    0.000020486
 604     604    2.053300000
 604     610    0.001110156
 604     611    0.000646337
 604     612    0.000037670
 604     613    0.000986905
 610    5620    0.004650690
 610    5621    0.001272720
 610     602    0.001688551
 610     603    0.002191506
 610     604    0.001110156
 610     610    2.000100000
 610     611    0.006115953
 610     612    0.007281757
 610     613    0.000629267
 611    5620    0.000815395
 611    5621    0.000270872
 611     602    0.000508422
 611     603    0.000548988
 611     604    0.000646337
 611     610    0.006115953
 611     611    2.059900000
 611     612    0.017333463
 611     613    0.000956345
 612    5620    0.012386167
 612    5621    0.007791729
 612     602    0.002680147
 612     603    0.000235656
 612     604    0.000037670
 612     610    0.007281757
 612     611    0.017333463
 612     612    1.990600000
 612     613    0.000302924
 613    5620    0.008419980
 613    5621    0.005025617
 613     602    0.000767969
 613     603    0.003657332
 613     604    0.000986905
 613     610    0.000629267
 613     611    0.000956345
 613     612    0.000302924
 613     613    2.017700000
