5620    5620    2.431700002
5620    5621    0.007807427
5620     602    0.001995635
5620     603    0.006091771
5620     604    0.001160452
5620     610    0.001023184
5620     611    0.001043674
5620     612    0.000961474
5620     613    0.006556447
5621    5620    0.007807427
5621    5621    2.401499995
5621     602    0.003114299
5621     603    0.025920253
5621     604    0.029871712
5621     610    0.003387508
5621     611    0.000140234
5621     612    0.006650557
5621     613    0.008582651
 602    5620    0.001995635
 602    5621    0.003114299
 602     602    2.016900000
 602     603    0.006193842
 602     604    0.001444809
 602     610    0.002131567
 602     611    0.000064047
 602     612    0.002315795
 602     613    0.000142665
 603    5620    0.006091771
 603    5621    0.025920253
 603     602    0.006193842
 603     603    1.993600000
 603     604    0.000230740
 603     610    0.002447341
 603     611    0.000478436
 603     612    0.000347374
 603     613    0.004009458
 604    5620    0.001160452
 604    5621    0.029871712
 604     602    0.001444809
 604     603    0.000230740
 604     604    2.075600000
 604     610    0.001799352
 604     611    0.000510518
 604     612    0.000231127
 604     613    0.000877566
 610    5620    0.001023184
 610    5621    0.003387508
 610     602    0.002131567
 610     603    0.002447341
 610     604    0.001799352
 610     610    2.000600000
 610     611    0.006395184
 610     612    0.004129148
 610     613    0.000575830
 611    5620    0.001043674
 611    5621    0.000140234
 611     602    0.000064047
 611     603    0.000478436
 611     604    0.000510518
 611     610    0.006395184
 611     611    2.038200000
 611     612    0.016228207
 611     613    0.000787004
 612    5620    0.000961474
 612    5621    0.006650557
 612     602    0.002315795
 612     603    0.000347374
 612     604    0.000231127
 612     610    0.004129148
 612     611    0.016228207
 612     612    2.102900000
 612     613    0.000359169
 613    5620    0.006556447
 613    5621    0.008582651
 613     602    0.000142665
 613     603    0.004009458
 613     604    0.000877566
 613     610    0.000575830
 613     611    0.000787004
 613     612    0.000359169
 613     613    2.036700000
