5620    5620    2.511300002
5620    5621    0.004454192
5620     602    0.000769966
5620     603    0.005910867
5620     604    0.001960126
5620     610    0.000377853
5620     611    0.001801384
5620     612    0.013020109
5620     613    0.008702327
5621    5620    0.004454192
5621    5621    2.245099995
5621     602    0.001813390
5621     603    0.019371184
5621     604    0.027201237
5621     610    0.002971834
5621     611    0.000035837
5621     612    0.006766846
5621     613    0.007045399
 602    5620    0.000769966
 602    5621    0.001813390
 602     602    2.042700000
 602     603    0.009166875
 602     604    0.001962705
 602     610    0.002106470
 602     611    0.000104060
 602     612    0.002807095
 602     613    0.000940979
 603    5620    0.005910867
 603    5621    0.019371184
 603     602    0.009166875
 603     603    2.011200000
 603     604    0.000789094
 603     610    0.002217840
 603     611    0.000347208
 603     612    0.000248421
 603     613    0.004601400
 604    5620    0.001960126
 604    5621    0.027201237
 604     602    0.001962705
 604     603    0.000789094
 604     604    2.105100000
 604     610    0.001483184
 604     611    0.000638923
 604     612    0.000000762
 604     613    0.001172686
 610    5620    0.000377853
 610    5621    0.002971834
 610     602    0.002106470
 610     603    0.002217840
 610     604    0.001483184
 610     610    2.071000000
 610     611    0.006656691
 610     612    0.007667416
 610     613    0.000662248
 611    5620    0.001801384
 611    5621    0.000035837
 611     602    0.000104060
 611     603    0.000347208
 611     604    0.000638923
 611     610    0.006656691
 611     611    2.046300000
 611     612    0.012925634
 611     613    0.000842370
 612    5620    0.013020109
 612    5621    0.006766846
 612     602    0.002807095
 612     603    0.000248421
 612     604    0.000000762
 612     610    0.007667416
 612     611    0.012925634
 612     612    1.986200000
 612     613    0.000068016
 613    5620    0.008702327
 613    5621    0.007045399
 613     602    0.000940979
 613     603    0.004601400
 613     604    0.001172686
 613     610    0.000662248
 613     611    0.000842370
 613     612    0.000068016
 613     613    1.999900000
