5620    5620     2.295300002
5620    5621     0.005532035
5620     602     0.000543438
5620     603     0.006020230
5620     604    -0.000335276
5620     610     0.000997610
5620     611     0.000192791
5620     612    -0.011158668
5620     613     0.007962424
5621    5620     0.005532035
5621    5621     2.247599995
5621     602    -0.002829853
5621     603     0.032687334
5621     604    -0.030882981
5621     610    -0.001843103
5621     611    -0.000124415
5621     612    -0.007338840
5621     613     0.008728353
 602    5620     0.000543438
 602    5621    -0.002829853
 602     602     2.073200000
 602     603     0.011824079
 602     604     0.001493103
 602     610     0.001025231
 602     611    -0.000288500
 602     612    -0.002235790
 602     613    -0.001300596
 603    5620     0.006020230
 603    5621     0.032687334
 603     602     0.011824079
 603     603     2.067400000
 603     604    -0.001594845
 603     610    -0.002163907
 603     611    -0.000355463
 603     612     0.000529962
 603     613     0.004184391
 604    5620    -0.000335276
 604    5621    -0.030882981
 604     602     0.001493103
 604     603    -0.001594845
 604     604     2.022800000
 604     610     0.001073701
 604     611    -0.000580667
 604     612    -0.000610216
 604     613    -0.001152933
 610    5620     0.000997610
 610    5621    -0.001843103
 610     602     0.001025231
 610     603    -0.002163907
 610     604     0.001073701
 610     610     2.000100000
 610     611    -0.006722461
 610     612     0.008973026
 610     613    -0.000767937
 611    5620     0.000192791
 611    5621    -0.000124415
 611     602    -0.000288500
 611     603    -0.000355463
 611     604    -0.000580667
 611     610    -0.006722461
 611     611     2.023600000
 611     612    -0.017357975
 611     613     0.000842429
 612    5620    -0.011158668
 612    5621    -0.007338840
 612     602    -0.002235790
 612     603     0.000529962
 612     604    -0.000610216
 612     610     0.008973026
 612     611    -0.017357975
 612     612     2.004300000
 612     613    -0.000167911
 613    5620     0.007962424
 613    5621     0.008728353
 613     602    -0.001300596
 613     603     0.004184391
 613     604    -0.001152933
 613     610    -0.000767937
 613     611     0.000842429
 613     612    -0.000167911
 613     613     2.047500000
