5620    5620     2.473100002
5620    5621    -0.006399044
5620     602     0.000476326
5620     603     0.005248370
5620     604     0.000757274
5620     610     0.006868358
5620     611     0.001133796
5620     612     0.014172996
5620     613     0.007143082
5621    5620    -0.006399044
5621    5621     2.208599995
5621     602     0.004903863
5621     603     0.018665631
5621     604     0.031933574
5621     610    -0.001283668
5621     611    -0.000122420
5621     612    -0.007627950
5621     613     0.009179469
 602    5620     0.000476326
 602    5621     0.004903863
 602     602     1.996000000
 602     603    -0.009862743
 602     604    -0.001690607
 602     610     0.001335539
 602     611    -0.000035862
 602     612    -0.002999992
 602     613     0.001101704
 603    5620     0.005248370
 603    5621     0.018665631
 603     602    -0.009862743
 603     603     2.122900000
 603     604    -0.000284698
 603     610     0.002007560
 603     611    -0.000404342
 603     612    -0.000047208
 603     613     0.003357552
 604    5620     0.000757274
 604    5621     0.031933574
 604     602    -0.001690607
 604     603    -0.000284698
 604     604     2.119600000
 604     610    -0.000666544
 604     611    -0.000467127
 604     612     0.000613358
 604     613     0.000890090
 610    5620     0.006868358
 610    5621    -0.001283668
 610     602     0.001335539
 610     603     0.002007560
 610     604    -0.000666544
 610     610     2.040800000
 610     611     0.006611355
 610     612    -0.008754269
 610     613     0.000724065
 611    5620     0.001133796
 611    5621    -0.000122420
 611     602    -0.000035862
 611     603    -0.000404342
 611     604    -0.000467127
 611     610     0.006611355
 611     611     2.087900000
 611     612    -0.017911831
 611     613     0.000856816
 612    5620     0.014172996
 612    5621    -0.007627950
 612     602    -0.002999992
 612     603    -0.000047208
 612     604     0.000613358
 612     610    -0.008754269
 612     611    -0.017911831
 612     612     2.031300000
 612     613    -0.000043811
 613    5620     0.007143082
 613    5621     0.009179469
 613     602     0.001101704
 613     603     0.003357552
 613     604     0.000890090
 613     610     0.000724065
 613     611     0.000856816
 613     612    -0.000043811
 613     613     2.067700000
