5620    5620     2.342900002
5620    5621    -0.005612272
5620     602    -0.001330638
5620     603    -0.005668369
5620     604    -0.001653034
5620     610    -0.002858877
5620     611    -0.001970235
5620     612    -0.000009240
5620     613     0.008172242
5621    5620    -0.005612272
5621    5621     2.239099995
5621     602    -0.001066133
5621     603    -0.016239985
5621     604     0.028077855
5621     610    -0.001434172
5621     611     0.000068244
5621     612     0.007087314
5621     613     0.006583470
 602    5620    -0.001330638
 602    5621    -0.001066133
 602     602     2.099900000
 602     603     0.004192685
 602     604     0.001192541
 602     610     0.001633292
 602     611    -0.000632166
 602     612    -0.002040173
 602     613    -0.000074873
 603    5620    -0.005668369
 603    5621    -0.016239985
 603     602     0.004192685
 603     603     2.128900000
 603     604     0.000151647
 603     610    -0.001890729
 603     611     0.000209785
 603     612    -0.000377773
 603     613     0.003429094
 604    5620    -0.001653034
 604    5621     0.028077855
 604     602     0.001192541
 604     603     0.000151647
 604     604     2.096700000
 604     610     0.001066540
 604     611    -0.000572730
 604     612     0.000366983
 604     613    -0.000849340
 610    5620    -0.002858877
 610    5621    -0.001434172
 610     602     0.001633292
 610     603    -0.001890729
 610     604     0.001066540
 610     610     2.080800000
 610     611     0.005486301
 610     612     0.002748648
 610     613     0.000596217
 611    5620    -0.001970235
 611    5621     0.000068244
 611     602    -0.000632166
 611     603     0.000209785
 611     604    -0.000572730
 611     610     0.005486301
 611     611     2.063900000
 611     612    -0.017332416
 611     613     0.000568186
 612    5620    -0.000009240
 612    5621     0.007087314
 612     602    -0.002040173
 612     603    -0.000377773
 612     604     0.000366983
 612     610     0.002748648
 612     611    -0.017332416
 612     612     2.074900000
 612     613     0.000405648
 613    5620     0.008172242
 613    5621     0.006583470
 613     602    -0.000074873
 613     603     0.003429094
 613     604    -0.000849340
 613     610     0.000596217
 613     611     0.000568186
 613     612     0.000405648
 613     613     2.065900000
