5620    5620     2.406400002
5620    5621     0.006116820
5620     602     0.001025432
5620     603     0.005778784
5620     604     0.003278509
5620     610    -0.006602825
5620     611    -0.000438392
5620     612    -0.009164108
5620     613    -0.009183831
5621    5620     0.006116820
5621    5621     2.171599995
5621     602     0.000818161
5621     603    -0.024759233
5621     604    -0.027972998
5621     610    -0.003584326
5621     611    -0.000058801
5621     612    -0.007152542
5621     613     0.009984397
 602    5620     0.001025432
 602    5621     0.000818161
 602     602     2.073000000
 602     603     0.007462840
 602     604    -0.001274257
 602     610    -0.002133942
 602     611    -0.000296454
 602     612     0.002595994
 602     613    -0.000544239
 603    5620     0.005778784
 603    5621    -0.024759233
 603     602     0.007462840
 603     603     2.054800000
 603     604     0.000666810
 603     610    -0.001853410
 603     611    -0.000284164
 603     612    -0.000293761
 603     613     0.003992692
 604    5620     0.003278509
 604    5621    -0.027972998
 604     602    -0.001274257
 604     603     0.000666810
 604     604     2.159800000
 604     610     0.001237278
 604     611    -0.000709342
 604     612     0.000682714
 604     613     0.001039145
 610    5620    -0.006602825
 610    5621    -0.003584326
 610     602    -0.002133942
 610     603    -0.001853410
 610     604     0.001237278
 610     610     2.052000000
 610     611     0.006393946
 610     612     0.005914284
 610     613    -0.000536341
 611    5620    -0.000438392
 611    5621    -0.000058801
 611     602    -0.000296454
 611     603    -0.000284164
 611     604    -0.000709342
 611     610     0.006393946
 611     611     2.105900000
 611     612     0.015824255
 611     613    -0.000848132
 612    5620    -0.009164108
 612    5621    -0.007152542
 612     602     0.002595994
 612     603    -0.000293761
 612     604     0.000682714
 612     610     0.005914284
 612     611     0.015824255
 612     612     2.016100000
 612     613    -0.000157190
 613    5620    -0.009183831
 613    5621     0.009984397
 613     602    -0.000544239
 613     603     0.003992692
 613     604     0.001039145
 613     610    -0.000536341
 613     611    -0.000848132
 613     612    -0.000157190
 613     613     1.936800000
