5620    5620    2.155900002
5620    5621    0.008018273
5620     602    0.000683831
5620     603    0.005549094
5620     604    0.000217861
5620     610    0.004113823
5620     611    0.000056045
5620     612    0.019347892
5620     613    0.008916742
5621    5620    0.008018273
5621    5621    2.248399995
5621     602    0.000986662
5621     603    0.027124756
5621     604    0.029526838
5621     610    0.000919228
5621     611    0.000437256
5621     612    0.008074827
5621     613    0.007420382
 602    5620    0.000683831
 602    5621    0.000986662
 602     602    2.066400000
 602     603    0.012570594
 602     604    0.001461862
 602     610    0.001412853
 602     611    0.000277197
 602     612    0.002506557
 602     613    0.000564513
 603    5620    0.005549094
 603    5621    0.027124756
 603     602    0.012570594
 603     603    2.015600000
 603     604    0.001181824
 603     610    0.001766904
 603     611    0.000467454
 603     612    0.000465478
 603     613    0.003025401
 604    5620    0.000217861
 604    5621    0.029526838
 604     602    0.001461862
 604     603    0.001181824
 604     604    2.122300000
 604     610    0.000910351
 604     611    0.000463219
 604     612    0.000544473
 604     613    0.000701794
 610    5620    0.004113823
 610    5621    0.000919228
 610     602    0.001412853
 610     603    0.001766904
 610     604    0.000910351
 610     610    2.086900000
 610     611    0.006060553
 610     612    0.008612594
 610     613    0.000579110
 611    5620    0.000056045
 611    5621    0.000437256
 611     602    0.000277197
 611     603    0.000467454
 611     604    0.000463219
 611     610    0.006060553
 611     611    2.034700000
 611     612    0.018009391
 611     613    0.000965670
 612    5620    0.019347892
 612    5621    0.008074827
 612     602    0.002506557
 612     603    0.000465478
 612     604    0.000544473
 612     610    0.008612594
 612     611    0.018009391
 612     612    2.018100000
 612     613    0.000072134
 613    5620    0.008916742
 613    5621    0.007420382
 613     602    0.000564513
 613     603    0.003025401
 613     604    0.000701794
 613     610    0.000579110
 613     611    0.000965670
 613     612    0.000072134
 613     613    1.981400000
