5620    5620    2.108800002
5620    5621    0.006303902
5620     602    0.002138868
5620     603    0.006314859
5620     604    0.002337813
5620     610    0.002312309
5620     611    0.000165469
5620     612    0.011138730
5620     613    0.012248901
5621    5620    0.006303902
5621    5621    2.305899995
5621     602    0.002902359
5621     603    0.021084246
5621     604    0.031417799
5621     610    0.002594032
5621     611    0.000081442
5621     612    0.007610800
5621     613    0.006802887
 602    5620    0.002138868
 602    5621    0.002902359
 602     602    2.072800000
 602     603    0.007193119
 602     604    0.001283056
 602     610    0.002449113
 602     611    0.001071476
 602     612    0.002539900
 602     613    0.000575484
 603    5620    0.006314859
 603    5621    0.021084246
 603     602    0.007193119
 603     603    2.013000000
 603     604    0.000352743
 603     610    0.002190753
 603     611    0.000552584
 603     612    0.000004410
 603     613    0.003278110
 604    5620    0.002337813
 604    5621    0.031417799
 604     602    0.001283056
 604     603    0.000352743
 604     604    2.127400000
 604     610    0.001452064
 604     611    0.000649675
 604     612    0.000279360
 604     613    0.000918759
 610    5620    0.002312309
 610    5621    0.002594032
 610     602    0.002449113
 610     603    0.002190753
 610     604    0.001452064
 610     610    1.985800000
 610     611    0.005802585
 610     612    0.006358737
 610     613    0.000688385
 611    5620    0.000165469
 611    5621    0.000081442
 611     602    0.001071476
 611     603    0.000552584
 611     604    0.000649675
 611     610    0.005802585
 611     611    2.002200000
 611     612    0.015875922
 611     613    0.001131780
 612    5620    0.011138730
 612    5621    0.007610800
 612     602    0.002539900
 612     603    0.000004410
 612     604    0.000279360
 612     610    0.006358737
 612     611    0.015875922
 612     612    2.081800000
 612     613    0.000233337
 613    5620    0.012248901
 613    5621    0.006802887
 613     602    0.000575484
 613     603    0.003278110
 613     604    0.000918759
 613     610    0.000688385
 613     611    0.001131780
 613     612    0.000233337
 613     613    1.926100000
