5620    5620     2.350300002
5620    5621    -0.005797535
5620     602    -0.001150151
5620     603    -0.005581667
5620     604     0.000612029
5620     610    -0.001067148
5620     611     0.001285762
5620     612     0.008540939
5620     613     0.007386830
5621    5620    -0.005797535
5621    5621     2.316599995
5621     602    -0.001925656
5621     603    -0.023438825
5621     604     0.025199234
5621     610     0.002837772
5621     611    -0.000003940
5621     612     0.007432439
5621     613    -0.006568249
 602    5620    -0.001150151
 602    5621    -0.001925656
 602     602     2.085200000
 602     603     0.009646381
 602     604    -0.001344136
 602     610     0.002085266
 602     611    -0.000496422
 602     612    -0.002707989
 602     613     0.000413164
 603    5620    -0.005581667
 603    5621    -0.023438825
 603     602     0.009646381
 603     603     2.046700000
 603     604    -0.000730044
 603     610    -0.002186223
 603     611     0.000347312
 603     612     0.000034786
 603     613     0.003084798
 604    5620     0.000612029
 604    5621     0.025199234
 604     602    -0.001344136
 604     603    -0.000730044
 604     604     2.071500000
 604     610     0.001517596
 604     611    -0.000318562
 604     612    -0.000812817
 604     613    -0.000660838
 610    5620    -0.001067148
 610    5621     0.002837772
 610     602     0.002085266
 610     603    -0.002186223
 610     604     0.001517596
 610     610     2.082500000
 610     611    -0.005638707
 610     612    -0.004161380
 610     613     0.000505025
 611    5620     0.001285762
 611    5621    -0.000003940
 611     602    -0.000496422
 611     603     0.000347312
 611     604    -0.000318562
 611     610    -0.005638707
 611     611     2.114400000
 611     612     0.015428383
 611     613     0.000658323
 612    5620     0.008540939
 612    5621     0.007432439
 612     602    -0.002707989
 612     603     0.000034786
 612     604    -0.000812817
 612     610    -0.004161380
 612     611     0.015428383
 612     612     2.083900000
 612     613     0.000294242
 613    5620     0.007386830
 613    5621    -0.006568249
 613     602     0.000413164
 613     603     0.003084798
 613     604    -0.000660838
 613     610     0.000505025
 613     611     0.000658323
 613     612     0.000294242
 613     613     2.084000000
