5620    5620     2.298800002
5620    5621     0.005227994
5620     602     0.002605698
5620     603    -0.005366099
5620     604    -0.003503027
5620     610    -0.003030030
5620     611     0.001894416
5620     612    -0.003070302
5620     613    -0.006032368
5621    5620     0.005227994
5621    5621     2.384899995
5621     602     0.006337748
5621     603    -0.028388730
5621     604     0.027393014
5621     610    -0.001406662
5621     611     0.000464075
5621     612     0.006674339
5621     613     0.006602271
 602    5620     0.002605698
 602    5621     0.006337748
 602     602     2.014900000
 602     603     0.010297138
 602     604    -0.001084294
 602     610    -0.002268815
 602     611    -0.000665056
 602     612    -0.001918032
 602     613     0.000481704
 603    5620    -0.005366099
 603    5621    -0.028388730
 603     602     0.010297138
 603     603     1.974700000
 603     604    -0.001427689
 603     610     0.001987430
 603     611     0.000214425
 603     612     0.000166130
 603     613    -0.003174819
 604    5620    -0.003503027
 604    5621     0.027393014
 604     602    -0.001084294
 604     603    -0.001427689
 604     604     2.069800000
 604     610    -0.000480602
 604     611     0.000791949
 604     612    -0.000864344
 604     613     0.001186514
 610    5620    -0.003030030
 610    5621    -0.001406662
 610     602    -0.002268815
 610     603     0.001987430
 610     604    -0.000480602
 610     610     2.018400000
 610     611    -0.008040382
 610     612     0.005597290
 610     613    -0.000652932
 611    5620     0.001894416
 611    5621     0.000464075
 611     602    -0.000665056
 611     603     0.000214425
 611     604     0.000791949
 611     610    -0.008040382
 611     611     2.018100000
 611     612     0.018642609
 611     613    -0.000760155
 612    5620    -0.003070302
 612    5621     0.006674339
 612     602    -0.001918032
 612     603     0.000166130
 612     604    -0.000864344
 612     610     0.005597290
 612     611     0.018642609
 612     612     2.002500000
 612     613     0.000367798
 613    5620    -0.006032368
 613    5621     0.006602271
 613     602     0.000481704
 613     603    -0.003174819
 613     604     0.001186514
 613     610    -0.000652932
 613     611    -0.000760155
 613     612     0.000367798
 613     613     2.020100000
