5620    5620    2.392600002
5620    5621    0.007299852
5620     602    0.000945016
5620     603    0.006099187
5620     604    0.001666245
5620     610    0.001998984
5620     611    0.002871199
5620     612    0.008932827
5620     613    0.008730870
5621    5620    0.007299852
5621    5621    2.262699995
5621     602    0.001198308
5621     603    0.022654928
5621     604    0.029339624
5621     610    0.003640517
5621     611    0.000394781
5621     612    0.007665699
5621     613    0.006323495
 602    5620    0.000945016
 602    5621    0.001198308
 602     602    2.055500000
 602     603    0.008544306
 602     604    0.001646028
 602     610    0.002015957
 602     611    0.000165120
 602     612    0.002714056
 602     613    0.000636288
 603    5620    0.006099187
 603    5621    0.022654928
 603     602    0.008544306
 603     603    1.987200000
 603     604    0.001207601
 603     610    0.002198695
 603     611    0.000153098
 603     612    0.000003013
 603     613    0.003325430
 604    5620    0.001666245
 604    5621    0.029339624
 604     602    0.001646028
 604     603    0.001207601
 604     604    2.017200000
 604     610    0.002157103
 604     611    0.000658920
 604     612    0.000187750
 604     613    0.000850521
 610    5620    0.001998984
 610    5621    0.003640517
 610     602    0.002015957
 610     603    0.002198695
 610     604    0.002157103
 610     610    2.031600000
 610     611    0.006315978
 610     612    0.001679168
 610     613    0.000457658
 611    5620    0.002871199
 611    5621    0.000394781
 611     602    0.000165120
 611     603    0.000153098
 611     604    0.000658920
 611     610    0.006315978
 611     611    2.061500000
 611     612    0.018742203
 611     613    0.000559471
 612    5620    0.008932827
 612    5621    0.007665699
 612     602    0.002714056
 612     603    0.000003013
 612     604    0.000187750
 612     610    0.001679168
 612     611    0.018742203
 612     612    2.050900000
 612     613    0.000403258
 613    5620    0.008730870
 613    5621    0.006323495
 613     602    0.000636288
 613     603    0.003325430
 613     604    0.000850521
 613     610    0.000457658
 613     611    0.000559471
 613     612    0.000403258
 613     613    1.948200000
