5620    5620    2.491600002
5620    5621    0.004629833
5620     602    0.000163643
5620     603    0.005441669
5620     604    0.000830476
5620     610    0.001290324
5620     611    0.000525699
5620     612    0.006513924
5620     613    0.000138416
5621    5620    0.004629833
5621    5621    2.455599995
5621     602    0.001329563
5621     603    0.020727961
5621     604    0.026376345
5621     610    0.002056890
5621     611    0.000140243
5621     612    0.007833477
5621     613    0.007404411
 602    5620    0.000163643
 602    5621    0.001329563
 602     602    2.063600000
 602     603    0.009698427
 602     604    0.001364523
 602     610    0.001651340
 602     611    0.000057958
 602     612    0.002694818
 602     613    0.001242982
 603    5620    0.005441669
 603    5621    0.020727961
 603     602    0.009698427
 603     603    2.039500000
 603     604    0.000736556
 603     610    0.002262166
 603     611    0.000379637
 603     612    0.000294343
 603     613    0.003726323
 604    5620    0.000830476
 604    5621    0.026376345
 604     602    0.001364523
 604     603    0.000736556
 604     604    2.087200000
 604     610    0.001290827
 604     611    0.000465929
 604     612    0.000400320
 604     613    0.000910189
 610    5620    0.001290324
 610    5621    0.002056890
 610     602    0.001651340
 610     603    0.002262166
 610     604    0.001290827
 610     610    2.019300000
 610     611    0.006464089
 610     612    0.009425631
 610     613    0.000182053
 611    5620    0.000525699
 611    5621    0.000140243
 611     602    0.000057958
 611     603    0.000379637
 611     604    0.000465929
 611     610    0.006464089
 611     611    2.019500000
 611     612    0.021578845
 611     613    0.000654204
 612    5620    0.006513924
 612    5621    0.007833477
 612     602    0.002694818
 612     603    0.000294343
 612     604    0.000400320
 612     610    0.009425631
 612     611    0.021578845
 612     612    2.055500000
 612     613    0.000199394
 613    5620    0.000138416
 613    5621    0.007404411
 613     602    0.001242982
 613     603    0.003726323
 613     604    0.000910189
 613     610    0.000182053
 613     611    0.000654204
 613     612    0.000199394
 613     613    2.026500000
