5620    5620     2.438300002
5620    5621    -0.006360245
5620     602    -0.001280984
5620     603    -0.005332748
5620     604    -0.002138193
5620     610    -0.003418393
5620     611     0.002418554
5620     612     0.011335112
5620     613    -0.004418653
5621    5620    -0.006360245
5621    5621     2.318199995
5621     602     0.006236187
5621     603    -0.020357902
5621     604    -0.036909485
5621     610    -0.002696847
5621     611     0.000425663
5621     612    -0.007821963
5621     613     0.008336680
 602    5620    -0.001280984
 602    5621     0.006236187
 602     602     2.001300000
 602     603    -0.008651323
 602     604    -0.001945395
 602     610     0.002127608
 602     611    -0.000523202
 602     612     0.002804904
 602     613    -0.000450948
 603    5620    -0.005332748
 603    5621    -0.020357902
 603     602    -0.008651323
 603     603     2.023800000
 603     604     0.000765472
 603     610     0.001922156
 603     611    -0.000369730
 603     612     0.000115513
 603     613     0.003930645
 604    5620    -0.002138193
 604    5621    -0.036909485
 604     602    -0.001945395
 604     603     0.000765472
 604     604     1.988100000
 604     610    -0.001589882
 604     611    -0.000707467
 604     612     0.000326170
 604     613    -0.001389444
 610    5620    -0.003418393
 610    5621    -0.002696847
 610     602     0.002127608
 610     603     0.001922156
 610     604    -0.001589882
 610     610     2.014500000
 610     611     0.006664986
 610     612     0.005925819
 610     613     0.000465739
 611    5620     0.002418554
 611    5621     0.000425663
 611     602    -0.000523202
 611     603    -0.000369730
 611     604    -0.000707467
 611     610     0.006664986
 611     611     2.055000000
 611     612     0.020348801
 611     613    -0.000671484
 612    5620     0.011335112
 612    5621    -0.007821963
 612     602     0.002804904
 612     603     0.000115513
 612     604     0.000326170
 612     610     0.005925819
 612     611     0.020348801
 612     612     1.994100000
 612     613    -0.000126811
 613    5620    -0.004418653
 613    5621     0.008336680
 613     602    -0.000450948
 613     603     0.003930645
 613     604    -0.001389444
 613     610     0.000465739
 613     611    -0.000671484
 613     612    -0.000126811
 613     613     2.048600000
