5620    5620     2.223200002
5620    5621     0.004267313
5620     602    -0.002016198
5620     603    -0.005007817
5620     604    -0.002213547
5620     610    -0.008988991
5620     611     0.006011890
5620     612     0.023698688
5620     613     0.008545013
5621    5620     0.004267313
5621    5621     2.247799995
5621     602    -0.002480754
5621     603     0.024452676
5621     604     0.026371181
5621     610    -0.002010014
5621     611    -0.000400854
5621     612    -0.007266865
5621     613    -0.007892554
 602    5620    -0.002016198
 602    5621    -0.002480754
 602     602     2.031900000
 602     603     0.009286355
 602     604    -0.001262030
 602     610     0.002360773
 602     611     0.000592610
 602     612     0.002830101
 602     613     0.000151479
 603    5620    -0.005007817
 603    5621     0.024452676
 603     602     0.009286355
 603     603     2.068500000
 603     604     0.001142217
 603     610    -0.002037983
 603     611     0.000053691
 603     612    -0.000513896
 603     613     0.002918285
 604    5620    -0.002213547
 604    5621     0.026371181
 604     602    -0.001262030
 604     603     0.001142217
 604     604     2.061200000
 604     610    -0.000788137
 604     611    -0.000652641
 604     612    -0.000209414
 604     613    -0.000966004
 610    5620    -0.008988991
 610    5621    -0.002010014
 610     602     0.002360773
 610     603    -0.002037983
 610     604    -0.000788137
 610     610     2.037600000
 610     611    -0.008406824
 610     612     0.010595628
 610     613     0.000659407
 611    5620     0.006011890
 611    5621    -0.000400854
 611     602     0.000592610
 611     603     0.000053691
 611     604    -0.000652641
 611     610    -0.008406824
 611     611     2.035100000
 611     612     0.018694433
 611     613    -0.000480807
 612    5620     0.023698688
 612    5621    -0.007266865
 612     602     0.002830101
 612     603    -0.000513896
 612     604    -0.000209414
 612     610     0.010595628
 612     611     0.018694433
 612     612     1.980900000
 612     613    -0.000172785
 613    5620     0.008545013
 613    5621    -0.007892554
 613     602     0.000151479
 613     603     0.002918285
 613     604    -0.000966004
 613     610     0.000659407
 613     611    -0.000480807
 613     612    -0.000172785
 613     613     1.979800000
