5620    5620    2.123800002
5620    5621    0.002454824
5620     602    0.002251448
5620     603    0.006365997
5620     604    0.001738493
5620     610    0.003438849
5620     611    0.001161337
5620     612    0.012461508
5620     613    0.008032167
5621    5620    0.002454824
5621    5621    2.268099995
5621     602    0.007996386
5621     603    0.015688406
5621     604    0.031375008
5621     610    0.001124840
5621     611    0.000732013
5621     612    0.006317008
5621     613    0.006061376
 602    5620    0.002251448
 602    5621    0.007996386
 602     602    2.021900000
 602     603    0.006092048
 602     604    0.001722837
 602     610    0.002199659
 602     611    0.000391142
 602     612    0.002302475
 602     613    0.000205578
 603    5620    0.006365997
 603    5621    0.015688406
 603     602    0.006092048
 603     603    2.088300000
 603     604    0.000064190
 603     610    0.002157074
 603     611    0.000444122
 603     612    0.000008855
 603     613    0.004162404
 604    5620    0.001738493
 604    5621    0.031375008
 604     602    0.001722837
 604     603    0.000064190
 604     604    2.063100000
 604     610    0.001101721
 604     611    0.000368685
 604     612    0.001045911
 604     613    0.001033603
 610    5620    0.003438849
 610    5621    0.001124840
 610     602    0.002199659
 610     603    0.002157074
 610     604    0.001101721
 610     610    1.995200000
 610     611    0.007373982
 610     612    0.006436895
 610     613    0.000685851
 611    5620    0.001161337
 611    5621    0.000732013
 611     602    0.000391142
 611     603    0.000444122
 611     604    0.000368685
 611     610    0.007373982
 611     611    2.028200000
 611     612    0.013638480
 611     613    0.000881515
 612    5620    0.012461508
 612    5621    0.006317008
 612     602    0.002302475
 612     603    0.000008855
 612     604    0.001045911
 612     610    0.006436895
 612     611    0.013638480
 612     612    2.116200000
 612     613    0.000004595
 613    5620    0.008032167
 613    5621    0.006061376
 613     602    0.000205578
 613     603    0.004162404
 613     604    0.001033603
 613     610    0.000685851
 613     611    0.000881515
 613     612    0.000004595
 613     613    1.967200000
