5620    5620    2.168900002
5620    5621    0.004708464
5620     602    0.000390588
5620     603    0.006692936
5620     604    0.000043609
5620     610    0.006181648
5620     611    0.002515820
5620     612    0.003801943
5620     613    0.006139337
5621    5620    0.004708464
5621    5621    2.351099995
5621     602    0.000242594
5621     603    0.007617793
5621     604    0.028048323
5621     610    0.002935999
5621     611    0.000712915
5621     612    0.006837941
5621     613    0.007591383
 602    5620    0.000390588
 602    5621    0.000242594
 602     602    2.088800000
 602     603    0.007373952
 602     604    0.001460954
 602     610    0.001608822
 602     611    0.000539191
 602     612    0.002377255
 602     613    0.001357901
 603    5620    0.006692936
 603    5621    0.007617793
 603     602    0.007373952
 603     603    2.022300000
 603     604    0.000662234
 603     610    0.002358828
 603     611    0.000486134
 603     612    0.000853853
 603     613    0.004301825
 604    5620    0.000043609
 604    5621    0.028048323
 604     602    0.001460954
 604     603    0.000662234
 604     604    2.081800000
 604     610    0.001699209
 604     611    0.000451307
 604     612    0.000483457
 604     613    0.001136685
 610    5620    0.006181648
 610    5621    0.002935999
 610     602    0.001608822
 610     603    0.002358828
 610     604    0.001699209
 610     610    2.022900000
 610     611    0.007034997
 610     612    0.002601123
 610     613    0.000399371
 611    5620    0.002515820
 611    5621    0.000712915
 611     602    0.000539191
 611     603    0.000486134
 611     604    0.000451307
 611     610    0.007034997
 611     611    2.081800000
 611     612    0.017729844
 611     613    0.000670913
 612    5620    0.003801943
 612    5621    0.006837941
 612     602    0.002377255
 612     603    0.000853853
 612     604    0.000483457
 612     610    0.002601123
 612     611    0.017729844
 612     612    2.024800000
 612     613    0.000401347
 613    5620    0.006139337
 613    5621    0.007591383
 613     602    0.001357901
 613     603    0.004301825
 613     604    0.001136685
 613     610    0.000399371
 613     611    0.000670913
 613     612    0.000401347
 613     613    2.037800000
