5620    5620    2.375300002
5620    5621    0.004719777
5620     602    0.000764759
5620     603    0.006230206
5620     604    0.001411648
5620     610    0.001803803
5620     611    0.000140101
5620     612    0.011369136
5620     613    0.004702204
5621    5620    0.004719777
5621    5621    2.281199995
5621     602    0.004040890
5621     603    0.014762719
5621     604    0.027895119
5621     610    0.001856829
5621     611    0.000518191
5621     612    0.007484171
5621     613    0.007917520
 602    5620    0.000764759
 602    5621    0.004040890
 602     602    2.059000000
 602     603    0.010155935
 602     604    0.001866695
 602     610    0.001717261
 602     611    0.000072068
 602     612    0.002843678
 602     613    0.001338607
 603    5620    0.006230206
 603    5621    0.014762719
 603     602    0.010155935
 603     603    2.047700000
 603     604    0.000671784
 603     610    0.002098993
 603     611    0.000415477
 603     612    0.000178101
 603     613    0.004603463
 604    5620    0.001411648
 604    5621    0.027895119
 604     602    0.001866695
 604     603    0.000671784
 604     604    2.014800000
 604     610    0.001391737
 604     611    0.000574250
 604     612    0.000637845
 604     613    0.001235730
 610    5620    0.001803803
 610    5621    0.001856829
 610     602    0.001717261
 610     603    0.002098993
 610     604    0.001391737
 610     610    1.988000000
 610     611    0.006819462
 610     612    0.007207254
 610     613    0.000451387
 611    5620    0.000140101
 611    5621    0.000518191
 611     602    0.000072068
 611     603    0.000415477
 611     604    0.000574250
 611     610    0.006819462
 611     611    1.996400000
 611     612    0.020180112
 611     613    0.000840104
 612    5620    0.011369136
 612    5621    0.007484171
 612     602    0.002843678
 612     603    0.000178101
 612     604    0.000637845
 612     610    0.007207254
 612     611    0.020180112
 612     612    2.070500000
 612     613    0.000237198
 613    5620    0.004702204
 613    5621    0.007917520
 613     602    0.001338607
 613     603    0.004603463
 613     604    0.001235730
 613     610    0.000451387
 613     611    0.000840104
 613     612    0.000237198
 613     613    1.897700000
