5620    5620    2.536300002
5620    5621    0.004827485
5620     602    0.000296509
5620     603    0.004874650
5620     604    0.001618468
5620     610    0.012327033
5620     611    0.004590998
5620     612    0.016559942
5620     613    0.006117534
5621    5620    0.004827485
5621    5621    2.333199995
5621     602    0.002827638
5621     603    0.025251109
5621     604    0.029767967
5621     610    0.001409522
5621     611    0.000085888
5621     612    0.006771323
5621     613    0.008476808
 602    5620    0.000296509
 602    5621    0.002827638
 602     602    2.022600000
 602     603    0.009786844
 602     604    0.001847784
 602     610    0.001598957
 602     611    0.000040726
 602     612    0.003033434
 602     613    0.001368222
 603    5620    0.004874650
 603    5621    0.025251109
 603     602    0.009786844
 603     603    2.073300000
 603     604    0.001045795
 603     610    0.002102869
 603     611    0.000311592
 603     612    0.000139367
 603     613    0.003868183
 604    5620    0.001618468
 604    5621    0.029767967
 604     602    0.001847784
 604     603    0.001045795
 604     604    2.004900000
 604     610    0.001728288
 604     611    0.000316268
 604     612    0.001537616
 604     613    0.000955206
 610    5620    0.012327033
 610    5621    0.001409522
 610     602    0.001598957
 610     603    0.002102869
 610     604    0.001728288
 610     610    2.047500000
 610     611    0.006354967
 610     612    0.002940781
 610     613    0.000479648
 611    5620    0.004590998
 611    5621    0.000085888
 611     602    0.000040726
 611     603    0.000311592
 611     604    0.000316268
 611     610    0.006354967
 611     611    2.034600000
 611     612    0.018863861
 611     613    0.000707381
 612    5620    0.016559942
 612    5621    0.006771323
 612     602    0.003033434
 612     603    0.000139367
 612     604    0.001537616
 612     610    0.002940781
 612     611    0.018863861
 612     612    2.067900000
 612     613    0.000347546
 613    5620    0.006117534
 613    5621    0.008476808
 613     602    0.001368222
 613     603    0.003868183
 613     604    0.000955206
 613     610    0.000479648
 613     611    0.000707381
 613     612    0.000347546
 613     613    2.040600000
