5620    5620    2.301900002
5620    5621    0.004021372
5620     602    0.001387878
5620     603    0.005290506
5620     604    0.000577463
5620     610    0.004222558
5620     611    0.006089956
5620     612    0.024277810
5620     613    0.008268092
5621    5620    0.004021372
5621    5621    2.268799995
5621     602    0.001865075
5621     603    0.013008271
5621     604    0.028609467
5621     610    0.001170489
5621     611    0.000736272
5621     612    0.007069322
5621     613    0.007847135
 602    5620    0.001387878
 602    5621    0.001865075
 602     602    2.067800000
 602     603    0.006881313
 602     604    0.001452634
 602     610    0.001816671
 602     611    0.000448189
 602     612    0.002765154
 602     613    0.000412455
 603    5620    0.005290506
 603    5621    0.013008271
 603     602    0.006881313
 603     603    2.083600000
 603     604    0.000125109
 603     610    0.001759056
 603     611    0.000170343
 603     612    0.000140209
 603     613    0.003897058
 604    5620    0.000577463
 604    5621    0.028609467
 604     602    0.001452634
 604     603    0.000125109
 604     604    2.126700000
 604     610    0.000724911
 604     611    0.000470328
 604     612    0.000430907
 604     613    0.001042489
 610    5620    0.004222558
 610    5621    0.001170489
 610     602    0.001816671
 610     603    0.001759056
 610     604    0.000724911
 610     610    2.091800000
 610     611    0.007197512
 610     612    0.008161137
 610     613    0.000609559
 611    5620    0.006089956
 611    5621    0.000736272
 611     602    0.000448189
 611     603    0.000170343
 611     604    0.000470328
 611     610    0.007197512
 611     611    2.049900000
 611     612    0.021957955
 611     613    0.000488601
 612    5620    0.024277810
 612    5621    0.007069322
 612     602    0.002765154
 612     603    0.000140209
 612     604    0.000430907
 612     610    0.008161137
 612     611    0.021957955
 612     612    2.031000000
 612     613    0.000146375
 613    5620    0.008268092
 613    5621    0.007847135
 613     602    0.000412455
 613     603    0.003897058
 613     604    0.001042489
 613     610    0.000609559
 613     611    0.000488601
 613     612    0.000146375
 613     613    1.971700000
