5620    5620    2.338200002
5620    5621    0.003543431
5620     602    0.000347278
5620     603    0.005997438
5620     604    0.000595284
5620     610    0.002519345
5620     611    0.000353487
5620     612    0.006623272
5620     613    0.002095383
5621    5620    0.003543431
5621    5621    2.203499995
5621     602    0.000095565
5621     603    0.011731324
5621     604    0.027219387
5621     610    0.002638306
5621     611    0.000219022
5621     612    0.008102774
5621     613    0.009949494
 602    5620    0.000347278
 602    5621    0.000095565
 602     602    2.147700000
 602     603    0.006375334
 602     604    0.001113210
 602     610    0.001422501
 602     611    0.000129696
 602     612    0.002094069
 602     613    0.001091886
 603    5620    0.005997438
 603    5621    0.011731324
 603     602    0.006375334
 603     603    2.088300000
 603     604    0.000112627
 603     610    0.001929035
 603     611    0.000593423
 603     612    0.000217383
 603     613    0.004335319
 604    5620    0.000595284
 604    5621    0.027219387
 604     602    0.001113210
 604     603    0.000112627
 604     604    2.065000000
 604     610    0.001501438
 604     611    0.000419583
 604     612    0.000728007
 604     613    0.001186479
 610    5620    0.002519345
 610    5621    0.002638306
 610     602    0.001422501
 610     603    0.001929035
 610     604    0.001501438
 610     610    1.983400000
 610     611    0.005901477
 610     612    0.003609666
 610     613    0.000208676
 611    5620    0.000353487
 611    5621    0.000219022
 611     602    0.000129696
 611     603    0.000593423
 611     604    0.000419583
 611     610    0.005901477
 611     611    1.993000000
 611     612    0.018988613
 611     613    0.000877544
 612    5620    0.006623272
 612    5621    0.008102774
 612     602    0.002094069
 612     603    0.000217383
 612     604    0.000728007
 612     610    0.003609666
 612     611    0.018988613
 612     612    1.999400000
 612     613    0.000058148
 613    5620    0.002095383
 613    5621    0.009949494
 613     602    0.001091886
 613     603    0.004335319
 613     604    0.001186479
 613     610    0.000208676
 613     611    0.000877544
 613     612    0.000058148
 613     613    1.972700000
