5620    5620    2.313300002
5620    5621    0.002884502
5620     602    0.000347454
5620     603    0.005925960
5620     604    0.001728148
5620     610    0.002559993
5620     611    0.000242080
5620     612    0.010816317
5620     613    0.007265312
5621    5620    0.002884502
5621    5621    2.389599995
5621     602    0.000928764
5621     603    0.012783525
5621     604    0.032243405
5621     610    0.002127990
5621     611    0.000384190
5621     612    0.007107934
5621     613    0.007238101
 602    5620    0.000347454
 602    5621    0.000928764
 602     602    2.072100000
 602     603    0.001948673
 602     604    0.001551413
 602     610    0.001606377
 602     611    0.000191567
 602     612    0.002415135
 602     613    0.000777612
 603    5620    0.005925960
 603    5621    0.012783525
 603     602    0.001948673
 603     603    2.146800000
 603     604    0.001185446
 603     610    0.001818015
 603     611    0.000496880
 603     612    0.000401998
 603     613    0.003599539
 604    5620    0.001728148
 604    5621    0.032243405
 604     602    0.001551413
 604     603    0.001185446
 604     604    2.081200000
 604     610    0.001052437
 604     611    0.000813738
 604     612    0.000534140
 604     613    0.001338563
 610    5620    0.002559993
 610    5621    0.002127990
 610     602    0.001606377
 610     603    0.001818015
 610     604    0.001052437
 610     610    2.007300000
 610     611    0.006660413
 610     612    0.006036913
 610     613    0.000526977
 611    5620    0.000242080
 611    5621    0.000384190
 611     602    0.000191567
 611     603    0.000496880
 611     604    0.000813738
 611     610    0.006660413
 611     611    1.988600000
 611     612    0.022877045
 611     613    0.000839474
 612    5620    0.010816317
 612    5621    0.007107934
 612     602    0.002415135
 612     603    0.000401998
 612     604    0.000534140
 612     610    0.006036913
 612     611    0.022877045
 612     612    2.058900000
 612     613    0.000162849
 613    5620    0.007265312
 613    5621    0.007238101
 613     602    0.000777612
 613     603    0.003599539
 613     604    0.001338563
 613     610    0.000526977
 613     611    0.000839474
 613     612    0.000162849
 613     613    2.028800000
