5620    5620    2.280300002
5620    5621    0.003421063
5620     602    0.000413896
5620     603    0.005895332
5620     604    0.003806075
5620     610    0.011543608
5620     611    0.004419450
5620     612    0.019296200
5620     613    0.005323354
5621    5620    0.003421063
5621    5621    2.400399995
5621     602    0.000729986
5621     603    0.020243537
5621     604    0.024789775
5621     610    0.001349199
5621     611    0.000073713
5621     612    0.007271243
5621     613    0.009252810
 602    5620    0.000413896
 602    5621    0.000729986
 602     602    2.031900000
 602     603    0.009339988
 602     604    0.001664283
 602     610    0.001613335
 602     611    0.000564238
 602     612    0.003124935
 602     613    0.001199928
 603    5620    0.005895332
 603    5621    0.020243537
 603     602    0.009339988
 603     603    2.050400000
 603     604    0.000430517
 603     610    0.002122338
 603     611    0.000395287
 603     612    0.000042435
 603     613    0.004560330
 604    5620    0.003806075
 604    5621    0.024789775
 604     602    0.001664283
 604     603    0.000430517
 604     604    2.054700000
 604     610    0.000495776
 604     611    0.000754280
 604     612    0.000731612
 604     613    0.001142449
 610    5620    0.011543608
 610    5621    0.001349199
 610     602    0.001613335
 610     603    0.002122338
 610     604    0.000495776
 610     610    2.045100000
 610     611    0.006831521
 610     612    0.006164777
 610     613    0.000577684
 611    5620    0.004419450
 611    5621    0.000073713
 611     602    0.000564238
 611     603    0.000395287
 611     604    0.000754280
 611     610    0.006831521
 611     611    2.021500000
 611     612    0.021706467
 611     613    0.000792410
 612    5620    0.019296200
 612    5621    0.007271243
 612     602    0.003124935
 612     603    0.000042435
 612     604    0.000731612
 612     610    0.006164777
 612     611    0.021706467
 612     612    1.959900000
 612     613    0.000084596
 613    5620    0.005323354
 613    5621    0.009252810
 613     602    0.001199928
 613     603    0.004560330
 613     604    0.001142449
 613     610    0.000577684
 613     611    0.000792410
 613     612    0.000084596
 613     613    2.019600000
