5620    5620    2.609000002
5620    5621    0.002470525
5620     602    0.001501774
5620     603    0.005554204
5620     604    0.000754419
5620     610    0.002406884
5620     611    0.001248517
5620     612    0.007850758
5620     613    0.007965051
5621    5620    0.002470525
5621    5621    2.367699995
5621     602    0.003346238
5621     603    0.016131450
5621     604    0.032074931
5621     610    0.000940329
5621     611    0.000096521
5621     612    0.006655845
5621     613    0.006171471
 602    5620    0.001501774
 602    5621    0.003346238
 602     602    2.071800000
 602     603    0.006369449
 602     604    0.001650152
 602     610    0.001725503
 602     611    0.000473160
 602     612    0.002455586
 602     613    0.000038300
 603    5620    0.005554204
 603    5621    0.016131450
 603     602    0.006369449
 603     603    2.063700000
 603     604    0.000128855
 603     610    0.002200182
 603     611    0.000327551
 603     612    0.000064802
 603     613    0.003430024
 604    5620    0.000754419
 604    5621    0.032074931
 604     602    0.001650152
 604     603    0.000128855
 604     604    2.079600000
 604     610    0.000714807
 604     611    0.000582779
 604     612    0.000482246
 604     613    0.001020547
 610    5620    0.002406884
 610    5621    0.000940329
 610     602    0.001725503
 610     603    0.002200182
 610     604    0.000714807
 610     610    2.006100000
 610     611    0.006087183
 610     612    0.006226174
 610     613    0.000754291
 611    5620    0.001248517
 611    5621    0.000096521
 611     602    0.000473160
 611     603    0.000327551
 611     604    0.000582779
 611     610    0.006087183
 611     611    2.135600000
 611     612    0.019505166
 611     613    0.000663664
 612    5620    0.007850758
 612    5621    0.006655845
 612     602    0.002455586
 612     603    0.000064802
 612     604    0.000482246
 612     610    0.006226174
 612     611    0.019505166
 612     612    2.074900000
 612     613    0.000170444
 613    5620    0.007965051
 613    5621    0.006171471
 613     602    0.000038300
 613     603    0.003430024
 613     604    0.001020547
 613     610    0.000754291
 613     611    0.000663664
 613     612    0.000170444
 613     613    2.017500000
