5620    5620     2.437600002
5620    5621    -0.005799979
5620     602     0.001041285
5620     603     0.006245629
5620     604     0.001344617
5620     610     0.003622718
5620     611     0.000118381
5620     612    -0.017778497
5620     613    -0.006569722
5621    5620    -0.005799979
5621    5621     2.302899995
5621     602     0.000490056
5621     603    -0.021895657
5621     604    -0.028304502
5621     610    -0.001476981
5621     611    -0.000479411
5621     612    -0.006372082
5621     613     0.007833098
 602    5620     0.001041285
 602    5621     0.000490056
 602     602     2.021200000
 602     603     0.006368430
 602     604     0.001476173
 602     610     0.001662507
 602     611     0.000290421
 602     612     0.002480080
 602     613    -0.000556452
 603    5620     0.006245629
 603    5621    -0.021895657
 603     602     0.006368430
 603     603     1.990700000
 603     604     0.000373899
 603     610     0.002361898
 603     611     0.000664226
 603     612    -0.000142688
 603     613     0.004007080
 604    5620     0.001344617
 604    5621    -0.028304502
 604     602     0.001476173
 604     603     0.000373899
 604     604     2.073700000
 604     610     0.000730274
 604     611    -0.000523308
 604     612     0.000331090
 604     613     0.000879059
 610    5620     0.003622718
 610    5621    -0.001476981
 610     602     0.001662507
 610     603     0.002361898
 610     604     0.000730274
 610     610     2.042000000
 610     611    -0.006884290
 610     612     0.008022461
 610     613    -0.000632947
 611    5620     0.000118381
 611    5621    -0.000479411
 611     602     0.000290421
 611     603     0.000664226
 611     604    -0.000523308
 611     610    -0.006884290
 611     611     2.050100000
 611     612     0.017768909
 611     613    -0.000848523
 612    5620    -0.017778497
 612    5621    -0.006372082
 612     602     0.002480080
 612     603    -0.000142688
 612     604     0.000331090
 612     610     0.008022461
 612     611     0.017768909
 612     612     2.073800000
 612     613    -0.000084798
 613    5620    -0.006569722
 613    5621     0.007833098
 613     602    -0.000556452
 613     603     0.004007080
 613     604     0.000879059
 613     610    -0.000632947
 613     611    -0.000848523
 613     612    -0.000084798
 613     613     1.984000000
