5620    5620    2.641700002
5620    5621    0.003574339
5620     602    0.000500051
5620     603    0.004816107
5620     604    0.001702989
5620     610    0.002972920
5620     611    0.002807430
5620     612    0.004136317
5620     613    0.002324687
5621    5620    0.003574339
5621    5621    2.169499995
5621     602    0.002272325
5621     603    0.033456549
5621     604    0.034016579
5621     610    0.001347049
5621     611    0.000712661
5621     612    0.006829562
5621     613    0.008707652
 602    5620    0.000500051
 602    5621    0.002272325
 602     602    2.114200000
 602     603    0.010452070
 602     604    0.001552379
 602     610    0.001503889
 602     611    0.000187070
 602     612    0.002195654
 602     613    0.001126432
 603    5620    0.004816107
 603    5621    0.033456549
 603     602    0.010452070
 603     603    1.998800000
 603     604    0.001664744
 603     610    0.002144829
 603     611    0.000183315
 603     612    0.000074006
 603     613    0.004527417
 604    5620    0.001702989
 604    5621    0.034016579
 604     602    0.001552379
 604     603    0.001664744
 604     604    2.049600000
 604     610    0.001139048
 604     611    0.000371832
 604     612    0.000821481
 604     613    0.001120878
 610    5620    0.002972920
 610    5621    0.001347049
 610     602    0.001503889
 610     603    0.002144829
 610     604    0.001139048
 610     610    2.039700000
 610     611    0.007788357
 610     612    0.001846213
 610     613    0.000527926
 611    5620    0.002807430
 611    5621    0.000712661
 611     602    0.000187070
 611     603    0.000183315
 611     604    0.000371832
 611     610    0.007788357
 611     611    2.034000000
 611     612    0.021780173
 611     613    0.000788540
 612    5620    0.004136317
 612    5621    0.006829562
 612     602    0.002195654
 612     603    0.000074006
 612     604    0.000821481
 612     610    0.001846213
 612     611    0.021780173
 612     612    2.176900000
 612     613    0.000247863
 613    5620    0.002324687
 613    5621    0.008707652
 613     602    0.001126432
 613     603    0.004527417
 613     604    0.001120878
 613     610    0.000527926
 613     611    0.000788540
 613     612    0.000247863
 613     613    2.064500000
