5620    5620     2.381400002
5620    5621    -0.003670059
5620     602    -0.000193316
5620     603     0.006172885
5620     604     0.004352608
5620     610    -0.002144080
5620     611    -0.001352048
5620     612     0.013932901
5620     613    -0.007167555
5621    5620    -0.003670059
5621    5621     2.235099995
5621     602    -0.002652074
5621     603    -0.022731961
5621     604     0.029530286
5621     610     0.003027754
5621     611     0.000104274
5621     612    -0.007200816
5621     613     0.007908712
 602    5620    -0.000193316
 602    5621    -0.002652074
 602     602     2.135100000
 602     603    -0.011509156
 602     604     0.001794854
 602     610     0.001673840
 602     611     0.000146646
 602     612    -0.002601211
 602     613     0.001289124
 603    5620     0.006172885
 603    5621    -0.022731961
 603     602    -0.011509156
 603     603     2.078500000
 603     604    -0.000544134
 603     610     0.002181412
 603     611     0.000400989
 603     612    -0.000319085
 603     613    -0.003973592
 604    5620     0.004352608
 604    5621     0.029530286
 604     602     0.001794854
 604     603    -0.000544134
 604     604     2.025800000
 604     610     0.001300286
 604     611     0.000864859
 604     612    -0.000972076
 604     613     0.001269569
 610    5620    -0.002144080
 610    5621     0.003027754
 610     602     0.001673840
 610     603     0.002181412
 610     604     0.001300286
 610     610     2.011800000
 610     611    -0.006370826
 610     612     0.007661888
 610     613    -0.000495617
 611    5620    -0.001352048
 611    5621     0.000104274
 611     602     0.000146646
 611     603     0.000400989
 611     604     0.000864859
 611     610    -0.006370826
 611     611     2.026900000
 611     612     0.021326375
 611     613     0.000664810
 612    5620     0.013932901
 612    5621    -0.007200816
 612     602    -0.002601211
 612     603    -0.000319085
 612     604    -0.000972076
 612     610     0.007661888
 612     611     0.021326375
 612     612     2.008100000
 612     613     0.000242805
 613    5620    -0.007167555
 613    5621     0.007908712
 613     602     0.001289124
 613     603    -0.003973592
 613     604     0.001269569
 613     610    -0.000495617
 613     611     0.000664810
 613     612     0.000242805
 613     613     2.054200000
