5620    5620     2.299200002
5620    5621    -0.004514681
5620     602    -0.001357433
5620     603    -0.006436705
5620     604     0.001480401
5620     610    -0.003829898
5620     611     0.001081374
5620     612    -0.018925987
5620     613    -0.007027742
5621    5620    -0.004514681
5621    5621     2.544299995
5621     602     0.004489976
5621     603    -0.019748922
5621     604    -0.028811749
5621     610     0.001232473
5621     611     0.000075034
5621     612    -0.006647254
5621     613     0.006612256
 602    5620    -0.001357433
 602    5621     0.004489976
 602     602     2.058500000
 602     603     0.008386828
 602     604    -0.001674735
 602     610    -0.001534422
 602     611    -0.000507898
 602     612    -0.002501346
 602     613     0.000354488
 603    5620    -0.006436705
 603    5621    -0.019748922
 603     602     0.008386828
 603     603     2.046000000
 603     604    -0.000412334
 603     610     0.002083539
 603     611     0.000644138
 603     612     0.000157859
 603     613     0.003943277
 604    5620     0.001480401
 604    5621    -0.028811749
 604     602    -0.001674735
 604     603    -0.000412334
 604     604     2.064300000
 604     610    -0.000644690
 604     611     0.000719934
 604     612    -0.000009649
 604     613     0.001012604
 610    5620    -0.003829898
 610    5621     0.001232473
 610     602    -0.001534422
 610     603     0.002083539
 610     604    -0.000644690
 610     610     2.110000000
 610     611     0.006463272
 610     612     0.007768781
 610     613    -0.000571692
 611    5620     0.001081374
 611    5621     0.000075034
 611     602    -0.000507898
 611     603     0.000644138
 611     604     0.000719934
 611     610     0.006463272
 611     611     1.951000000
 611     612    -0.019520829
 611     613    -0.000968013
 612    5620    -0.018925987
 612    5621    -0.006647254
 612     602    -0.002501346
 612     603     0.000157859
 612     604    -0.000009649
 612     610     0.007768781
 612     611    -0.019520829
 612     612     2.060100000
 612     613     0.000073455
 613    5620    -0.007027742
 613    5621     0.006612256
 613     602     0.000354488
 613     603     0.003943277
 613     604     0.001012604
 613     610    -0.000571692
 613     611    -0.000968013
 613     612     0.000073455
 613     613     2.026300000
