5620    5620    2.394400002
5620    5621    0.003259108
5620     602    0.001762369
5620     603    0.005146417
5620     604    0.002821203
5620     610    0.005165498
5620     611    0.000778240
5620     612    0.009137017
5620     613    0.006620221
5621    5620    0.003259108
5621    5621    2.305899995
5621     602    0.000516610
5621     603    0.021871246
5621     604    0.030491761
5621     610    0.000649404
5621     611    0.000260272
5621     612    0.007452762
5621     613    0.006261117
 602    5620    0.001762369
 602    5621    0.000516610
 602     602    2.046800000
 602     603    0.009073220
 602     604    0.001282108
 602     610    0.001913324
 602     611    0.000887770
 602     612    0.002692635
 602     613    0.000287641
 603    5620    0.005146417
 603    5621    0.021871246
 603     602    0.009073220
 603     603    2.075900000
 603     604    0.000849240
 603     610    0.002049652
 603     611    0.000338257
 603     612    0.000329900
 603     613    0.003520418
 604    5620    0.002821203
 604    5621    0.030491761
 604     602    0.001282108
 604     603    0.000849240
 604     604    2.015800000
 604     610    0.001091065
 604     611    0.000305632
 604     612    0.001473109
 604     613    0.000897532
 610    5620    0.005165498
 610    5621    0.000649404
 610     602    0.001913324
 610     603    0.002049652
 610     604    0.001091065
 610     610    2.017100000
 610     611    0.006453917
 610     612    0.007505980
 610     613    0.000643143
 611    5620    0.000778240
 611    5621    0.000260272
 611     602    0.000887770
 611     603    0.000338257
 611     604    0.000305632
 611     610    0.006453917
 611     611    2.078700000
 611     612    0.019086435
 611     613    0.000717685
 612    5620    0.009137017
 612    5621    0.007452762
 612     602    0.002692635
 612     603    0.000329900
 612     604    0.001473109
 612     610    0.007505980
 612     611    0.019086435
 612     612    2.070000000
 612     613    0.000042377
 613    5620    0.006620221
 613    5621    0.006261117
 613     602    0.000287641
 613     603    0.003520418
 613     604    0.000897532
 613     610    0.000643143
 613     611    0.000717685
 613     612    0.000042377
 613     613    2.017800000
