5620    5620    2.379100002
5620    5621    0.003442636
5620     602    0.000958595
5620     603    0.005514991
5620     604    0.001205533
5620     610    0.000600411
5620     611    0.000047835
5620     612    0.014903676
5620     613    0.006744289
5621    5620    0.003442636
5621    5621    2.381799995
5621     602    0.003636829
5621     603    0.019249997
5621     604    0.033423590
5621     610    0.002069249
5621     611    0.000451910
5621     612    0.007374283
5621     613    0.007855365
 602    5620    0.000958595
 602    5621    0.003636829
 602     602    2.029400000
 602     603    0.011309232
 602     604    0.001857248
 602     610    0.002019087
 602     611    0.000167627
 602     612    0.002723570
 602     613    0.000664128
 603    5620    0.005514991
 603    5621    0.019249997
 603     602    0.011309232
 603     603    2.051700000
 603     604    0.000421653
 603     610    0.002371528
 603     611    0.000362931
 603     612    0.000359259
 603     613    0.003547318
 604    5620    0.001205533
 604    5621    0.033423590
 604     602    0.001857248
 604     603    0.000421653
 604     604    1.984700000
 604     610    0.001304826
 604     611    0.000406224
 604     612    0.001105109
 604     613    0.000950348
 610    5620    0.000600411
 610    5621    0.002069249
 610     602    0.002019087
 610     603    0.002371528
 610     604    0.001304826
 610     610    2.026600000
 610     611    0.006561501
 610     612    0.007076700
 610     613    0.000679382
 611    5620    0.000047835
 611    5621    0.000451910
 611     602    0.000167627
 611     603    0.000362931
 611     604    0.000406224
 611     610    0.006561501
 611     611    2.069300000
 611     612    0.018680033
 611     613    0.000733508
 612    5620    0.014903676
 612    5621    0.007374283
 612     602    0.002723570
 612     603    0.000359259
 612     604    0.001105109
 612     610    0.007076700
 612     611    0.018680033
 612     612    2.048100000
 612     613    0.000223938
 613    5620    0.006744289
 613    5621    0.007855365
 613     602    0.000664128
 613     603    0.003547318
 613     604    0.000950348
 613     610    0.000679382
 613     611    0.000733508
 613     612    0.000223938
 613     613    1.947800000
