5620    5620    2.349900002
5620    5621    0.004540979
5620     602    0.001895720
5620     603    0.006228669
5620     604    0.001903835
5620     610    0.006941323
5620     611    0.001810135
5620     612    0.012556304
5620     613    0.006649871
5621    5620    0.004540979
5621    5621    2.273699995
5621     602    0.007684264
5621     603    0.017688701
5621     604    0.029522066
5621     610    0.000799697
5621     611    0.000579132
5621     612    0.007257209
5621     613    0.008508078
 602    5620    0.001895720
 602    5621    0.007684264
 602     602    2.032800000
 602     603    0.009419932
 602     604    0.001468569
 602     610    0.001791646
 602     611    0.000206965
 602     612    0.002578011
 602     613    0.000167968
 603    5620    0.006228669
 603    5621    0.017688701
 603     602    0.009419932
 603     603    2.000700000
 603     604    0.000758939
 603     610    0.002376300
 603     611    0.000389300
 603     612    0.000011511
 603     613    0.004473855
 604    5620    0.001903835
 604    5621    0.029522066
 604     602    0.001468569
 604     603    0.000758939
 604     604    2.057400000
 604     610    0.000866740
 604     611    0.000306996
 604     612    0.001140029
 604     613    0.000921664
 610    5620    0.006941323
 610    5621    0.000799697
 610     602    0.001791646
 610     603    0.002376300
 610     604    0.000866740
 610     610    2.080400000
 610     611    0.006635276
 610     612    0.005428257
 610     613    0.000708167
 611    5620    0.001810135
 611    5621    0.000579132
 611     602    0.000206965
 611     603    0.000389300
 611     604    0.000306996
 611     610    0.006635276
 611     611    2.063800000
 611     612    0.020766993
 611     613    0.000764733
 612    5620    0.012556304
 612    5621    0.007257209
 612     602    0.002578011
 612     603    0.000011511
 612     604    0.001140029
 612     610    0.005428257
 612     611    0.020766993
 612     612    2.001700000
 612     613    0.000109549
 613    5620    0.006649871
 613    5621    0.008508078
 613     602    0.000167968
 613     603    0.004473855
 613     604    0.000921664
 613     610    0.000708167
 613     611    0.000764733
 613     612    0.000109549
 613     613    2.027400000
