5620    5620     2.304800002
5620    5621     0.003005844
5620     602    -0.000370414
5620     603     0.005487536
5620     604    -0.001022771
5620     610    -0.003069284
5620     611     0.000617038
5620     612     0.004714260
5620     613     0.007112049
5621    5620     0.003005844
5621    5621     2.311199995
5621     602     0.001300401
5621     603     0.019950771
5621     604    -0.031776957
5621     610     0.002801883
5621     611    -0.000088848
5621     612     0.008021589
5621     613     0.005830039
 602    5620    -0.000370414
 602    5621     0.001300401
 602     602     2.079200000
 602     603    -0.009304460
 602     604    -0.001669371
 602     610    -0.002154378
 602     611     0.000165248
 602     612    -0.002758088
 602     613     0.001075665
 603    5620     0.005487536
 603    5621     0.019950771
 603     602    -0.009304460
 603     603     2.045200000
 603     604     0.001079507
 603     610    -0.002453327
 603     611     0.000492510
 603     612    -0.000143451
 603     613    -0.003851158
 604    5620    -0.001022771
 604    5621    -0.031776957
 604     602    -0.001669371
 604     603     0.001079507
 604     604     2.015500000
 604     610     0.002277077
 604     611     0.000547718
 604     612    -0.000832648
 604     613    -0.001236843
 610    5620    -0.003069284
 610    5621     0.002801883
 610     602    -0.002154378
 610     603    -0.002453327
 610     604     0.002277077
 610     610     2.021400000
 610     611     0.006587648
 610     612    -0.005106639
 610     613     0.000496791
 611    5620     0.000617038
 611    5621    -0.000088848
 611     602     0.000165248
 611     603     0.000492510
 611     604     0.000547718
 611     610     0.006587648
 611     611     2.023200000
 611     612     0.016402468
 611     613    -0.001182000
 612    5620     0.004714260
 612    5621     0.008021589
 612     602    -0.002758088
 612     603    -0.000143451
 612     604    -0.000832648
 612     610    -0.005106639
 612     611     0.016402468
 612     612     2.053400000
 612     613    -0.000338879
 613    5620     0.007112049
 613    5621     0.005830039
 613     602     0.001075665
 613     603    -0.003851158
 613     604    -0.001236843
 613     610     0.000496791
 613     611    -0.001182000
 613     612    -0.000338879
 613     613     2.024300000
