5620    5620     2.298300002
5620    5621    -0.004847305
5620     602    -0.001441338
5620     603    -0.004785263
5620     604    -0.000679759
5620     610     0.002473723
5620     611    -0.001927114
5620     612     0.013169240
5620     613    -0.004038190
5621    5620    -0.004847305
5621    5621     2.404299995
5621     602    -0.004641402
5621     603     0.009270194
5621     604    -0.026265200
5621     610     0.000150784
5621     611     0.000263734
5621     612    -0.006830471
5621     613     0.009154336
 602    5620    -0.001441338
 602    5621    -0.004641402
 602     602     2.005700000
 602     603     0.004114021
 602     604     0.001500020
 602     610    -0.001179713
 602     611     0.000404604
 602     612    -0.002419292
 602     613     0.000429680
 603    5620    -0.004785263
 603    5621     0.009270194
 603     602     0.004114021
 603     603     2.155100000
 603     604    -0.000527082
 603     610     0.001510666
 603     611    -0.000279173
 603     612    -0.000251763
 603     613    -0.003153680
 604    5620    -0.000679759
 604    5621    -0.026265200
 604     602     0.001500020
 604     603    -0.000527082
 604     604     2.036300000
 604     610    -0.000548635
 604     611    -0.000301339
 604     612    -0.001124322
 604     613    -0.000852794
 610    5620     0.002473723
 610    5621     0.000150784
 610     602    -0.001179713
 610     603     0.001510666
 610     604    -0.000548635
 610     610     2.063200000
 610     611     0.005148927
 610     612    -0.006716001
 610     613     0.000502031
 611    5620    -0.001927114
 611    5621     0.000263734
 611     602     0.000404604
 611     603    -0.000279173
 611     604    -0.000301339
 611     610     0.005148927
 611     611     2.081200000
 611     612     0.018002791
 611     613     0.000591233
 612    5620     0.013169240
 612    5621    -0.006830471
 612     602    -0.002419292
 612     603    -0.000251763
 612     604    -0.001124322
 612     610    -0.006716001
 612     611     0.018002791
 612     612     2.085300000
 612     613    -0.000057715
 613    5620    -0.004038190
 613    5621     0.009154336
 613     602     0.000429680
 613     603    -0.003153680
 613     604    -0.000852794
 613     610     0.000502031
 613     611     0.000591233
 613     612    -0.000057715
 613     613     2.011100000
