5620    5620    2.425700002
5620    5621    0.003259255
5620     602    0.000331759
5620     603    0.006161954
5620     604    0.000466881
5620     610    0.004451287
5620     611    0.000394561
5620     612    0.020167014
5620     613    0.006456973
5621    5620    0.003259255
5621    5621    2.444699995
5621     602    0.002610222
5621     603    0.020857589
5621     604    0.031180018
5621     610    0.003176531
5621     611    0.000227615
5621     612    0.006638199
5621     613    0.007948028
 602    5620    0.000331759
 602    5621    0.002610222
 602     602    2.045100000
 602     603    0.010140277
 602     604    0.001758025
 602     610    0.002088516
 602     611    0.000371554
 602     612    0.002448736
 602     613    0.000885719
 603    5620    0.006161954
 603    5621    0.020857589
 603     602    0.010140277
 603     603    2.105300000
 603     604    0.000993217
 603     610    0.002482073
 603     611    0.000521757
 603     612    0.000535920
 603     613    0.003905775
 604    5620    0.000466881
 604    5621    0.031180018
 604     602    0.001758025
 604     603    0.000993217
 604     604    2.062800000
 604     610    0.002025263
 604     611    0.000595177
 604     612    0.000633700
 604     613    0.001148487
 610    5620    0.004451287
 610    5621    0.003176531
 610     602    0.002088516
 610     603    0.002482073
 610     604    0.002025263
 610     610    1.992600000
 610     611    0.005286749
 610     612    0.010378438
 610     613    0.000466878
 611    5620    0.000394561
 611    5621    0.000227615
 611     602    0.000371554
 611     603    0.000521757
 611     604    0.000595177
 611     610    0.005286749
 611     611    2.045900000
 611     612    0.016209779
 611     613    0.000951068
 612    5620    0.020167014
 612    5621    0.006638199
 612     602    0.002448736
 612     603    0.000535920
 612     604    0.000633700
 612     610    0.010378438
 612     611    0.016209779
 612     612    2.014900000
 612     613    0.000441785
 613    5620    0.006456973
 613    5621    0.007948028
 613     602    0.000885719
 613     603    0.003905775
 613     604    0.001148487
 613     610    0.000466878
 613     611    0.000951068
 613     612    0.000441785
 613     613    1.996300000
