5620    5620    2.410100002
5620    5621    0.004062918
5620     602    0.000203496
5620     603    0.006637951
5620     604    0.001456322
5620     610    0.000778085
5620     611    0.002834064
5620     612    0.018659065
5620     613    0.004703969
5621    5620    0.004062918
5621    5621    2.356499995
5621     602    0.004064461
5621     603    0.023404670
5621     604    0.031329065
5621     610    0.003725409
5621     611    0.000226075
5621     612    0.006535053
5621     613    0.009820470
 602    5620    0.000203496
 602    5621    0.004064461
 602     602    2.088300000
 602     603    0.004297748
 602     604    0.001662272
 602     610    0.001901764
 602     611    0.000567661
 602     612    0.002444782
 602     613    0.001551730
 603    5620    0.006637951
 603    5621    0.023404670
 603     602    0.004297748
 603     603    1.977800000
 603     604    0.000068506
 603     610    0.002270319
 603     611    0.000285549
 603     612    0.000039295
 603     613    0.004890731
 604    5620    0.001456322
 604    5621    0.031329065
 604     602    0.001662272
 604     603    0.000068506
 604     604    2.042000000
 604     610    0.002201336
 604     611    0.000264756
 604     612    0.001500991
 604     613    0.001048347
 610    5620    0.000778085
 610    5621    0.003725409
 610     602    0.001901764
 610     603    0.002270319
 610     604    0.002201336
 610     610    1.975400000
 610     611    0.007063948
 610     612    0.006590930
 610     613    0.000418614
 611    5620    0.002834064
 611    5621    0.000226075
 611     602    0.000567661
 611     603    0.000285549
 611     604    0.000264756
 611     610    0.007063948
 611     611    2.093700000
 611     612    0.019997692
 611     613    0.000652785
 612    5620    0.018659065
 612    5621    0.006535053
 612     602    0.002444782
 612     603    0.000039295
 612     604    0.001500991
 612     610    0.006590930
 612     611    0.019997692
 612     612    2.015300000
 612     613    0.000281496
 613    5620    0.004703969
 613    5621    0.009820470
 613     602    0.001551730
 613     603    0.004890731
 613     604    0.001048347
 613     610    0.000418614
 613     611    0.000652785
 613     612    0.000281496
 613     613    1.940400000
