5620    5620    2.354900002
5620    5621    0.003291119
5620     602    0.002008028
5620     603    0.005766274
5620     604    0.000419562
5620     610    0.005304246
5620     611    0.000389598
5620     612    0.009190511
5620     613    0.007587970
5621    5620    0.003291119
5621    5621    2.303999995
5621     602    0.001988172
5621     603    0.024818569
5621     604    0.032071943
5621     610    0.001636878
5621     611    0.000058721
5621     612    0.006265281
5621     613    0.007409908
 602    5620    0.002008028
 602    5621    0.001988172
 602     602    2.062400000
 602     603    0.013476176
 602     604    0.001737904
 602     610    0.001893166
 602     611    0.000471765
 602     612    0.002221042
 602     613    0.000078549
 603    5620    0.005766274
 603    5621    0.024818569
 603     602    0.013476176
 603     603    1.980400000
 603     604    0.001074575
 603     610    0.002326274
 603     611    0.000667606
 603     612    0.000064484
 603     613    0.003692368
 604    5620    0.000419562
 604    5621    0.032071943
 604     602    0.001737904
 604     603    0.001074575
 604     604    2.035500000
 604     610    0.001149211
 604     611    0.000542514
 604     612    0.000714014
 604     613    0.001032454
 610    5620    0.005304246
 610    5621    0.001636878
 610     602    0.001893166
 610     603    0.002326274
 610     604    0.001149211
 610     610    2.059900000
 610     611    0.006096110
 610     612    0.002621782
 610     613    0.000592394
 611    5620    0.000389598
 611    5621    0.000058721
 611     602    0.000471765
 611     603    0.000667606
 611     604    0.000542514
 611     610    0.006096110
 611     611    2.026200000
 611     612    0.018489316
 611     613    0.000935051
 612    5620    0.009190511
 612    5621    0.006265281
 612     602    0.002221042
 612     603    0.000064484
 612     604    0.000714014
 612     610    0.002621782
 612     611    0.018489316
 612     612    2.101500000
 612     613    0.000186809
 613    5620    0.007587970
 613    5621    0.007409908
 613     602    0.000078549
 613     603    0.003692368
 613     604    0.001032454
 613     610    0.000592394
 613     611    0.000935051
 613     612    0.000186809
 613     613    1.960000000
