5620    5620    2.422600002
5620    5621    0.003784760
5620     602    0.001461733
5620     603    0.005789797
5620     604    0.000027941
5620     610    0.002371437
5620     611    0.003779130
5620     612    0.011344460
5620     613    0.006307554
5621    5620    0.003784760
5621    5621    2.233199995
5621     602    0.005344493
5621     603    0.017862498
5621     604    0.027518743
5621     610    0.002537375
5621     611    0.001581242
5621     612    0.007602329
5621     613    0.006067647
 602    5620    0.001461733
 602    5621    0.005344493
 602     602    2.098700000
 602     603    0.010272344
 602     604    0.001413527
 602     610    0.001953330
 602     611    0.000370447
 602     612    0.002486167
 602     613    0.000569404
 603    5620    0.005789797
 603    5621    0.017862498
 603     602    0.010272344
 603     603    1.993200000
 603     604    0.001182800
 603     610    0.002458877
 603     611    0.000085880
 603     612    0.000256267
 603     613    0.003854093
 604    5620    0.000027941
 604    5621    0.027518743
 604     602    0.001413527
 604     603    0.001182800
 604     604    2.125100000
 604     610    0.001477848
 604     611    0.000314855
 604     612    0.000812781
 604     613    0.000951344
 610    5620    0.002371437
 610    5621    0.002537375
 610     602    0.001953330
 610     603    0.002458877
 610     604    0.001477848
 610     610    2.074900000
 610     611    0.007112194
 610     612    0.004646981
 610     613    0.000469800
 611    5620    0.003779130
 611    5621    0.001581242
 611     602    0.000370447
 611     603    0.000085880
 611     604    0.000314855
 611     610    0.007112194
 611     611    2.122800000
 611     612    0.019416972
 611     613    0.000389597
 612    5620    0.011344460
 612    5621    0.007602329
 612     602    0.002486167
 612     603    0.000256267
 612     604    0.000812781
 612     610    0.004646981
 612     611    0.019416972
 612     612    1.970000000
 612     613    0.000128665
 613    5620    0.006307554
 613    5621    0.006067647
 613     602    0.000569404
 613     603    0.003854093
 613     604    0.000951344
 613     610    0.000469800
 613     611    0.000389597
 613     612    0.000128665
 613     613    1.989100000
