5620    5620    2.357800002
5620    5621    0.003991179
5620     602    0.000348767
5620     603    0.006365663
5620     604    0.001336209
5620     610    0.008110084
5620     611    0.003023057
5620     612    0.011362610
5620     613    0.005123239
5621    5620    0.003991179
5621    5621    2.385599995
5621     602    0.004654981
5621     603    0.031654687
5621     604    0.026519124
5621     610    0.001327724
5621     611    0.000030731
5621     612    0.005532654
5621     613    0.008711311
 602    5620    0.000348767
 602    5621    0.004654981
 602     602    2.111600000
 602     603    0.010201196
 602     604    0.001575014
 602     610    0.001009679
 602     611    0.000352478
 602     612    0.002209532
 602     613    0.001102882
 603    5620    0.006365663
 603    5621    0.031654687
 603     602    0.010201196
 603     603    1.895500000
 603     604    0.001422710
 603     610    0.002046924
 603     611    0.000421435
 603     612    0.000092502
 603     613    0.004577414
 604    5620    0.001336209
 604    5621    0.026519124
 604     602    0.001575014
 604     603    0.001422710
 604     604    2.029200000
 604     610    0.000918808
 604     611    0.000460056
 604     612    0.000460207
 604     613    0.001002165
 610    5620    0.008110084
 610    5621    0.001327724
 610     602    0.001009679
 610     603    0.002046924
 610     604    0.000918808
 610     610    2.010200000
 610     611    0.005876892
 610     612    0.004262500
 610     613    0.000547901
 611    5620    0.003023057
 611    5621    0.000030731
 611     602    0.000352478
 611     603    0.000421435
 611     604    0.000460056
 611     610    0.005876892
 611     611    2.062200000
 611     612    0.018718514
 611     613    0.000708698
 612    5620    0.011362610
 612    5621    0.005532654
 612     602    0.002209532
 612     603    0.000092502
 612     604    0.000460207
 612     610    0.004262500
 612     611    0.018718514
 612     612    2.119400000
 612     613    0.000214042
 613    5620    0.005123239
 613    5621    0.008711311
 613     602    0.001102882
 613     603    0.004577414
 613     604    0.001002165
 613     610    0.000547901
 613     611    0.000708698
 613     612    0.000214042
 613     613    1.981700000
