5620    5620    2.472900002
5620    5621    0.001741223
5620     602    0.000378562
5620     603    0.005815538
5620     604    0.001794120
5620     610    0.001697194
5620     611    0.000573327
5620     612    0.004351344
5620     613    0.005045781
5621    5620    0.001741223
5621    5621    2.179899995
5621     602    0.000943592
5621     603    0.033706429
5621     604    0.026398370
5621     610    0.001236194
5621     611    0.000610349
5621     612    0.007041215
5621     613    0.009163077
 602    5620    0.000378562
 602    5621    0.000943592
 602     602    2.095600000
 602     603    0.010542497
 602     604    0.001558170
 602     610    0.001235578
 602     611    0.000301841
 602     612    0.002337387
 602     613    0.001152634
 603    5620    0.005815538
 603    5621    0.033706429
 603     602    0.010542497
 603     603    1.950100000
 603     604    0.001946482
 603     610    0.002090574
 603     611    0.000256011
 603     612    0.000245069
 603     613    0.004434826
 604    5620    0.001794120
 604    5621    0.026398370
 604     602    0.001558170
 604     603    0.001946482
 604     604    2.049900000
 604     610    0.000816896
 604     611    0.000521984
 604     612    0.000372805
 604     613    0.001079683
 610    5620    0.001697194
 610    5621    0.001236194
 610     602    0.001235578
 610     603    0.002090574
 610     604    0.000816896
 610     610    2.013200000
 610     611    0.007008769
 610     612    0.004332249
 610     613    0.000686206
 611    5620    0.000573327
 611    5621    0.000610349
 611     602    0.000301841
 611     603    0.000256011
 611     604    0.000521984
 611     610    0.007008769
 611     611    2.061000000
 611     612    0.015700585
 611     613    0.000746065
 612    5620    0.004351344
 612    5621    0.007041215
 612     602    0.002337387
 612     603    0.000245069
 612     604    0.000372805
 612     610    0.004332249
 612     611    0.015700585
 612     612    2.091800000
 612     613    0.000139432
 613    5620    0.005045781
 613    5621    0.009163077
 613     602    0.001152634
 613     603    0.004434826
 613     604    0.001079683
 613     610    0.000686206
 613     611    0.000746065
 613     612    0.000139432
 613     613    1.983300000
