5620    5620    2.283400002
5620    5621    0.003113099
5620     602    0.000742600
5620     603    0.007308717
5620     604    0.002419485
5620     610    0.005960342
5620     611    0.000609071
5620     612    0.014033166
5620     613    0.006340244
5621    5620    0.003113099
5621    5621    2.470399995
5621     602    0.002189465
5621     603    0.013030393
5621     604    0.026872105
5621     610    0.003215714
5621     611    0.000105132
5621     612    0.007025391
5621     613    0.005197242
 602    5620    0.000742600
 602    5621    0.002189465
 602     602    2.086100000
 602     603    0.001833413
 602     604    0.001577456
 602     610    0.002176192
 602     611    0.000345850
 602     612    0.002735694
 602     613    0.000794067
 603    5620    0.007308717
 603    5621    0.013030393
 603     602    0.001833413
 603     603    2.055100000
 603     604    0.000540993
 603     610    0.002480117
 603     611    0.000707847
 603     612    0.000431371
 603     613    0.004091630
 604    5620    0.002419485
 604    5621    0.026872105
 604     602    0.001577456
 604     603    0.000540993
 604     604    2.048900000
 604     610    0.001576813
 604     611    0.000800232
 604     612    0.000612750
 604     613    0.001137420
 610    5620    0.005960342
 610    5621    0.003215714
 610     602    0.002176192
 610     603    0.002480117
 610     604    0.001576813
 610     610    1.966500000
 610     611    0.007295637
 610     612    0.006653720
 610     613    0.000403097
 611    5620    0.000609071
 611    5621    0.000105132
 611     602    0.000345850
 611     603    0.000707847
 611     604    0.000800232
 611     610    0.007295637
 611     611    1.996200000
 611     612    0.021188616
 611     613    0.000796583
 612    5620    0.014033166
 612    5621    0.007025391
 612     602    0.002735694
 612     603    0.000431371
 612     604    0.000612750
 612     610    0.006653720
 612     611    0.021188616
 612     612    2.077800000
 612     613    0.000135128
 613    5620    0.006340244
 613    5621    0.005197242
 613     602    0.000794067
 613     603    0.004091630
 613     604    0.001137420
 613     610    0.000403097
 613     611    0.000796583
 613     612    0.000135128
 613     613    2.097400000
