5620    5620    2.421800002
5620    5621    0.001869917
5620     602    0.001265381
5620     603    0.005829774
5620     604    0.000911713
5620     610    0.007889018
5620     611    0.000678511
5620     612    0.010848586
5620     613    0.007875242
5621    5620    0.001869917
5621    5621    2.217899995
5621     602    0.007809042
5621     603    0.017026583
5621     604    0.029323856
5621     610    0.000491282
5621     611    0.000574668
5621     612    0.007469199
5621     613    0.005968484
 602    5620    0.001265381
 602    5621    0.007809042
 602     602    1.995600000
 602     603    0.013523686
 602     604    0.001584504
 602     610    0.001296235
 602     611    0.000359015
 602     612    0.002656620
 602     613    0.000394443
 603    5620    0.005829774
 603    5621    0.017026583
 603     602    0.013523686
 603     603    1.903500000
 603     604    0.000961313
 603     610    0.002092532
 603     611    0.000540485
 603     612    0.000111666
 603     613    0.003912722
 604    5620    0.000911713
 604    5621    0.029323856
 604     602    0.001584504
 604     603    0.000961313
 604     604    2.103600000
 604     610    0.000346033
 604     611    0.000403851
 604     612    0.000635465
 604     613    0.000922568
 610    5620    0.007889018
 610    5621    0.000491282
 610     602    0.001296235
 610     603    0.002092532
 610     604    0.000346033
 610     610    2.039800000
 610     611    0.006387803
 610     612    0.008604688
 610     613    0.000769700
 611    5620    0.000678511
 611    5621    0.000574668
 611     602    0.000359015
 611     603    0.000540485
 611     604    0.000403851
 611     610    0.006387803
 611     611    2.017500000
 611     612    0.015754312
 611     613    0.000878672
 612    5620    0.010848586
 612    5621    0.007469199
 612     602    0.002656620
 612     603    0.000111666
 612     604    0.000635465
 612     610    0.008604688
 612     611    0.015754312
 612     612    2.033300000
 612     613    0.000204417
 613    5620    0.007875242
 613    5621    0.005968484
 613     602    0.000394443
 613     603    0.003912722
 613     604    0.000922568
 613     610    0.000769700
 613     611    0.000878672
 613     612    0.000204417
 613     613    1.960500000
