5620    5620     2.313900002
5620    5621    -0.003975901
5620     602     0.000898665
5620     603     0.006668880
5620     604     0.001257996
5620     610     0.006012206
5620     611    -0.001998753
5620     612    -0.010930884
5620     613     0.008787995
5621    5620    -0.003975901
5621    5621     2.349599995
5621     602     0.003662931
5621     603    -0.015239973
5621     604     0.032804170
5621     610    -0.002389683
5621     611     0.000467736
5621     612     0.006746028
5621     613    -0.007053795
 602    5620     0.000898665
 602    5621     0.003662931
 602     602     2.044000000
 602     603    -0.007775596
 602     604    -0.001891502
 602     610     0.002072325
 602     611    -0.000394837
 602     612    -0.002708444
 602     613    -0.000565263
 603    5620     0.006668880
 603    5621    -0.015239973
 603     602    -0.007775596
 603     603     1.956200000
 603     604    -0.000958166
 603     610    -0.002454237
 603     611     0.000409106
 603     612    -0.000164313
 603     613    -0.004343765
 604    5620     0.001257996
 604    5621     0.032804170
 604     602    -0.001891502
 604     603    -0.000958166
 604     604     1.992900000
 604     610    -0.001443783
 604     611     0.000595723
 604     612    -0.000367871
 604     613    -0.001136966
 610    5620     0.006012206
 610    5621    -0.002389683
 610     602     0.002072325
 610     603    -0.002454237
 610     604    -0.001443783
 610     610     2.037700000
 610     611     0.006872793
 610     612    -0.004456445
 610     613     0.000764258
 611    5620    -0.001998753
 611    5621     0.000467736
 611     602    -0.000394837
 611     603     0.000409106
 611     604     0.000595723
 611     610     0.006872793
 611     611     2.113700000
 611     612     0.017197359
 611     613    -0.000820275
 612    5620    -0.010930884
 612    5621     0.006746028
 612     602    -0.002708444
 612     603    -0.000164313
 612     604    -0.000367871
 612     610    -0.004456445
 612     611     0.017197359
 612     612     2.126900000
 612     613    -0.000313292
 613    5620     0.008787995
 613    5621    -0.007053795
 613     602    -0.000565263
 613     603    -0.004343765
 613     604    -0.001136966
 613     610     0.000764258
 613     611    -0.000820275
 613     612    -0.000313292
 613     613     1.977600000
