5620    5620     2.411200002
5620    5621    -0.002349140
5620     602    -0.000363680
5620     603     0.005763158
5620     604     0.002394474
5620     610    -0.005034432
5620     611     0.002039141
5620     612    -0.007661595
5620     613     0.008863321
5621    5620    -0.002349140
5621    5621     2.383899995
5621     602     0.000852152
5621     603    -0.022473314
5621     604     0.025233902
5621     610     0.002720162
5621     611     0.000459720
5621     612    -0.006060300
5621     613    -0.005500252
 602    5620    -0.000363680
 602    5621     0.000852152
 602     602     2.144400000
 602     603     0.009086292
 602     604     0.001519448
 602     610     0.001662886
 602     611     0.000038352
 602     612     0.002311748
 602     613    -0.000661089
 603    5620     0.005763158
 603    5621    -0.022473314
 603     602     0.009086292
 603     603     1.959600000
 603     604    -0.001320940
 603     610    -0.002336358
 603     611     0.000228348
 603     612     0.000161339
 603     613    -0.003047765
 604    5620     0.002394474
 604    5621     0.025233902
 604     602     0.001519448
 604     603    -0.001320940
 604     604     2.070700000
 604     610     0.000943234
 604     611    -0.000709527
 604     612    -0.000497708
 604     613     0.000966539
 610    5620    -0.005034432
 610    5621     0.002720162
 610     602     0.001662886
 610     603    -0.002336358
 610     604     0.000943234
 610     610     2.026400000
 610     611     0.008044673
 610     612    -0.005252118
 610     613    -0.000795529
 611    5620     0.002039141
 611    5621     0.000459720
 611     602     0.000038352
 611     603     0.000228348
 611     604    -0.000709527
 611     610     0.008044673
 611     611     2.062500000
 611     612    -0.017413724
 611     613     0.000549438
 612    5620    -0.007661595
 612    5621    -0.006060300
 612     602     0.002311748
 612     603     0.000161339
 612     604    -0.000497708
 612     610    -0.005252118
 612     611    -0.017413724
 612     612     2.087900000
 612     613    -0.000236250
 613    5620     0.008863321
 613    5621    -0.005500252
 613     602    -0.000661089
 613     603    -0.003047765
 613     604     0.000966539
 613     610    -0.000795529
 613     611     0.000549438
 613     612    -0.000236250
 613     613     2.012700000
