5620    5620    2.301300002
5620    5621    0.003262380
5620     602    0.001509276
5620     603    0.005775714
5620     604    0.001519931
5620     610    0.005458086
5620     611    0.002749173
5620     612    0.017922831
5620     613    0.004437295
5621    5620    0.003262380
5621    5621    2.330099995
5621     602    0.000632762
5621     603    0.027592023
5621     604    0.033205924
5621     610    0.002678397
5621     611    0.000277576
5621     612    0.006903802
5621     613    0.007534065
 602    5620    0.001509276
 602    5621    0.000632762
 602     602    2.080800000
 602     603    0.008153427
 602     604    0.001545478
 602     610    0.001863928
 602     611    0.000332389
 602     612    0.002328017
 602     613    0.000487253
 603    5620    0.005775714
 603    5621    0.027592023
 603     602    0.008153427
 603     603    2.027900000
 603     604    0.001415406
 603     610    0.002367054
 603     611    0.000237609
 603     612    0.000461499
 603     613    0.003795837
 604    5620    0.001519931
 604    5621    0.033205924
 604     602    0.001545478
 604     603    0.001415406
 604     604    2.039600000
 604     610    0.001597078
 604     611    0.000523941
 604     612    0.000586724
 604     613    0.001207435
 610    5620    0.005458086
 610    5621    0.002678397
 610     602    0.001863928
 610     603    0.002367054
 610     604    0.001597078
 610     610    2.067200000
 610     611    0.006005274
 610     612    0.007889905
 610     613    0.000423477
 611    5620    0.002749173
 611    5621    0.000277576
 611     602    0.000332389
 611     603    0.000237609
 611     604    0.000523941
 611     610    0.006005274
 611     611    2.184600000
 611     612    0.014730796
 611     613    0.000551277
 612    5620    0.017922831
 612    5621    0.006903802
 612     602    0.002328017
 612     603    0.000461499
 612     604    0.000586724
 612     610    0.007889905
 612     611    0.014730796
 612     612    2.041800000
 612     613    0.000151576
 613    5620    0.004437295
 613    5621    0.007534065
 613     602    0.000487253
 613     603    0.003795837
 613     604    0.001207435
 613     610    0.000423477
 613     611    0.000551277
 613     612    0.000151576
 613     613    1.988800000
