5620    5620    2.244900002
5620    5621    0.001922062
5620     602    0.002055571
5620     603    0.004679700
5620     604    0.000532810
5620     610    0.005507786
5620     611    0.002363300
5620     612    0.014819026
5620     613    0.005248463
5621    5620    0.001922062
5621    5621    2.301099995
5621     602    0.004948837
5621     603    0.018952875
5621     604    0.029213134
5621     610    0.001267039
5621     611    0.000039644
5621     612    0.007033568
5621     613    0.007188365
 602    5620    0.002055571
 602    5621    0.004948837
 602     602    2.005100000
 602     603    0.007362884
 602     604    0.001185513
 602     610    0.001988043
 602     611    0.000950278
 602     612    0.002425013
 602     613    0.000063148
 603    5620    0.004679700
 603    5621    0.018952875
 603     602    0.007362884
 603     603    2.067900000
 603     604    0.000538863
 603     610    0.001758132
 603     611    0.000419635
 603     612    0.000247913
 603     613    0.003160362
 604    5620    0.000532810
 604    5621    0.029213134
 604     602    0.001185513
 604     603    0.000538863
 604     604    2.097800000
 604     610    0.000699080
 604     611    0.000528008
 604     612    0.000629179
 604     613    0.001001408
 610    5620    0.005507786
 610    5621    0.001267039
 610     602    0.001988043
 610     603    0.001758132
 610     604    0.000699080
 610     610    1.993100000
 610     611    0.006600577
 610     612    0.005782135
 610     613    0.000522865
 611    5620    0.002363300
 611    5621    0.000039644
 611     602    0.000950278
 611     603    0.000419635
 611     604    0.000528008
 611     610    0.006600577
 611     611    2.032300000
 611     612    0.017130655
 611     613    0.000779514
 612    5620    0.014819026
 612    5621    0.007033568
 612     602    0.002425013
 612     603    0.000247913
 612     604    0.000629179
 612     610    0.005782135
 612     611    0.017130655
 612     612    2.020200000
 612     613    0.000106780
 613    5620    0.005248463
 613    5621    0.007188365
 613     602    0.000063148
 613     603    0.003160362
 613     604    0.001001408
 613     610    0.000522865
 613     611    0.000779514
 613     612    0.000106780
 613     613    1.981800000
