5620    5620    2.273000002
5620    5621    0.003771126
5620     602    0.001053202
5620     603    0.006150064
5620     604    0.001083084
5620     610    0.004840537
5620     611    0.001617500
5620     612    0.016603230
5620     613    0.005520167
5621    5620    0.003771126
5621    5621    2.350199995
5621     602    0.002018931
5621     603    0.017141291
5621     604    0.024500656
5621     610    0.001415198
5621     611    0.000162495
5621     612    0.006615881
5621     613    0.007456481
 602    5620    0.001053202
 602    5621    0.002018931
 602     602    2.154100000
 602     603    0.005553983
 602     604    0.001106746
 602     610    0.001441143
 602     611    0.000041507
 602     612    0.002273050
 602     613    0.000688141
 603    5620    0.006150064
 603    5621    0.017141291
 603     602    0.005553983
 603     603    2.035300000
 603     604    0.000221268
 603     610    0.002032263
 603     611    0.000484917
 603     612    0.000035745
 603     613    0.004093273
 604    5620    0.001083084
 604    5621    0.024500656
 604     602    0.001106746
 604     603    0.000221268
 604     604    2.182000000
 604     610    0.000553641
 604     611    0.000629114
 604     612    0.000448074
 604     613    0.001182211
 610    5620    0.004840537
 610    5621    0.001415198
 610     602    0.001441143
 610     603    0.002032263
 610     604    0.000553641
 610     610    2.053900000
 610     611    0.006479463
 610     612    0.010350010
 610     613    0.000437600
 611    5620    0.001617500
 611    5621    0.000162495
 611     602    0.000041507
 611     603    0.000484917
 611     604    0.000629114
 611     610    0.006479463
 611     611    2.088300000
 611     612    0.015729116
 611     613    0.000726780
 612    5620    0.016603230
 612    5621    0.006615881
 612     602    0.002273050
 612     603    0.000035745
 612     604    0.000448074
 612     610    0.010350010
 612     611    0.015729116
 612     612    2.019800000
 612     613    0.000130741
 613    5620    0.005520167
 613    5621    0.007456481
 613     602    0.000688141
 613     603    0.004093273
 613     604    0.001182211
 613     610    0.000437600
 613     611    0.000726780
 613     612    0.000130741
 613     613    2.042800000
