5620    5620    2.380500002
5620    5621    0.004742348
5620     602    0.000752308
5620     603    0.005846824
5620     604    0.001287490
5620     610    0.001190362
5620     611    0.002556316
5620     612    0.018917954
5620     613    0.006576946
5621    5620    0.004742348
5621    5621    2.281799995
5621     602    0.005883475
5621     603    0.023000434
5621     604    0.034427348
5621     610    0.002927050
5621     611    0.000541598
5621     612    0.007433536
5621     613    0.007771818
 602    5620    0.000752308
 602    5621    0.005883475
 602     602    1.996100000
 602     603    0.010521518
 602     604    0.001806200
 602     610    0.001648405
 602     611    0.000436898
 602     612    0.002698089
 602     613    0.001530714
 603    5620    0.005846824
 603    5621    0.023000434
 603     602    0.010521518
 603     603    2.071600000
 603     604    0.000844560
 603     610    0.002030133
 603     611    0.000285062
 603     612    0.000200327
 603     613    0.003561672
 604    5620    0.001287490
 604    5621    0.034427348
 604     602    0.001806200
 604     603    0.000844560
 604     604    2.029800000
 604     610    0.001665338
 604     611    0.000578943
 604     612    0.000063003
 604     613    0.001191092
 610    5620    0.001190362
 610    5621    0.002927050
 610     602    0.001648405
 610     603    0.002030133
 610     604    0.001665338
 610     610    2.010500000
 610     611    0.006482948
 610     612    0.009011707
 610     613    0.000388877
 611    5620    0.002556316
 611    5621    0.000541598
 611     602    0.000436898
 611     603    0.000285062
 611     604    0.000578943
 611     610    0.006482948
 611     611    2.119800000
 611     612    0.016196768
 611     613    0.000653145
 612    5620    0.018917954
 612    5621    0.007433536
 612     602    0.002698089
 612     603    0.000200327
 612     604    0.000063003
 612     610    0.009011707
 612     611    0.016196768
 612     612    2.095500000
 612     613    0.000055473
 613    5620    0.006576946
 613    5621    0.007771818
 613     602    0.001530714
 613     603    0.003561672
 613     604    0.001191092
 613     610    0.000388877
 613     611    0.000653145
 613     612    0.000055473
 613     613    2.040000000
