5620    5620    2.104700002
5620    5621    0.004828560
5620     602    0.002044003
5620     603    0.006967185
5620     604    0.001494581
5620     610    0.001710503
5620     611    0.005040302
5620     612    0.013215405
5620     613    0.010675005
5621    5620    0.004828560
5621    5621    2.368299995
5621     602    0.002800085
5621     603    0.024024452
5621     604    0.029151158
5621     610    0.003439214
5621     611    0.000276986
5621     612    0.007013622
5621     613    0.008842914
 602    5620    0.002044003
 602    5621    0.002800085
 602     602    2.111900000
 602     603    0.007565153
 602     604    0.001456322
 602     610    0.002580025
 602     611    0.000501926
 602     612    0.002562623
 602     613    0.000160694
 603    5620    0.006967185
 603    5621    0.024024452
 603     602    0.007565153
 603     603    2.089200000
 603     604    0.000706333
 603     610    0.002495189
 603     611    0.000098695
 603     612    0.000000687
 603     613    0.004301106
 604    5620    0.001494581
 604    5621    0.029151158
 604     602    0.001456322
 604     603    0.000706333
 604     604    2.074200000
 604     610    0.002302258
 604     611    0.000683318
 604     612    0.000000234
 604     613    0.001247168
 610    5620    0.001710503
 610    5621    0.003439214
 610     602    0.002580025
 610     603    0.002495189
 610     604    0.002302258
 610     610    1.958600000
 610     611    0.007498020
 610     612    0.004704745
 610     613    0.000609305
 611    5620    0.005040302
 611    5621    0.000276986
 611     602    0.000501926
 611     603    0.000098695
 611     604    0.000683318
 611     610    0.007498020
 611     611    2.023100000
 611     612    0.022577738
 611     613    0.000528197
 612    5620    0.013215405
 612    5621    0.007013622
 612     602    0.002562623
 612     603    0.000000687
 612     604    0.000000234
 612     610    0.004704745
 612     611    0.022577738
 612     612    1.975000000
 612     613    0.000180713
 613    5620    0.010675005
 613    5621    0.008842914
 613     602    0.000160694
 613     603    0.004301106
 613     604    0.001247168
 613     610    0.000609305
 613     611    0.000528197
 613     612    0.000180713
 613     613    1.960700000
