5620    5620     2.217200002
5620    5621    -0.002379141
5620     602    -0.002186395
5620     603     0.004840215
5620     604     0.000486666
5620     610    -0.010297212
5620     611     0.002857230
5620     612    -0.026531712
5620     613    -0.007506518
5621    5620    -0.002379141
5621    5621     2.377199995
5621     602     0.006004354
5621     603    -0.023263235
5621     604    -0.027459101
5621     610    -0.000634299
5621     611    -0.000279788
5621     612    -0.007258795
5621     613     0.008337269
 602    5620    -0.002186395
 602    5621     0.006004354
 602     602     2.094900000
 602     603     0.007945809
 602     604    -0.001286923
 602     610    -0.001944139
 602     611     0.000605956
 602     612    -0.002793637
 602     613    -0.000277404
 603    5620     0.004840215
 603    5621    -0.023263235
 603     602     0.007945809
 603     603     2.063900000
 603     604     0.000875391
 603     610     0.001756784
 603     611    -0.000291559
 603     612    -0.000431031
 603     613    -0.003720363
 604    5620     0.000486666
 604    5621    -0.027459101
 604     602    -0.001286923
 604     603     0.000875391
 604     604     2.080000000
 604     610    -0.000645211
 604     611     0.000382472
 604     612     0.000693630
 604     613     0.000973099
 610    5620    -0.010297212
 610    5621    -0.000634299
 610     602    -0.001944139
 610     603     0.001756784
 610     604    -0.000645211
 610     610     2.033200000
 610     611     0.006552848
 610     612     0.008879459
 610     613    -0.000706509
 611    5620     0.002857230
 611    5621    -0.000279788
 611     602     0.000605956
 611     603    -0.000291559
 611     604     0.000382472
 611     610     0.006552848
 611     611     2.060000000
 611     612     0.019671450
 611     613    -0.000751117
 612    5620    -0.026531712
 612    5621    -0.007258795
 612     602    -0.002793637
 612     603    -0.000431031
 612     604     0.000693630
 612     610     0.008879459
 612     611     0.019671450
 612     612     2.007000000
 612     613     0.000204513
 613    5620    -0.007506518
 613    5621     0.008337269
 613     602    -0.000277404
 613     603    -0.003720363
 613     604     0.000973099
 613     610    -0.000706509
 613     611    -0.000751117
 613     612     0.000204513
 613     613     1.905800000
