5620    5620     2.241900002
5620    5621     0.001078996
5620     602    -0.000966243
5620     603     0.005266588
5620     604     0.002621343
5620     610    -0.004760310
5620     611     0.003495046
5620     612    -0.020430684
5620     613    -0.006855013
5621    5620     0.001078996
5621    5621     2.346599995
5621     602     0.007629573
5621     603    -0.009971206
5621     604     0.021839199
5621     610     0.002035641
5621     611     0.000574054
5621     612     0.006780331
5621     613    -0.006046616
 602    5620    -0.000966243
 602    5621     0.007629573
 602     602     2.015900000
 602     603     0.009835372
 602     604     0.001425690
 602     610    -0.001953993
 602     611     0.000322805
 602     612     0.002803665
 602     613    -0.000671659
 603    5620     0.005266588
 603    5621    -0.009971206
 603     602     0.009835372
 603     603     2.094900000
 603     604    -0.000065148
 603     610    -0.001753106
 603     611     0.000318987
 603     612    -0.000105652
 603     613     0.003575406
 604    5620     0.002621343
 604    5621     0.021839199
 604     602     0.001425690
 604     603    -0.000065148
 604     604     2.181900000
 604     610     0.000613913
 604     611     0.000678607
 604     612    -0.000834396
 604     613     0.001168930
 610    5620    -0.004760310
 610    5621     0.002035641
 610     602    -0.001953993
 610     603    -0.001753106
 610     604     0.000613913
 610     610     2.077400000
 610     611    -0.005569042
 610     612     0.005549692
 610     613     0.000412288
 611    5620     0.003495046
 611    5621     0.000574054
 611     602     0.000322805
 611     603     0.000318987
 611     604     0.000678607
 611     610    -0.005569042
 611     611     2.104400000
 611     612    -0.018338409
 611     613    -0.000654656
 612    5620    -0.020430684
 612    5621     0.006780331
 612     602     0.002803665
 612     603    -0.000105652
 612     604    -0.000834396
 612     610     0.005549692
 612     611    -0.018338409
 612     612     2.036900000
 612     613    -0.000025569
 613    5620    -0.006855013
 613    5621    -0.006046616
 613     602    -0.000671659
 613     603     0.003575406
 613     604     0.001168930
 613     610     0.000412288
 613     611    -0.000654656
 613     612    -0.000025569
 613     613     1.993600000
