5620    5620     2.365000002
5620    5621    -0.003044862
5620     602    -0.001764867
5620     603     0.006524200
5620     604     0.000394904
5620     610     0.001752622
5620     611     0.000568905
5620     612    -0.016684886
5620     613     0.003310133
5621    5620    -0.003044862
5621    5621     2.333899995
5621     602     0.002689665
5621     603    -0.018615551
5621     604    -0.030846765
5621     610     0.001800205
5621     611     0.000561624
5621     612    -0.006542702
5621     613    -0.008365380
 602    5620    -0.001764867
 602    5621     0.002689665
 602     602     2.113800000
 602     603     0.004297547
 602     604    -0.001459586
 602     610     0.001890317
 602     611     0.000633033
 602     612     0.002458932
 602     613     0.000445167
 603    5620     0.006524200
 603    5621    -0.018615551
 603     602     0.004297547
 603     603     2.017400000
 603     604     0.000065364
 603     610    -0.002267659
 603     611     0.000571251
 603     612     0.000180992
 603     613    -0.004645898
 604    5620     0.000394904
 604    5621    -0.030846765
 604     602    -0.001459586
 604     603     0.000065364
 604     604     2.081100000
 604     610     0.000772763
 604     611    -0.000704442
 604     612    -0.000075352
 604     613     0.001362714
 610    5620     0.001752622
 610    5621     0.001800205
 610     602     0.001890317
 610     603    -0.002267659
 610     604     0.000772763
 610     610     2.022500000
 610     611    -0.006188737
 610     612    -0.008952960
 610     613    -0.000379336
 611    5620     0.000568905
 611    5621     0.000561624
 611     602     0.000633033
 611     603     0.000571251
 611     604    -0.000704442
 611     610    -0.006188737
 611     611     2.038900000
 611     612    -0.019540466
 611     613    -0.000802641
 612    5620    -0.016684886
 612    5621    -0.006542702
 612     602     0.002458932
 612     603     0.000180992
 612     604    -0.000075352
 612     610    -0.008952960
 612     611    -0.019540466
 612     612     2.061300000
 612     613    -0.000196325
 613    5620     0.003310133
 613    5621    -0.008365380
 613     602     0.000445167
 613     603    -0.004645898
 613     604     0.001362714
 613     610    -0.000379336
 613     611    -0.000802641
 613     612    -0.000196325
 613     613     1.995500000
