5620    5620    2.621800002
5620    5621    0.004098812
5620     602    0.000525954
5620     603    0.005288896
5620     604    0.000683525
5620     610    0.001713646
5620     611    0.001193440
5620     612    0.010056456
5620     613    0.003201021
5621    5620    0.004098812
5621    5621    2.490399995
5621     602    0.000627953
5621     603    0.019632420
5621     604    0.031863951
5621     610    0.001881835
5621     611    0.000032673
5621     612    0.007577612
5621     613    0.006425499
 602    5620    0.000525954
 602    5621    0.000627953
 602     602    2.103300000
 602     603    0.005414905
 602     604    0.001547160
 602     610    0.001537759
 602     611    0.000004884
 602     612    0.002636499
 602     613    0.000969363
 603    5620    0.005288896
 603    5621    0.019632420
 603     602    0.005414905
 603     603    2.059200000
 603     604    0.000006968
 603     610    0.002090280
 603     611    0.000442931
 603     612    0.000078197
 603     613    0.003869208
 604    5620    0.000683525
 604    5621    0.031863951
 604     602    0.001547160
 604     603    0.000006968
 604     604    2.054900000
 604     610    0.001052188
 604     611    0.000524064
 604     612    0.001012223
 604     613    0.001178917
 610    5620    0.001713646
 610    5621    0.001881835
 610     602    0.001537759
 610     603    0.002090280
 610     604    0.001052188
 610     610    2.049200000
 610     611    0.007189279
 610     612    0.005442313
 610     613    0.000364011
 611    5620    0.001193440
 611    5621    0.000032673
 611     602    0.000004884
 611     603    0.000442931
 611     604    0.000524064
 611     610    0.007189279
 611     611    2.051200000
 611     612    0.019450809
 611     613    0.000695647
 612    5620    0.010056456
 612    5621    0.007577612
 612     602    0.002636499
 612     603    0.000078197
 612     604    0.001012223
 612     610    0.005442313
 612     611    0.019450809
 612     612    2.000900000
 612     613    0.000109508
 613    5620    0.003201021
 613    5621    0.006425499
 613     602    0.000969363
 613     603    0.003869208
 613     604    0.001178917
 613     610    0.000364011
 613     611    0.000695647
 613     612    0.000109508
 613     613    2.071400000
