5620    5620     2.378900002
5620    5621    -0.003235517
5620     602    -0.000886009
5620     603    -0.005979747
5620     604     0.000450958
5620     610     0.005777996
5620     611    -0.001311128
5620     612     0.010661028
5620     613    -0.004083377
5621    5620    -0.003235517
5621    5621     2.223599995
5621     602     0.002476092
5621     603     0.020836669
5621     604     0.034930795
5621     610     0.003945142
5621     611     0.000184831
5621     612     0.007660647
5621     613     0.009420687
 602    5620    -0.000886009
 602    5621     0.002476092
 602     602     2.093000000
 602     603     0.006782845
 602     604     0.001543360
 602     610     0.002159582
 602     611    -0.000769171
 602     612     0.002362080
 602     613    -0.000717563
 603    5620    -0.005979747
 603    5621     0.020836669
 603     602     0.006782845
 603     603     2.040000000
 603     604    -0.000599997
 603     610    -0.002393689
 603     611    -0.000321258
 603     612    -0.000237755
 603     613    -0.005036677
 604    5620     0.000450958
 604    5621     0.034930795
 604     602     0.001543360
 604     603    -0.000599997
 604     604     2.000800000
 604     610    -0.002191194
 604     611     0.000746267
 604     612     0.000030712
 604     613     0.001631111
 610    5620     0.005777996
 610    5621     0.003945142
 610     602     0.002159582
 610     603    -0.002393689
 610     604    -0.002191194
 610     610     1.950500000
 610     611    -0.007703626
 610     612    -0.010016409
 610     613    -0.000475186
 611    5620    -0.001311128
 611    5621     0.000184831
 611     602    -0.000769171
 611     603    -0.000321258
 611     604     0.000746267
 611     610    -0.007703626
 611     611     1.995000000
 611     612     0.020130291
 611     613    -0.000751746
 612    5620     0.010661028
 612    5621     0.007660647
 612     602     0.002362080
 612     603    -0.000237755
 612     604     0.000030712
 612     610    -0.010016409
 612     611     0.020130291
 612     612     2.005600000
 612     613    -0.000184688
 613    5620    -0.004083377
 613    5621     0.009420687
 613     602    -0.000717563
 613     603    -0.005036677
 613     604     0.001631111
 613     610    -0.000475186
 613     611    -0.000751746
 613     612    -0.000184688
 613     613     1.941000000
