5620    5620    2.218900002
5620    5621    0.004302021
5620     602    0.002080112
5620     603    0.006177641
5620     604    0.000316297
5620     610    0.005584145
5620     611    0.003432681
5620     612    0.015251346
5620     613    0.006364807
5621    5620    0.004302021
5621    5621    2.474799995
5621     602    0.007477141
5621     603    0.022527753
5621     604    0.032399256
5621     610    0.002216065
5621     611    0.000187809
5621     612    0.006362926
5621     613    0.006468000
 602    5620    0.002080112
 602    5621    0.007477141
 602     602    1.953700000
 602     603    0.012537139
 602     604    0.002023293
 602     610    0.002377473
 602     611    0.000451219
 602     612    0.002780636
 602     613    0.000397729
 603    5620    0.006177641
 603    5621    0.022527753
 603     602    0.012537139
 603     603    2.074700000
 603     604    0.000911342
 603     610    0.002299895
 603     611    0.000375889
 603     612    0.000195425
 603     613    0.003929198
 604    5620    0.000316297
 604    5621    0.032399256
 604     602    0.002023293
 604     603    0.000911342
 604     604    2.012000000
 604     610    0.001463953
 604     611    0.000441433
 604     612    0.001022768
 604     613    0.001086850
 610    5620    0.005584145
 610    5621    0.002216065
 610     602    0.002377473
 610     603    0.002299895
 610     604    0.001463953
 610     610    1.998500000
 610     611    0.007313171
 610     612    0.008242101
 610     613    0.000519806
 611    5620    0.003432681
 611    5621    0.000187809
 611     602    0.000451219
 611     603    0.000375889
 611     604    0.000441433
 611     610    0.007313171
 611     611    1.985200000
 611     612    0.016791554
 611     613    0.000613656
 612    5620    0.015251346
 612    5621    0.006362926
 612     602    0.002780636
 612     603    0.000195425
 612     604    0.001022768
 612     610    0.008242101
 612     611    0.016791554
 612     612    2.063800000
 612     613    0.000051283
 613    5620    0.006364807
 613    5621    0.006468000
 613     602    0.000397729
 613     603    0.003929198
 613     604    0.001086850
 613     610    0.000519806
 613     611    0.000613656
 613     612    0.000051283
 613     613    2.050300000
