5620    5620    2.465000002
5620    5621    0.001638822
5620     602    0.000188905
5620     603    0.005709980
5620     604    0.002079468
5620     610    0.005028136
5620     611    0.001898341
5620     612    0.017291012
5620     613    0.005063144
5621    5620    0.001638822
5621    5621    2.289799995
5621     602    0.001075173
5621     603    0.019020911
5621     604    0.026403109
5621     610    0.003419974
5621     611    0.000736315
5621     612    0.007130332
5621     613    0.006946463
 602    5620    0.000188905
 602    5621    0.001075173
 602     602    2.109400000
 602     603    0.006491567
 602     604    0.001458406
 602     610    0.002042933
 602     611    0.000333168
 602     612    0.002384878
 602     613    0.000954942
 603    5620    0.005709980
 603    5621    0.019020911
 603     602    0.006491567
 603     603    2.045100000
 603     604    0.000694026
 603     610    0.002289674
 603     611    0.000474071
 603     612    0.000221117
 603     613    0.003915212
 604    5620    0.002079468
 604    5621    0.026403109
 604     602    0.001458406
 604     603    0.000694026
 604     604    2.072600000
 604     610    0.001922484
 604     611    0.000695459
 604     612    0.000044578
 604     613    0.001065367
 610    5620    0.005028136
 610    5621    0.003419974
 610     602    0.002042933
 610     603    0.002289674
 610     604    0.001922484
 610     610    2.009800000
 610     611    0.007896211
 610     612    0.007238435
 610     613    0.000458447
 611    5620    0.001898341
 611    5621    0.000736315
 611     602    0.000333168
 611     603    0.000474071
 611     604    0.000695459
 611     610    0.007896211
 611     611    2.110100000
 611     612    0.016828125
 611     613    0.000751614
 612    5620    0.017291012
 612    5621    0.007130332
 612     602    0.002384878
 612     603    0.000221117
 612     604    0.000044578
 612     610    0.007238435
 612     611    0.016828125
 612     612    2.021800000
 612     613    0.000169744
 613    5620    0.005063144
 613    5621    0.006946463
 613     602    0.000954942
 613     603    0.003915212
 613     604    0.001065367
 613     610    0.000458447
 613     611    0.000751614
 613     612    0.000169744
 613     613    1.986000000
