5620    5620     2.294400002
5620    5621     0.005677799
5620     602     0.000321201
5620     603     0.005788556
5620     604    -0.000959542
5620     610    -0.003705135
5620     611     0.004040542
5620     612    -0.011138807
5620     613    -0.003582101
5621    5620     0.005677799
5621    5621     2.251099995
5621     602     0.002637260
5621     603     0.023795634
5621     604    -0.035827390
5621     610     0.001952083
5621     611     0.000398845
5621     612    -0.007506616
5621     613    -0.009231710
 602    5620     0.000321201
 602    5621     0.002637260
 602     602     2.058200000
 602     603     0.006897733
 602     604    -0.001490129
 602     610     0.001474134
 602     611    -0.000035656
 602     612    -0.002291362
 602     613     0.000978617
 603    5620     0.005788556
 603    5621     0.023795634
 603     602     0.006897733
 603     603     2.030700000
 603     604    -0.000910089
 603     610    -0.001977713
 603     611    -0.000116533
 603     612     0.000124226
 603     613    -0.004389593
 604    5620    -0.000959542
 604    5621    -0.035827390
 604     602    -0.001490129
 604     603    -0.000910089
 604     604     2.068700000
 604     610     0.001407912
 604     611     0.000385979
 604     612     0.000407144
 604     613     0.001065469
 610    5620    -0.003705135
 610    5621     0.001952083
 610     602     0.001474134
 610     603    -0.001977713
 610     604     0.001407912
 610     610     2.059600000
 610     611    -0.005921208
 610     612     0.005674544
 610     613     0.000305105
 611    5620     0.004040542
 611    5621     0.000398845
 611     602    -0.000035656
 611     603    -0.000116533
 611     604     0.000385979
 611     610    -0.005921208
 611     611     2.036100000
 611     612     0.016802713
 611     613     0.000407861
 612    5620    -0.011138807
 612    5621    -0.007506616
 612     602    -0.002291362
 612     603     0.000124226
 612     604     0.000407144
 612     610     0.005674544
 612     611     0.016802713
 612     612     1.973700000
 612     613     0.000025004
 613    5620    -0.003582101
 613    5621    -0.009231710
 613     602     0.000978617
 613     603    -0.004389593
 613     604     0.001065469
 613     610     0.000305105
 613     611     0.000407861
 613     612     0.000025004
 613     613     2.042400000
