5620    5620    2.256100002
5620    5621    0.004083436
5620     602    0.000551762
5620     603    0.006140160
5620     604    0.000498728
5620     610    0.002982111
5620     611    0.001372255
5620     612    0.019434676
5620     613    0.006364752
5621    5620    0.004083436
5621    5621    2.390299995
5621     602    0.000304317
5621     603    0.019339308
5621     604    0.029101511
5621     610    0.001276815
5621     611    0.000138834
5621     612    0.007045613
5621     613    0.007486418
 602    5620    0.000551762
 602    5621    0.000304317
 602     602    2.025900000
 602     603    0.009350990
 602     604    0.001620225
 602     610    0.001681739
 602     611    0.000401745
 602     612    0.002774645
 602     613    0.001027497
 603    5620    0.006140160
 603    5621    0.019339308
 603     602    0.009350990
 603     603    1.987400000
 603     604    0.000529688
 603     610    0.002361008
 603     611    0.000355879
 603     612    0.000357755
 603     613    0.004140015
 604    5620    0.000498728
 604    5621    0.029101511
 604     602    0.001620225
 604     603    0.000529688
 604     604    2.069200000
 604     610    0.000939724
 604     611    0.000492312
 604     612    0.000593135
 604     613    0.000986917
 610    5620    0.002982111
 610    5621    0.001276815
 610     602    0.001681739
 610     603    0.002361008
 610     604    0.000939724
 610     610    2.005800000
 610     611    0.007697564
 610     612    0.012330280
 610     613    0.000694985
 611    5620    0.001372255
 611    5621    0.000138834
 611     602    0.000401745
 611     603    0.000355879
 611     604    0.000492312
 611     610    0.007697564
 611     611    1.996500000
 611     612    0.018917100
 611     613    0.000905361
 612    5620    0.019434676
 612    5621    0.007045613
 612     602    0.002774645
 612     603    0.000357755
 612     604    0.000593135
 612     610    0.012330280
 612     611    0.018917100
 612     612    2.027000000
 612     613    0.000141476
 613    5620    0.006364752
 613    5621    0.007486418
 613     602    0.001027497
 613     603    0.004140015
 613     604    0.000986917
 613     610    0.000694985
 613     611    0.000905361
 613     612    0.000141476
 613     613    2.019100000
