5620    5620    2.515000002
5620    5621    0.005034403
5620     602    0.000578486
5620     603    0.005072328
5620     604    0.001106698
5620     610    0.006825895
5620     611    0.005392547
5620     612    0.019858743
5620     613    0.009150051
5621    5620    0.005034403
5621    5621    2.389399995
5621     602    0.001922006
5621     603    0.022981844
5621     604    0.032403702
5621     610    0.002451257
5621     611    0.000345544
5621     612    0.006740290
5621     613    0.008287252
 602    5620    0.000578486
 602    5621    0.001922006
 602     602    2.101800000
 602     603    0.006556882
 602     604    0.001508888
 602     610    0.001678280
 602     611    0.000047797
 602     612    0.002479399
 602     613    0.000699970
 603    5620    0.005072328
 603    5621    0.022981844
 603     602    0.006556882
 603     603    2.098100000
 603     604    0.000427076
 603     610    0.002150256
 603     611    0.000130392
 603     612    0.000197323
 603     613    0.003578453
 604    5620    0.001106698
 604    5621    0.032403702
 604     602    0.001508888
 604     603    0.000427076
 604     604    2.046800000
 604     610    0.001243280
 604     611    0.000634648
 604     612    0.000275276
 604     613    0.001109367
 610    5620    0.006825895
 610    5621    0.002451257
 610     602    0.001678280
 610     603    0.002150256
 610     604    0.001243280
 610     610    1.998900000
 610     611    0.008021483
 610     612    0.009821253
 610     613    0.000733230
 611    5620    0.005392547
 611    5621    0.000345544
 611     602    0.000047797
 611     603    0.000130392
 611     604    0.000634648
 611     610    0.008021483
 611     611    2.060200000
 611     612    0.020460523
 611     613    0.000581161
 612    5620    0.019858743
 612    5621    0.006740290
 612     602    0.002479399
 612     603    0.000197323
 612     604    0.000275276
 612     610    0.009821253
 612     611    0.020460523
 612     612    2.113800000
 612     613    0.000009589
 613    5620    0.009150051
 613    5621    0.008287252
 613     602    0.000699970
 613     603    0.003578453
 613     604    0.001109367
 613     610    0.000733230
 613     611    0.000581161
 613     612    0.000009589
 613     613    1.921100000
