5620    5620     2.212900002
5620    5621     0.003609955
5620     602     0.001273227
5620     603    -0.006001149
5620     604     0.001835510
5620     610    -0.000467758
5620     611    -0.001782373
5620     612     0.004641019
5620     613    -0.003700810
5621    5620     0.003609955
5621    5621     2.065099995
5621     602     0.000366262
5621     603     0.021286749
5621     604     0.033568273
5621     610     0.003558423
5621     611     0.000684544
5621     612     0.007059891
5621     613    -0.008044911
 602    5620     0.001273227
 602    5621     0.000366262
 602     602     1.982300000
 602     603     0.005928422
 602     604    -0.001598228
 602     610     0.002160037
 602     611    -0.000059077
 602     612    -0.002550347
 602     613     0.000694921
 603    5620    -0.006001149
 603    5621     0.021286749
 603     602     0.005928422
 603     603     2.043600000
 603     604    -0.000271708
 603     610     0.002149385
 603     611     0.000578037
 603     612     0.000221504
 603     613    -0.003653967
 604    5620     0.001835510
 604    5621     0.033568273
 604     602    -0.001598228
 604     603    -0.000271708
 604     604     2.085500000
 604     610     0.001236406
 604     611     0.000846882
 604     612     0.000797276
 604     613     0.001295598
 610    5620    -0.000467758
 610    5621     0.003558423
 610     602     0.002160037
 610     603     0.002149385
 610     604     0.001236406
 610     610     2.042000000
 610     611    -0.006535444
 610     612     0.001057584
 610     613    -0.000328463
 611    5620    -0.001782373
 611    5621     0.000684544
 611     602    -0.000059077
 611     603     0.000578037
 611     604     0.000846882
 611     610    -0.006535444
 611     611     2.065300000
 611     612     0.018470784
 611     613     0.000809827
 612    5620     0.004641019
 612    5621     0.007059891
 612     602    -0.002550347
 612     603     0.000221504
 612     604     0.000797276
 612     610     0.001057584
 612     611     0.018470784
 612     612     2.096300000
 612     613    -0.000083346
 613    5620    -0.003700810
 613    5621    -0.008044911
 613     602     0.000694921
 613     603    -0.003653967
 613     604     0.001295598
 613     610    -0.000328463
 613     611     0.000809827
 613     612    -0.000083346
 613     613     2.092500000
