5620    5620     2.469100002
5620    5621     0.004450542
5620     602     0.000470061
5620     603     0.006163753
5620     604    -0.000741027
5620     610     0.005102482
5620     611     0.000448460
5620     612    -0.009956744
5620     613     0.007777724
5621    5620     0.004450542
5621    5621     2.339099995
5621     602    -0.002079082
5621     603     0.023258140
5621     604    -0.028965971
5621     610     0.004351617
5621     611    -0.000289916
5621     612     0.006462308
5621     613     0.006109715
 602    5620     0.000470061
 602    5621    -0.002079082
 602     602     2.082100000
 602     603     0.009025901
 602     604    -0.001381136
 602     610    -0.002199530
 602     611     0.000150520
 602     612     0.002379573
 602     613    -0.000719043
 603    5620     0.006163753
 603    5621     0.023258140
 603     602     0.009025901
 603     603     2.010300000
 603     604    -0.000437235
 603     610     0.002369905
 603     611    -0.000509096
 603     612    -0.000072472
 603     613    -0.003309584
 604    5620    -0.000741027
 604    5621    -0.028965971
 604     602    -0.001381136
 604     603    -0.000437235
 604     604     2.126300000
 604     610     0.001924107
 604     611     0.000526462
 604     612     0.000320027
 604     613    -0.000757819
 610    5620     0.005102482
 610    5621     0.004351617
 610     602    -0.002199530
 610     603     0.002369905
 610     604     0.001924107
 610     610     1.991000000
 610     611     0.007324344
 610     612    -0.005382262
 610     613     0.000413496
 611    5620     0.000448460
 611    5621    -0.000289916
 611     602     0.000150520
 611     603    -0.000509096
 611     604     0.000526462
 611     610     0.007324344
 611     611     2.017200000
 611     612    -0.017181960
 611     613     0.000822199
 612    5620    -0.009956744
 612    5621     0.006462308
 612     602     0.002379573
 612     603    -0.000072472
 612     604     0.000320027
 612     610    -0.005382262
 612     611    -0.017181960
 612     612     2.008100000
 612     613    -0.000112482
 613    5620     0.007777724
 613    5621     0.006109715
 613     602    -0.000719043
 613     603    -0.003309584
 613     604    -0.000757819
 613     610     0.000413496
 613     611     0.000822199
 613     612    -0.000112482
 613     613     2.034500000
