5620    5620    2.245700002
5620    5621    0.004531857
5620     602    0.000544003
5620     603    0.006435259
5620     604    0.000662293
5620     610    0.003221821
5620     611    0.001651140
5620     612    0.005974586
5620     613    0.007936134
5621    5620    0.004531857
5621    5621    2.308499995
5621     602    0.001517972
5621     603    0.026485502
5621     604    0.028739955
5621     610    0.003365819
5621     611    0.000422278
5621     612    0.006247333
5621     613    0.008342794
 602    5620    0.000544003
 602    5621    0.001517972
 602     602    2.096500000
 602     603    0.008767502
 602     604    0.001355562
 602     610    0.001907669
 602     611    0.000255407
 602     612    0.002417888
 602     613    0.001034657
 603    5620    0.006435259
 603    5621    0.026485502
 603     602    0.008767502
 603     603    2.022600000
 603     604    0.000938577
 603     610    0.002256452
 603     611    0.000435882
 603     612    0.000287151
 603     613    0.004619635
 604    5620    0.000662293
 604    5621    0.028739955
 604     602    0.001355562
 604     603    0.000938577
 604     604    2.040500000
 604     610    0.001730238
 604     611    0.000514523
 604     612    0.000530952
 604     613    0.000967559
 610    5620    0.003221821
 610    5621    0.003365819
 610     602    0.001907669
 610     603    0.002256452
 610     604    0.001730238
 610     610    2.073900000
 610     611    0.007120903
 610     612    0.000050975
 610     613    0.000491740
 611    5620    0.001651140
 611    5621    0.000422278
 611     602    0.000255407
 611     603    0.000435882
 611     604    0.000514523
 611     610    0.007120903
 611     611    1.978800000
 611     612    0.019800453
 611     613    0.000962652
 612    5620    0.005974586
 612    5621    0.006247333
 612     602    0.002417888
 612     603    0.000287151
 612     604    0.000530952
 612     610    0.000050975
 612     611    0.019800453
 612     612    2.089400000
 612     613    0.000649218
 613    5620    0.007936134
 613    5621    0.008342794
 613     602    0.001034657
 613     603    0.004619635
 613     604    0.000967559
 613     610    0.000491740
 613     611    0.000962652
 613     612    0.000649218
 613     613    1.908400000
