5620    5620     2.331800002
5620    5621     0.005291857
5620     602    -0.001145643
5620     603     0.005070330
5620     604     0.000534040
5620     610    -0.004128739
5620     611     0.003355514
5620     612    -0.016895800
5620     613    -0.006996539
5621    5620     0.005291857
5621    5621     2.370799995
5621     602     0.000032655
5621     603     0.019153655
5621     604    -0.029326832
5621     610     0.002186515
5621     611    -0.000040248
5621     612    -0.006355006
5621     613     0.007179850
 602    5620    -0.001145643
 602    5621     0.000032655
 602     602     2.007100000
 602     603    -0.011018679
 602     604    -0.001784976
 602     610     0.001894376
 602     611     0.000135729
 602     612    -0.002702810
 602     613    -0.000772436
 603    5620     0.005070330
 603    5621     0.019153655
 603     602    -0.011018679
 603     603     2.021800000
 603     604     0.000485986
 603     610    -0.001996855
 603     611     0.000189429
 603     612    -0.000191960
 603     613     0.003550576
 604    5620     0.000534040
 604    5621    -0.029326832
 604     602    -0.001784976
 604     603     0.000485986
 604     604     2.033000000
 604     610    -0.001357513
 604     611     0.000472475
 604     612     0.000487533
 604     613    -0.000921580
 610    5620    -0.004128739
 610    5621     0.002186515
 610     602     0.001894376
 610     603    -0.001996855
 610     604    -0.001357513
 610     610     2.067100000
 610     611     0.006336448
 610     612     0.007990325
 610     613    -0.000536261
 611    5620     0.003355514
 611    5621    -0.000040248
 611     602     0.000135729
 611     603     0.000189429
 611     604     0.000472475
 611     610     0.006336448
 611     611     2.099400000
 611     612     0.012351622
 611     613     0.000566805
 612    5620    -0.016895800
 612    5621    -0.006355006
 612     602    -0.002702810
 612     603    -0.000191960
 612     604     0.000487533
 612     610     0.007990325
 612     611     0.012351622
 612     612     2.080100000
 612     613    -0.000007808
 613    5620    -0.006996539
 613    5621     0.007179850
 613     602    -0.000772436
 613     603     0.003550576
 613     604    -0.000921580
 613     610    -0.000536261
 613     611     0.000566805
 613     612    -0.000007808
 613     613     2.059900000
