5620    5620    2.477100002
5620    5621    0.003058643
5620     602    0.000661675
5620     603    0.004745254
5620     604    0.000971887
5620     610    0.001282894
5620     611    0.002492616
5620     612    0.010574541
5620     613    0.004147140
5621    5620    0.003058643
5621    5621    2.265199995
5621     602    0.002496916
5621     603    0.017616795
5621     604    0.030607634
5621     610    0.003007085
5621     611    0.000187093
5621     612    0.007184254
5621     613    0.008510246
 602    5620    0.000661675
 602    5621    0.002496916
 602     602    2.039600000
 602     603    0.007984445
 602     604    0.001490245
 602     610    0.001811322
 602     611    0.000002508
 602     612    0.002615867
 602     613    0.000806345
 603    5620    0.004745254
 603    5621    0.017616795
 603     602    0.007984445
 603     603    2.126300000
 603     604    0.000062224
 603     610    0.001898934
 603     611    0.000390038
 603     612    0.000052353
 603     613    0.003744362
 604    5620    0.000971887
 604    5621    0.030607634
 604     602    0.001490245
 604     603    0.000062224
 604     604    2.127800000
 604     610    0.001472764
 604     611    0.000405842
 604     612    0.001217345
 604     613    0.000955776
 610    5620    0.001282894
 610    5621    0.003007085
 610     602    0.001811322
 610     603    0.001898934
 610     604    0.001472764
 610     610    2.066800000
 610     611    0.007211665
 610     612    0.003622181
 610     613    0.000375505
 611    5620    0.002492616
 611    5621    0.000187093
 611     602    0.000002508
 611     603    0.000390038
 611     604    0.000405842
 611     610    0.007211665
 611     611    2.052000000
 611     612    0.020458966
 611     613    0.000714116
 612    5620    0.010574541
 612    5621    0.007184254
 612     602    0.002615867
 612     603    0.000052353
 612     604    0.001217345
 612     610    0.003622181
 612     611    0.020458966
 612     612    2.003300000
 612     613    0.000061795
 613    5620    0.004147140
 613    5621    0.008510246
 613     602    0.000806345
 613     603    0.003744362
 613     604    0.000955776
 613     610    0.000375505
 613     611    0.000714116
 613     612    0.000061795
 613     613    2.015100000
