5620    5620     2.619800002
5620    5621    -0.006892510
5620     602    -0.001517439
5620     603     0.005094786
5620     604     0.007610262
5620     610    -0.001700451
5620     611     0.003043704
5620     612    -0.015243635
5620     613     0.006008303
5621    5620    -0.006892510
5621    5621     2.228299995
5621     602     0.001230684
5621     603     0.025710179
5621     604    -0.025217996
5621     610    -0.003584230
5621     611    -0.000163555
5621     612     0.008141698
5621     613    -0.008449841
 602    5620    -0.001517439
 602    5621     0.001230684
 602     602     2.059200000
 602     603     0.004136628
 602     604     0.001483959
 602     610     0.002325156
 602     611     0.000516510
 602     612    -0.002809642
 602     613     0.000235892
 603    5620     0.005094786
 603    5621     0.025710179
 603     602     0.004136628
 603     603     2.060500000
 603     604    -0.000623629
 603     610     0.001980276
 603     611     0.000227231
 603     612     0.000068016
 603     613    -0.003635817
 604    5620     0.007610262
 604    5621    -0.025217996
 604     602     0.001483959
 604     603    -0.000623629
 604     604     2.012500000
 604     610    -0.002077845
 604     611     0.001199652
 604     612     0.002022852
 604     613     0.001246962
 610    5620    -0.001700451
 610    5621    -0.003584230
 610     602     0.002325156
 610     603     0.001980276
 610     604    -0.002077845
 610     610     1.995700000
 610     611    -0.007170945
 610     612     0.003630250
 610     613    -0.000475763
 611    5620     0.003043704
 611    5621    -0.000163555
 611     602     0.000516510
 611     603     0.000227231
 611     604     0.001199652
 611     610    -0.007170945
 611     611     2.104100000
 611     612     0.021023422
 611     613     0.000605872
 612    5620    -0.015243635
 612    5621     0.008141698
 612     602    -0.002809642
 612     603     0.000068016
 612     604     0.002022852
 612     610     0.003630250
 612     611     0.021023422
 612     612     2.092300000
 612     613    -0.000106680
 613    5620     0.006008303
 613    5621    -0.008449841
 613     602     0.000235892
 613     603    -0.003635817
 613     604     0.001246962
 613     610    -0.000475763
 613     611     0.000605872
 613     612    -0.000106680
 613     613     1.977100000
