5620    5620     2.428800002
5620    5621     0.003456505
5620     602     0.001270410
5620     603    -0.004971372
5620     604     0.002189697
5620     610    -0.005308975
5620     611     0.001096660
5620     612    -0.011490730
5620     613     0.004450315
5621    5620     0.003456505
5621    5621     2.310599995
5621     602    -0.007083779
5621     603     0.018260228
5621     604    -0.033014477
5621     610    -0.001726136
5621     611     0.000200780
5621     612    -0.006598263
5621     613     0.007512781
 602    5620     0.001270410
 602    5621    -0.007083779
 602     602     1.959700000
 602     603    -0.009657699
 602     604    -0.001639398
 602     610     0.002244330
 602     611    -0.000767671
 602     612    -0.002634358
 602     613     0.000542164
 603    5620    -0.004971372
 603    5621     0.018260228
 603     602    -0.009657699
 603     603     2.059700000
 603     604     0.000641493
 603     610    -0.002101520
 603     611    -0.000513937
 603     612    -0.000267443
 603     613     0.004031447
 604    5620     0.002189697
 604    5621    -0.033014477
 604     602    -0.001639398
 604     603     0.000641493
 604     604     2.011600000
 604     610     0.001475977
 604     611    -0.000287405
 604     612     0.001440461
 604     613     0.001034883
 610    5620    -0.005308975
 610    5621    -0.001726136
 610     602     0.002244330
 610     603    -0.002101520
 610     604     0.001475977
 610     610     2.051900000
 610     611     0.006614931
 610     612     0.006663795
 610     613     0.000471784
 611    5620     0.001096660
 611    5621     0.000200780
 611     602    -0.000767671
 611     603    -0.000513937
 611     604    -0.000287405
 611     610     0.006614931
 611     611     2.051600000
 611     612    -0.018136473
 611     613    -0.000888349
 612    5620    -0.011490730
 612    5621    -0.006598263
 612     602    -0.002634358
 612     603    -0.000267443
 612     604     0.001440461
 612     610     0.006663795
 612     611    -0.018136473
 612     612     2.074200000
 612     613    -0.000135723
 613    5620     0.004450315
 613    5621     0.007512781
 613     602     0.000542164
 613     603     0.004031447
 613     604     0.001034883
 613     610     0.000471784
 613     611    -0.000888349
 613     612    -0.000135723
 613     613     2.004300000
