5620    5620    2.343500002
5620    5621    0.000857090
5620     602    0.000208441
5620     603    0.006348861
5620     604    0.000111300
5620     610    0.004846874
5620     611    0.002184833
5620     612    0.017979287
5620     613    0.007550382
5621    5620    0.000857090
5621    5621    2.267799995
5621     602    0.001042130
5621     603    0.016182407
5621     604    0.035357219
5621     610    0.000859219
5621     611    0.000606248
5621     612    0.007519139
5621     613    0.006830471
 602    5620    0.000208441
 602    5621    0.001042130
 602     602    1.935800000
 602     603    0.007826601
 602     604    0.002205197
 602     610    0.001153733
 602     611    0.000652056
 602     612    0.002819635
 602     613    0.001342971
 603    5620    0.006348861
 603    5621    0.016182407
 603     602    0.007826601
 603     603    2.032900000
 603     604    0.000196941
 603     610    0.002028325
 603     611    0.000311636
 603     612    0.000190553
 603     613    0.004427287
 604    5620    0.000111300
 604    5621    0.035357219
 604     602    0.002205197
 604     603    0.000196941
 604     604    2.045500000
 604     610    0.000680488
 604     611    0.000586821
 604     612    0.000632650
 604     613    0.001316131
 610    5620    0.004846874
 610    5621    0.000859219
 610     602    0.001153733
 610     603    0.002028325
 610     604    0.000680488
 610     610    2.028300000
 610     611    0.005868140
 610     612    0.008707935
 610     613    0.000642153
 611    5620    0.002184833
 611    5621    0.000606248
 611     602    0.000652056
 611     603    0.000311636
 611     604    0.000586821
 611     610    0.005868140
 611     611    2.143800000
 611     612    0.019300461
 611     613    0.000657877
 612    5620    0.017979287
 612    5621    0.007519139
 612     602    0.002819635
 612     603    0.000190553
 612     604    0.000632650
 612     610    0.008707935
 612     611    0.019300461
 612     612    2.033000000
 612     613    0.000154240
 613    5620    0.007550382
 613    5621    0.006830471
 613     602    0.001342971
 613     603    0.004427287
 613     604    0.001316131
 613     610    0.000642153
 613     611    0.000657877
 613     612    0.000154240
 613     613    1.988800000
