5620    5620     2.381100002
5620    5621    -0.005153945
5620     602    -0.001121707
5620     603     0.005538495
5620     604     0.000345549
5620     610     0.004753304
5620     611    -0.005960595
5620     612    -0.013787887
5620     613    -0.005107667
5621    5620    -0.005153945
5621    5621     2.346099995
5621     602    -0.001137423
5621     603    -0.012791640
5621     604     0.036246133
5621     610     0.001103723
5621     611    -0.001124286
5621     612     0.007452737
5621     613    -0.009012187
 602    5620    -0.001121707
 602    5621    -0.001137423
 602     602     2.086900000
 602     603     0.002985193
 602     604     0.001683539
 602     610     0.001712726
 602     611     0.000336692
 602     612     0.002649370
 602     613    -0.000767193
 603    5620     0.005538495
 603    5621    -0.012791640
 603     602     0.002985193
 603     603     2.108700000
 603     604     0.001279993
 603     610    -0.002304922
 603     611    -0.000028462
 603     612    -0.000530982
 603     613     0.004269766
 604    5620     0.000345549
 604    5621     0.036246133
 604     602     0.001683539
 604     603     0.001279993
 604     604     2.050600000
 604     610    -0.000788500
 604     611     0.000567898
 604     612    -0.000554675
 604     613     0.001444224
 610    5620     0.004753304
 610    5621     0.001103723
 610     602     0.001712726
 610     603    -0.002304922
 610     604    -0.000788500
 610     610     1.973300000
 610     611     0.008046195
 610     612     0.005157708
 610     613     0.000566160
 611    5620    -0.005960595
 611    5621    -0.001124286
 611     602     0.000336692
 611     603    -0.000028462
 611     604     0.000567898
 611     610     0.008046195
 611     611     1.945100000
 611     612    -0.022213399
 611     613     0.000307797
 612    5620    -0.013787887
 612    5621     0.007452737
 612     602     0.002649370
 612     603    -0.000530982
 612     604    -0.000554675
 612     610     0.005157708
 612     611    -0.022213399
 612     612     2.052700000
 612     613    -0.000071620
 613    5620    -0.005107667
 613    5621    -0.009012187
 613     602    -0.000767193
 613     603     0.004269766
 613     604     0.001444224
 613     610     0.000566160
 613     611     0.000307797
 613     612    -0.000071620
 613     613     1.989500000
