5620    5620    2.423900002
5620    5621    0.004913726
5620     602    0.002206713
5620     603    0.005577785
5620     604    0.001010631
5620     610    0.008390481
5620     611    0.001206542
5620     612    0.016089504
5620     613    0.006446391
5621    5620    0.004913726
5621    5621    2.267499995
5621     602    0.006654589
5621     603    0.022622968
5621     604    0.032759112
5621     610    0.000181202
5621     611    0.000553442
5621     612    0.006620613
5621     613    0.007336743
 602    5620    0.002206713
 602    5621    0.006654589
 602     602    2.016600000
 602     603    0.009088717
 602     604    0.001577548
 602     610    0.001676628
 602     611    0.000654133
 602     612    0.002540628
 602     613    0.000072515
 603    5620    0.005577785
 603    5621    0.022622968
 603     602    0.009088717
 603     603    2.078700000
 603     604    0.001403692
 603     610    0.001797202
 603     611    0.000327258
 603     612    0.000428705
 603     613    0.003747650
 604    5620    0.001010631
 604    5621    0.032759112
 604     602    0.001577548
 604     603    0.001403692
 604     604    2.026100000
 604     610    0.000515061
 604     611    0.000617387
 604     612    0.000386307
 604     613    0.001182951
 610    5620    0.008390481
 610    5621    0.000181202
 610     602    0.001676628
 610     603    0.001797202
 610     604    0.000515061
 610     610    2.084900000
 610     611    0.005636430
 610     612    0.010324141
 610     613    0.000642465
 611    5620    0.001206542
 611    5621    0.000553442
 611     602    0.000654133
 611     603    0.000327258
 611     604    0.000617387
 611     610    0.005636430
 611     611    2.084300000
 611     612    0.014727160
 611     613    0.000691791
 612    5620    0.016089504
 612    5621    0.006620613
 612     602    0.002540628
 612     603    0.000428705
 612     604    0.000386307
 612     610    0.010324141
 612     611    0.014727160
 612     612    2.084100000
 612     613    0.000166428
 613    5620    0.006446391
 613    5621    0.007336743
 613     602    0.000072515
 613     603    0.003747650
 613     604    0.001182951
 613     610    0.000642465
 613     611    0.000691791
 613     612    0.000166428
 613     613    2.029300000
