5620    5620     2.343800002
5620    5621    -0.003849974
5620     602    -0.001429451
5620     603     0.005631356
5620     604     0.000963666
5620     610    -0.002214126
5620     611     0.000106482
5620     612     0.001160416
5620     613     0.008957076
5621    5620    -0.003849974
5621    5621     2.149399995
5621     602     0.006133283
5621     603    -0.019556314
5621     604    -0.032637863
5621     610     0.003045834
5621     611    -0.000315719
5621     612     0.007639850
5621     613     0.005979493
 602    5620    -0.001429451
 602    5621     0.006133283
 602     602     2.044500000
 602     603     0.010725975
 602     604    -0.001539646
 602     610     0.002387108
 602     611     0.000383378
 602     612    -0.002742778
 602     613     0.000320122
 603    5620     0.005631356
 603    5621    -0.019556314
 603     602     0.010725975
 603     603     1.988600000
 603     604     0.000632842
 603     610    -0.002278451
 603     611    -0.000454945
 603     612     0.000196457
 603     613    -0.003195331
 604    5620     0.000963666
 604    5621    -0.032637863
 604     602    -0.001539646
 604     603     0.000632842
 604     604     2.089800000
 604     610    -0.001334776
 604     611     0.000691637
 604     612    -0.000187262
 604     613    -0.000938115
 610    5620    -0.002214126
 610    5621     0.003045834
 610     602     0.002387108
 610     603    -0.002278451
 610     604    -0.001334776
 610     610     2.031700000
 610     611     0.006504208
 610     612     0.006015686
 610     613    -0.000510370
 611    5620     0.000106482
 611    5621    -0.000315719
 611     602     0.000383378
 611     603    -0.000454945
 611     604     0.000691637
 611     610     0.006504208
 611     611     2.016500000
 611     612     0.018985864
 611     613     0.000775199
 612    5620     0.001160416
 612    5621     0.007639850
 612     602    -0.002742778
 612     603     0.000196457
 612     604    -0.000187262
 612     610     0.006015686
 612     611     0.018985864
 612     612     1.992900000
 612     613    -0.000138610
 613    5620     0.008957076
 613    5621     0.005979493
 613     602     0.000320122
 613     603    -0.003195331
 613     604    -0.000938115
 613     610    -0.000510370
 613     611     0.000775199
 613     612    -0.000138610
 613     613     1.998400000
