5620    5620     2.522000002
5620    5621     0.004747273
5620     602    -0.001710394
5620     603     0.005220467
5620     604    -0.001485067
5620     610     0.009329814
5620     611    -0.001196179
5620     612     0.020916031
5620     613     0.006279778
5621    5620     0.004747273
5621    5621     2.437899995
5621     602    -0.003042398
5621     603    -0.019057116
5621     604     0.029827735
5621     610     0.000830057
5621     611    -0.000166754
5621     612     0.007533455
5621     613     0.007223714
 602    5620    -0.001710394
 602    5621    -0.003042398
 602     602     2.036900000
 602     603     0.008523679
 602     604    -0.001397537
 602     610    -0.002044900
 602     611     0.000894853
 602     612    -0.002625104
 602     613    -0.000266424
 603    5620     0.005220467
 603    5621    -0.019057116
 603     602     0.008523679
 603     603     2.053400000
 603     604     0.000871734
 603     610    -0.002383908
 603     611     0.000691596
 603     612    -0.000281882
 603     613    -0.003908414
 604    5620    -0.001485067
 604    5621     0.029827735
 604     602    -0.001397537
 604     603     0.000871734
 604     604     2.060300000
 604     610    -0.001507762
 604     611    -0.000383539
 604     612     0.001686696
 604     613     0.000979403
 610    5620     0.009329814
 610    5621     0.000830057
 610     602    -0.002044900
 610     603    -0.002383908
 610     604    -0.001507762
 610     610     2.074200000
 610     611    -0.006451920
 610     612     0.008299044
 610     613     0.000561751
 611    5620    -0.001196179
 611    5621    -0.000166754
 611     602     0.000894853
 611     603     0.000691596
 611     604    -0.000383539
 611     610    -0.006451920
 611     611     1.972000000
 611     612    -0.018805456
 611     613     0.001144843
 612    5620     0.020916031
 612    5621     0.007533455
 612     602    -0.002625104
 612     603    -0.000281882
 612     604     0.001686696
 612     610     0.008299044
 612     611    -0.018805456
 612     612     1.996900000
 612     613    -0.000146007
 613    5620     0.006279778
 613    5621     0.007223714
 613     602    -0.000266424
 613     603    -0.003908414
 613     604     0.000979403
 613     610     0.000561751
 613     611     0.001144843
 613     612    -0.000146007
 613     613     2.003700000
