5620    5620     2.146800002
5620    5621    -0.005127153
5620     602     0.001630534
5620     603     0.006794936
5620     604    -0.000039957
5620     610    -0.003141309
5620     611     0.002284290
5620     612    -0.016016489
5620     613    -0.011909245
5621    5620    -0.005127153
5621    5621     2.093899995
5621     602     0.001449547
5621     603     0.033610149
5621     604    -0.036853054
5621     610     0.003234440
5621     611     0.000008698
5621     612     0.007594669
5621     613     0.006170674
 602    5620     0.001630534
 602    5621     0.001449547
 602     602     2.052200000
 602     603    -0.008549662
 602     604     0.001570759
 602     610     0.002270337
 602     611     0.000284978
 602     612     0.002630110
 602     613    -0.000126988
 603    5620     0.006794936
 603    5621     0.033610149
 603     602    -0.008549662
 603     603     1.989400000
 603     604    -0.000699824
 603     610    -0.002574273
 603     611    -0.000426351
 603     612    -0.000349157
 603     613    -0.003487810
 604    5620    -0.000039957
 604    5621    -0.036853054
 604     602     0.001570759
 604     603    -0.000699824
 604     604     2.049700000
 604     610    -0.001209710
 604     611     0.000566360
 604     612     0.000139469
 604     613     0.000907419
 610    5620    -0.003141309
 610    5621     0.003234440
 610     602     0.002270337
 610     603    -0.002574273
 610     604    -0.001209710
 610     610     2.092900000
 610     611     0.007176446
 610     612     0.007303406
 610     613     0.000734040
 611    5620     0.002284290
 611    5621     0.000008698
 611     602     0.000284978
 611     603    -0.000426351
 611     604     0.000566360
 611     610     0.007176446
 611     611     2.004800000
 611     612    -0.016388327
 611     613    -0.000812927
 612    5620    -0.016016489
 612    5621     0.007594669
 612     602     0.002630110
 612     603    -0.000349157
 612     604     0.000139469
 612     610     0.007303406
 612     611    -0.016388327
 612     612     2.040300000
 612     613     0.000003665
 613    5620    -0.011909245
 613    5621     0.006170674
 613     602    -0.000126988
 613     603    -0.003487810
 613     604     0.000907419
 613     610     0.000734040
 613     611    -0.000812927
 613     612     0.000003665
 613     613     2.063400000
