5620    5620     2.494100002
5620    5621     0.005431896
5620     602     0.001544923
5620     603    -0.005452996
5620     604    -0.000831533
5620     610     0.008298747
5620     611     0.001717924
5620     612    -0.017266621
5620     613     0.000787229
5621    5620     0.005431896
5621    5621     2.306999995
5621     602     0.003175925
5621     603     0.032029979
5621     604    -0.032873085
5621     610    -0.000031797
5621     611    -0.000193276
5621     612    -0.007571549
5621     613     0.009939121
 602    5620     0.001544923
 602    5621     0.003175925
 602     602     2.003900000
 602     603     0.010319311
 602     604    -0.001635200
 602     610    -0.001671476
 602     611    -0.000752328
 602     612     0.002860625
 602     613    -0.000620654
 603    5620    -0.005452996
 603    5621     0.032029979
 603     602     0.010319311
 603     603     1.976100000
 603     604     0.001609254
 603     610    -0.001950719
 603     611     0.000343267
 603     612    -0.000542961
 603     613    -0.004595161
 604    5620    -0.000831533
 604    5621    -0.032873085
 604     602    -0.001635200
 604     603     0.001609254
 604     604     2.039200000
 604     610    -0.000520608
 604     611    -0.000664967
 604     612    -0.000498534
 604     613    -0.001442212
 610    5620     0.008298747
 610    5621    -0.000031797
 610     602    -0.001671476
 610     603    -0.001950719
 610     604    -0.000520608
 610     610     2.057000000
 610     611     0.005540687
 610     612    -0.009391202
 610     613     0.000298695
 611    5620     0.001717924
 611    5621    -0.000193276
 611     602    -0.000752328
 611     603     0.000343267
 611     604    -0.000664967
 611     610     0.005540687
 611     611     2.105600000
 611     612     0.016029710
 611     613    -0.000648369
 612    5620    -0.017266621
 612    5621    -0.007571549
 612     602     0.002860625
 612     603    -0.000542961
 612     604    -0.000498534
 612     610    -0.009391202
 612     611     0.016029710
 612     612     2.033600000
 612     613    -0.000380055
 613    5620     0.000787229
 613    5621     0.009939121
 613     602    -0.000620654
 613     603    -0.004595161
 613     604    -0.001442212
 613     610     0.000298695
 613     611    -0.000648369
 613     612    -0.000380055
 613     613     2.011800000
