5620    5620    2.523900002
5620    5621    0.000187015
5620     602    0.000076719
5620     603    0.005455542
5620     604    0.000483461
5620     610    0.003152125
5620     611    0.003081676
5620     612    0.010439533
5620     613    0.006767909
5621    5620    0.000187015
5621    5621    2.602199995
5621     602    0.003435955
5621     603    0.002010930
5621     604    0.018088315
5621     610    0.000002453
5621     611    0.001494255
5621     612    0.007571598
5621     613    0.003748262
 602    5620    0.000076719
 602    5621    0.003435955
 602     602    2.121100000
 602     603    0.005618025
 602     604    0.001183607
 602     610    0.001183324
 602     611    0.000129478
 602     612    0.002799788
 602     613    0.001351284
 603    5620    0.005455542
 603    5621    0.002010930
 603     602    0.005618025
 603     603    2.091000000
 603     604    0.000439800
 603     610    0.001956094
 603     611    0.000204309
 603     612    0.000279433
 603     613    0.004649079
 604    5620    0.000483461
 604    5621    0.018088315
 604     602    0.001183607
 604     603    0.000439800
 604     604    2.070600000
 604     610    0.000302615
 604     611    0.000352588
 604     612    0.000242634
 604     613    0.000850437
 610    5620    0.003152125
 610    5621    0.000002453
 610     602    0.001183324
 610     603    0.001956094
 610     604    0.000302615
 610     610    2.067700000
 610     611    0.006714078
 610     612    0.004682007
 610     613    0.000638897
 611    5620    0.003081676
 611    5621    0.001494255
 611     602    0.000129478
 611     603    0.000204309
 611     604    0.000352588
 611     610    0.006714078
 611     611    2.017700000
 611     612    0.023423680
 611     613    0.000641824
 612    5620    0.010439533
 612    5621    0.007571598
 612     602    0.002799788
 612     603    0.000279433
 612     604    0.000242634
 612     610    0.004682007
 612     611    0.023423680
 612     612    1.988000000
 612     613    0.000175892
 613    5620    0.006767909
 613    5621    0.003748262
 613     602    0.001351284
 613     603    0.004649079
 613     604    0.000850437
 613     610    0.000638897
 613     611    0.000641824
 613     612    0.000175892
 613     613    1.969000000
