5620    5620    2.460100002
5620    5621    0.006757852
5620     602    0.001227906
5620     603    0.005226484
5620     604    0.001490937
5620     610    0.002097626
5620     611    0.000687072
5620     612    0.005607192
5620     613    0.007907364
5621    5620    0.006757852
5621    5621    2.347699995
5621     602    0.000904160
5621     603    0.022245536
5621     604    0.035873255
5621     610    0.002992533
5621     611    0.000243463
5621     612    0.005789766
5621     613    0.007386665
 602    5620    0.001227906
 602    5621    0.000904160
 602     602    1.985400000
 602     603    0.011598172
 602     604    0.002135583
 602     610    0.002380276
 602     611    0.000453507
 602     612    0.002485813
 602     613    0.000676976
 603    5620    0.005226484
 603    5621    0.022245536
 603     602    0.011598172
 603     603    2.076200000
 603     604    0.001280860
 603     610    0.002145565
 603     611    0.000331606
 603     612    0.000089894
 603     613    0.003246246
 604    5620    0.001490937
 604    5621    0.035873255
 604     602    0.002135583
 604     603    0.001280860
 604     604    1.935900000
 604     610    0.002246020
 604     611    0.000432045
 604     612    0.001589031
 604     613    0.000909830
 610    5620    0.002097626
 610    5621    0.002992533
 610     602    0.002380276
 610     603    0.002145565
 610     604    0.002246020
 610     610    2.014000000
 610     611    0.006886176
 610     612    0.001420364
 610     613    0.000540457
 611    5620    0.000687072
 611    5621    0.000243463
 611     602    0.000453507
 611     603    0.000331606
 611     604    0.000432045
 611     610    0.006886176
 611     611    2.016800000
 611     612    0.015728426
 611     613    0.000835324
 612    5620    0.005607192
 612    5621    0.005789766
 612     602    0.002485813
 612     603    0.000089894
 612     604    0.001589031
 612     610    0.001420364
 612     611    0.015728426
 612     612    2.108700000
 612     613    0.000195474
 613    5620    0.007907364
 613    5621    0.007386665
 613     602    0.000676976
 613     603    0.003246246
 613     604    0.000909830
 613     610    0.000540457
 613     611    0.000835324
 613     612    0.000195474
 613     613    2.016900000
