5620    5620     2.402600002
5620    5621     0.005576680
5620     602     0.000242260
5620     603    -0.006157391
5620     604    -0.000902660
5620     610     0.004409727
5620     611     0.000631759
5620     612     0.011254010
5620     613    -0.005265929
5621    5620     0.005576680
5621    5621     2.342699995
5621     602     0.001437715
5621     603    -0.033273191
5621     604    -0.027907387
5621     610    -0.000807634
5621     611     0.000248198
5621     612     0.005706459
5621     613     0.009025812
 602    5620     0.000242260
 602    5621     0.001437715
 602     602     2.090300000
 602     603     0.010083200
 602     604    -0.001410205
 602     610     0.000934389
 602     611    -0.000180481
 602     612    -0.001965370
 602     613    -0.001081302
 603    5620    -0.006157391
 603    5621    -0.033273191
 603     602     0.010083200
 603     603     1.921800000
 603     604     0.001486122
 603     610     0.001950147
 603     611    -0.000375015
 603     612     0.000415064
 603     613    -0.004766583
 604    5620    -0.000902660
 604    5621    -0.027907387
 604     602    -0.001410205
 604     603     0.001486122
 604     604     2.040000000
 604     610    -0.000496462
 604     611     0.000489169
 604     612     0.000532448
 604     613    -0.000969440
 610    5620     0.004409727
 610    5621    -0.000807634
 610     602     0.000934389
 610     603     0.001950147
 610     604    -0.000496462
 610     610     2.147100000
 610     611     0.006585932
 610     612     0.005918561
 610     613     0.000568744
 611    5620     0.000631759
 611    5621     0.000248198
 611     602    -0.000180481
 611     603    -0.000375015
 611     604     0.000489169
 611     610     0.006585932
 611     611     2.064200000
 611     612    -0.015055957
 611     613     0.000750804
 612    5620     0.011254010
 612    5621     0.005706459
 612     602    -0.001965370
 612     603     0.000415064
 612     604     0.000532448
 612     610     0.005918561
 612     611    -0.015055957
 612     612     2.063400000
 612     613    -0.000163804
 613    5620    -0.005265929
 613    5621     0.009025812
 613     602    -0.001081302
 613     603    -0.004766583
 613     604    -0.000969440
 613     610     0.000568744
 613     611     0.000750804
 613     612    -0.000163804
 613     613     1.997800000
