5620    5620    2.314700002
5620    5621    0.006916024
5620     602    0.000215738
5620     603    0.005881869
5620     604    0.002252485
5620     610    0.001512923
5620     611    0.000551583
5620     612    0.003708752
5620     613    0.006576179
5621    5620    0.006916024
5621    5621    2.400799995
5621     602    0.000161746
5621     603    0.017297891
5621     604    0.028480575
5621     610    0.001451197
5621     611    0.000342121
5621     612    0.006146146
5621     613    0.007359567
 602    5620    0.000215738
 602    5621    0.000161746
 602     602    2.000100000
 602     603    0.012038021
 602     604    0.001910354
 602     610    0.001254289
 602     611    0.000309195
 602     612    0.002686243
 602     613    0.001682928
 603    5620    0.005881869
 603    5621    0.017297891
 603     602    0.012038021
 603     603    2.112000000
 603     604    0.000562126
 603     610    0.002003644
 603     611    0.000327682
 603     612    0.000077305
 603     613    0.004191751
 604    5620    0.002252485
 604    5621    0.028480575
 604     602    0.001910354
 604     603    0.000562126
 604     604    2.057100000
 604     610    0.000651634
 604     611    0.000671728
 604     612    0.000509813
 604     613    0.001149996
 610    5620    0.001512923
 610    5621    0.001451197
 610     602    0.001254289
 610     603    0.002003644
 610     604    0.000651634
 610     610    2.089100000
 610     611    0.006305255
 610     612    0.005215505
 610     613    0.000547462
 611    5620    0.000551583
 611    5621    0.000342121
 611     602    0.000309195
 611     603    0.000327682
 611     604    0.000671728
 611     610    0.006305255
 611     611    2.053300000
 611     612    0.017867697
 611     613    0.000750154
 612    5620    0.003708752
 612    5621    0.006146146
 612     602    0.002686243
 612     603    0.000077305
 612     604    0.000509813
 612     610    0.005215505
 612     611    0.017867697
 612     612    2.094100000
 612     613    0.000210958
 613    5620    0.006576179
 613    5621    0.007359567
 613     602    0.001682928
 613     603    0.004191751
 613     604    0.001149996
 613     610    0.000547462
 613     611    0.000750154
 613     612    0.000210958
 613     613    2.047000000
