5620    5620    2.306900002
5620    5621    0.003714148
5620     602    0.000716150
5620     603    0.006257306
5620     604    0.003451238
5620     610    0.005879863
5620     611    0.001868194
5620     612    0.007732043
5620     613    0.007146196
5621    5620    0.003714148
5621    5621    2.426099995
5621     602    0.000706216
5621     603    0.022631067
5621     604    0.023630814
5621     610    0.001648975
5621     611    0.000098669
5621     612    0.007139139
5621     613    0.006274433
 602    5620    0.000716150
 602    5621    0.000706216
 602     602    2.135700000
 602     603    0.008332346
 602     604    0.001415078
 602     610    0.001563742
 602     611    0.000292218
 602     612    0.002348375
 602     613    0.000999290
 603    5620    0.006257306
 603    5621    0.022631067
 603     602    0.008332346
 603     603    2.081200000
 603     604    0.000897721
 603     610    0.002278222
 603     611    0.000443122
 603     612    0.000247682
 603     613    0.003912161
 604    5620    0.003451238
 604    5621    0.023630814
 604     602    0.001415078
 604     603    0.000897721
 604     604    2.101600000
 604     610    0.000855445
 604     611    0.000725665
 604     612    0.000778038
 604     613    0.001262342
 610    5620    0.005879863
 610    5621    0.001648975
 610     602    0.001563742
 610     603    0.002278222
 610     604    0.000855445
 610     610    2.028900000
 610     611    0.006891735
 610     612    0.011697576
 610     613    0.000605843
 611    5620    0.001868194
 611    5621    0.000098669
 611     602    0.000292218
 611     603    0.000443122
 611     604    0.000725665
 611     610    0.006891735
 611     611    2.049200000
 611     612    0.016828339
 611     613    0.000872406
 612    5620    0.007732043
 612    5621    0.007139139
 612     602    0.002348375
 612     603    0.000247682
 612     604    0.000778038
 612     610    0.011697576
 612     611    0.016828339
 612     612    2.083100000
 612     613    0.000123589
 613    5620    0.007146196
 613    5621    0.006274433
 613     602    0.000999290
 613     603    0.003912161
 613     604    0.001262342
 613     610    0.000605843
 613     611    0.000872406
 613     612    0.000123589
 613     613    2.020900000
