5620    5620    2.283400002
5620    5621    0.006272261
5620     602    0.002074246
5620     603    0.005743082
5620     604    0.000026088
5620     610    0.003951752
5620     611    0.000483939
5620     612    0.004069681
5620     613    0.007724550
5621    5620    0.006272261
5621    5621    2.147299995
5621     602    0.000597525
5621     603    0.034167928
5621     604    0.032951736
5621     610    0.002406959
5621     611    0.000712723
5621     612    0.006208806
5621     613    0.007662312
 602    5620    0.002074246
 602    5621    0.000597525
 602     602    1.929700000
 602     603    0.008987260
 602     604    0.001527711
 602     610    0.002152216
 602     611    0.000814446
 602     612    0.002305706
 602     613    0.000098189
 603    5620    0.005743082
 603    5621    0.034167928
 603     602    0.008987260
 603     603    2.030500000
 603     604    0.000988208
 603     610    0.001855804
 603     611    0.000372338
 603     612    0.000067780
 603     613    0.003060937
 604    5620    0.000026088
 604    5621    0.032951736
 604     602    0.001527711
 604     603    0.000988208
 604     604    2.145600000
 604     610    0.001168966
 604     611    0.000489431
 604     612    0.000312956
 604     613    0.000828049
 610    5620    0.003951752
 610    5621    0.002406959
 610     602    0.002152216
 610     603    0.001855804
 610     604    0.001168966
 610     610    2.101000000
 610     611    0.005799041
 610     612    0.001617624
 610     613    0.000436202
 611    5620    0.000483939
 611    5621    0.000712723
 611     602    0.000814446
 611     603    0.000372338
 611     604    0.000489431
 611     610    0.005799041
 611     611    1.971300000
 611     612    0.018397050
 611     613    0.000882139
 612    5620    0.004069681
 612    5621    0.006208806
 612     602    0.002305706
 612     603    0.000067780
 612     604    0.000312956
 612     610    0.001617624
 612     611    0.018397050
 612     612    2.079500000
 612     613    0.000378272
 613    5620    0.007724550
 613    5621    0.007662312
 613     602    0.000098189
 613     603    0.003060937
 613     604    0.000828049
 613     610    0.000436202
 613     611    0.000882139
 613     612    0.000378272
 613     613    2.037900000
