5620    5620    2.456700002
5620    5621    0.004649415
5620     602    0.000805913
5620     603    0.006264426
5620     604    0.000019978
5620     610    0.002655085
5620     611    0.000621146
5620     612    0.005404681
5620     613    0.005262543
5621    5620    0.004649415
5621    5621    2.236199995
5621     602    0.001177798
5621     603    0.020109709
5621     604    0.034491257
5621     610    0.001757447
5621     611    0.000035249
5621     612    0.007531438
5621     613    0.007306840
 602    5620    0.000805913
 602    5621    0.001177798
 602     602    2.016500000
 602     603    0.008278401
 602     604    0.001695736
 602     610    0.001589751
 602     611    0.000389508
 602     612    0.002710601
 602     613    0.000971000
 603    5620    0.006264426
 603    5621    0.020109709
 603     602    0.008278401
 603     603    2.103900000
 603     604    0.000548438
 603     610    0.001863925
 603     611    0.000370770
 603     612    0.000119491
 603     613    0.003686074
 604    5620    0.000019978
 604    5621    0.034491257
 604     602    0.001695736
 604     603    0.000548438
 604     604    2.072600000
 604     610    0.000755027
 604     611    0.000601342
 604     612    0.000085334
 604     613    0.001172598
 610    5620    0.002655085
 610    5621    0.001757447
 610     602    0.001589751
 610     603    0.001863925
 610     604    0.000755027
 610     610    2.081100000
 610     611    0.005621165
 610     612    0.005705019
 610     613    0.000398357
 611    5620    0.000621146
 611    5621    0.000035249
 611     602    0.000389508
 611     603    0.000370770
 611     604    0.000601342
 611     610    0.005621165
 611     611    2.058600000
 611     612    0.017993544
 611     613    0.000725494
 612    5620    0.005404681
 612    5621    0.007531438
 612     602    0.002710601
 612     603    0.000119491
 612     604    0.000085334
 612     610    0.005705019
 612     611    0.017993544
 612     612    2.098800000
 612     613    0.000005900
 613    5620    0.005262543
 613    5621    0.007306840
 613     602    0.000971000
 613     603    0.003686074
 613     604    0.001172598
 613     610    0.000398357
 613     611    0.000725494
 613     612    0.000005900
 613     613    2.035400000
