5620    5620     2.377000002
5620    5621     0.006032033
5620     602     0.000466119
5620     603    -0.006530426
5620     604    -0.000594036
5620     610     0.008415561
5620     611     0.001902043
5620     612    -0.019016238
5620     613    -0.006499059
5621    5620     0.006032033
5621    5621     2.279899995
5621     602    -0.002232563
5621     603    -0.021109506
5621     604     0.033702854
5621     610    -0.001753895
5621     611    -0.000513836
5621     612     0.007380989
5621     613     0.010549026
 602    5620     0.000466119
 602    5621    -0.002232563
 602     602     2.039300000
 602     603     0.009750890
 602     604     0.001898750
 602     610    -0.001721379
 602     611     0.000172231
 602     612     0.003003484
 602     613    -0.001282022
 603    5620    -0.006530426
 603    5621    -0.021109506
 603     602     0.009750890
 603     603     2.061300000
 603     604    -0.000142647
 603     610     0.002361910
 603     611    -0.000521957
 603     612     0.000068440
 603     613    -0.004936504
 604    5620    -0.000594036
 604    5621     0.033702854
 604     602     0.001898750
 604     603    -0.000142647
 604     604     2.120200000
 604     610     0.000770837
 604     611     0.000554679
 604     612    -0.000766209
 604     613    -0.001207859
 610    5620     0.008415561
 610    5621    -0.001753895
 610     602    -0.001721379
 610     603     0.002361910
 610     604     0.000770837
 610     610     2.016500000
 610     611    -0.006700715
 610     612     0.003950391
 610     613    -0.000644471
 611    5620     0.001902043
 611    5621    -0.000513836
 611     602     0.000172231
 611     603    -0.000521957
 611     604     0.000554679
 611     610    -0.006700715
 611     611     2.007800000
 611     612     0.019644288
 611     613    -0.000984526
 612    5620    -0.019016238
 612    5621     0.007380989
 612     602     0.003003484
 612     603     0.000068440
 612     604    -0.000766209
 612     610     0.003950391
 612     611     0.019644288
 612     612     1.957100000
 612     613     0.000082171
 613    5620    -0.006499059
 613    5621     0.010549026
 613     602    -0.001282022
 613     603    -0.004936504
 613     604    -0.001207859
 613     610    -0.000644471
 613     611    -0.000984526
 613     612     0.000082171
 613     613     2.060300000
