5620    5620    2.297000002
5620    5621    0.005112622
5620     602    0.001436411
5620     603    0.004718237
5620     604    0.000440573
5620     610    0.002445695
5620     611    0.001549719
5620     612    0.008180769
5620     613    0.007467976
5621    5620    0.005112622
5621    5621    2.383799995
5621     602    0.003117410
5621     603    0.021716019
5621     604    0.027237944
5621     610    0.002937725
5621     611    0.000197721
5621     612    0.007380734
5621     613    0.008252606
 602    5620    0.001436411
 602    5621    0.003117410
 602     602    1.969600000
 602     603    0.006806742
 602     604    0.001376023
 602     610    0.002373743
 602     611    0.000848361
 602     612    0.002751768
 602     613    0.000346347
 603    5620    0.004718237
 603    5621    0.021716019
 603     602    0.006806742
 603     603    2.073700000
 603     604    0.000462732
 603     610    0.001960944
 603     611    0.000432470
 603     612    0.000111086
 603     613    0.003449099
 604    5620    0.000440573
 604    5621    0.027237944
 604     602    0.001376023
 604     603    0.000462732
 604     604    2.021000000
 604     610    0.001452019
 604     611    0.000456286
 604     612    0.000826600
 604     613    0.000954984
 610    5620    0.002445695
 610    5621    0.002937725
 610     602    0.002373743
 610     603    0.001960944
 610     604    0.001452019
 610     610    2.062000000
 610     611    0.007709773
 610     612    0.002114666
 610     613    0.000627311
 611    5620    0.001549719
 611    5621    0.000197721
 611     602    0.000848361
 611     603    0.000432470
 611     604    0.000456286
 611     610    0.007709773
 611     611    1.976200000
 611     612    0.020019731
 611     613    0.001044712
 612    5620    0.008180769
 612    5621    0.007380734
 612     602    0.002751768
 612     603    0.000111086
 612     604    0.000826600
 612     610    0.002114666
 612     611    0.020019731
 612     612    2.062800000
 612     613    0.000361731
 613    5620    0.007467976
 613    5621    0.008252606
 613     602    0.000346347
 613     603    0.003449099
 613     604    0.000954984
 613     610    0.000627311
 613     611    0.001044712
 613     612    0.000361731
 613     613    1.910300000
