5620    5620    2.267200002
5620    5621    0.003667538
5620     602    0.001116537
5620     603    0.006233337
5620     604    0.000454918
5620     610    0.009664486
5620     611    0.001678081
5620     612    0.022567710
5620     613    0.006966084
5621    5620    0.003667538
5621    5621    2.372699995
5621     602    0.006864836
5621     603    0.014916694
5621     604    0.028946137
5621     610    0.000553658
5621     611    0.000134856
5621     612    0.006575309
5621     613    0.005928308
 602    5620    0.001116537
 602    5621    0.006864836
 602     602    2.054900000
 602     603    0.008881239
 602     604    0.001645724
 602     610    0.001435055
 602     611    0.000200401
 602     612    0.002309996
 602     613    0.000338539
 603    5620    0.006233337
 603    5621    0.014916694
 603     602    0.008881239
 603     603    2.043200000
 603     604    0.000821645
 603     610    0.002130072
 603     611    0.000533886
 603     612    0.000347551
 603     613    0.003270142
 604    5620    0.000454918
 604    5621    0.028946137
 604     602    0.001645724
 604     603    0.000821645
 604     604    1.977200000
 604     610    0.001113637
 604     611    0.000566779
 604     612    0.001125484
 604     613    0.000836321
 610    5620    0.009664486
 610    5621    0.000553658
 610     602    0.001435055
 610     603    0.002130072
 610     604    0.001113637
 610     610    2.074300000
 610     611    0.006200715
 610     612    0.007370329
 610     613    0.000506478
 611    5620    0.001678081
 611    5621    0.000134856
 611     602    0.000200401
 611     603    0.000533886
 611     604    0.000566779
 611     610    0.006200715
 611     611    2.041500000
 611     612    0.019518487
 611     613    0.000820011
 612    5620    0.022567710
 612    5621    0.006575309
 612     602    0.002309996
 612     603    0.000347551
 612     604    0.001125484
 612     610    0.007370329
 612     611    0.019518487
 612     612    2.042400000
 612     613    0.000241909
 613    5620    0.006966084
 613    5621    0.005928308
 613     602    0.000338539
 613     603    0.003270142
 613     604    0.000836321
 613     610    0.000506478
 613     611    0.000820011
 613     612    0.000241909
 613     613    2.057200000
