5620    5620     2.391100002
5620    5621    -0.005907341
5620     602    -0.000449489
5620     603    -0.005807970
5620     604     0.001931336
5620     610     0.009468376
5620     611     0.003186848
5620     612    -0.015030420
5620     613    -0.007595468
5621    5620    -0.005907341
5621    5621     2.168099995
5621     602     0.006398319
5621     603    -0.033168008
5621     604     0.034058634
5621     610    -0.001573166
5621     611    -0.000229284
5621     612     0.007388139
5621     613     0.010357496
 602    5620    -0.000449489
 602    5621     0.006398319
 602     602     2.032300000
 602     603     0.011550252
 602     604     0.001788395
 602     610     0.001146431
 602     611     0.000097020
 602     612    -0.002867638
 602     613    -0.001698447
 603    5620    -0.005807970
 603    5621    -0.033168008
 603     602     0.011550252
 603     603     2.026700000
 603     604    -0.000828227
 603     610     0.002101467
 603     611     0.000344454
 603     612    -0.000333698
 603     613    -0.004363117
 604    5620     0.001931336
 604    5621     0.034058634
 604     602     0.001788395
 604     603    -0.000828227
 604     604     2.138100000
 604     610    -0.000356680
 604     611     0.000739760
 604     612     0.000266123
 604     613    -0.001241004
 610    5620     0.009468376
 610    5621    -0.001573166
 610     602     0.001146431
 610     603     0.002101467
 610     604    -0.000356680
 610     610     2.060200000
 610     611     0.006872915
 610     612    -0.006960344
 610     613     0.000691682
 611    5620     0.003186848
 611    5621    -0.000229284
 611     602     0.000097020
 611     603     0.000344454
 611     604     0.000739760
 611     610     0.006872915
 611     611     2.122600000
 611     612    -0.018761898
 611     613     0.000754457
 612    5620    -0.015030420
 612    5621     0.007388139
 612     602    -0.002867638
 612     603    -0.000333698
 612     604     0.000266123
 612     610    -0.006960344
 612     611    -0.018761898
 612     612     2.023800000
 612     613     0.000063835
 613    5620    -0.007595468
 613    5621     0.010357496
 613     602    -0.001698447
 613     603    -0.004363117
 613     604    -0.001241004
 613     610     0.000691682
 613     611     0.000754457
 613     612     0.000063835
 613     613     1.939900000
