5620    5620     2.313100002
5620    5621     0.006607755
5620     602     0.000768011
5620     603    -0.005458666
5620     604     0.001219334
5620     610     0.000045051
5620     611     0.001339418
5620     612     0.008832520
5620     613     0.005004745
5621    5620     0.006607755
5621    5621     2.378799995
5621     602     0.001847393
5621     603    -0.010688337
5621     604    -0.026491186
5621     610    -0.003034493
5621     611    -0.000484990
5621     612    -0.007521760
5621     613     0.007780505
 602    5620     0.000768011
 602    5621     0.001847393
 602     602     2.022200000
 602     603     0.010997049
 602     604    -0.001743807
 602     610     0.002046303
 602     611    -0.000111951
 602     612    -0.003160488
 602     613     0.001173373
 603    5620    -0.005458666
 603    5621    -0.010688337
 603     602     0.010997049
 603     603     2.024300000
 603     604     0.000115079
 603     610     0.002186970
 603     611    -0.000469283
 603     612     0.000172336
 603     613    -0.003905731
 604    5620     0.001219334
 604    5621    -0.026491186
 604     602    -0.001743807
 604     603     0.000115079
 604     604     2.059700000
 604     610    -0.002101923
 604     611     0.000284432
 604     612     0.001523910
 604     613     0.000856870
 610    5620     0.000045051
 610    5621    -0.003034493
 610     602     0.002046303
 610     603     0.002186970
 610     604    -0.002101923
 610     610     2.006100000
 610     611    -0.007292175
 610     612     0.005893942
 610     613    -0.000475424
 611    5620     0.001339418
 611    5621    -0.000484990
 611     602    -0.000111951
 611     603    -0.000469283
 611     604     0.000284432
 611     610    -0.007292175
 611     611     2.030600000
 611     612    -0.020470238
 611     613    -0.000824552
 612    5620     0.008832520
 612    5621    -0.007521760
 612     602    -0.003160488
 612     603     0.000172336
 612     604     0.001523910
 612     610     0.005893942
 612     611    -0.020470238
 612     612     2.002900000
 612     613     0.000025810
 613    5620     0.005004745
 613    5621     0.007780505
 613     602     0.001173373
 613     603    -0.003905731
 613     604     0.000856870
 613     610    -0.000475424
 613     611    -0.000824552
 613     612     0.000025810
 613     613     2.035200000
