5620    5620    2.458500002
5620    5621    0.003042767
5620     602    0.001790972
5620     603    0.005671562
5620     604    0.004523251
5620     610    0.002092328
5620     611    0.001091668
5620     612    0.005825069
5620     613    0.007516553
5621    5620    0.003042767
5621    5621    2.383499995
5621     602    0.003921986
5621     603    0.020292821
5621     604    0.025435264
5621     610    0.001861210
5621     611    0.000477195
5621     612    0.006488923
5621     613    0.007280498
 602    5620    0.001790972
 602    5621    0.003921986
 602     602    2.035500000
 602     603    0.008430735
 602     604    0.001849515
 602     610    0.002271310
 602     611    0.000957791
 602     612    0.002861702
 602     613    0.000081209
 603    5620    0.005671562
 603    5621    0.020292821
 603     602    0.008430735
 603     603    2.033700000
 603     604    0.001243946
 603     610    0.002387522
 603     611    0.000540225
 603     612    0.000201173
 603     613    0.004006872
 604    5620    0.004523251
 604    5621    0.025435264
 604     602    0.001849515
 604     603    0.001243946
 604     604    2.033700000
 604     610    0.001712564
 604     611    0.000812196
 604     612    0.000125575
 604     613    0.001224166
 610    5620    0.002092328
 610    5621    0.001861210
 610     602    0.002271310
 610     603    0.002387522
 610     604    0.001712564
 610     610    2.085700000
 610     611    0.006124965
 610     612    0.006992176
 610     613    0.000683809
 611    5620    0.001091668
 611    5621    0.000477195
 611     602    0.000957791
 611     603    0.000540225
 611     604    0.000812196
 611     610    0.006124965
 611     611    2.084000000
 611     612    0.016837069
 611     613    0.000965312
 612    5620    0.005825069
 612    5621    0.006488923
 612     602    0.002861702
 612     603    0.000201173
 612     604    0.000125575
 612     610    0.006992176
 612     611    0.016837069
 612     612    1.989100000
 612     613    0.000062604
 613    5620    0.007516553
 613    5621    0.007280498
 613     602    0.000081209
 613     603    0.004006872
 613     604    0.001224166
 613     610    0.000683809
 613     611    0.000965312
 613     612    0.000062604
 613     613    1.950000000
