5620    5620     2.303300002
5620    5621    -0.003803237
5620     602     0.001740418
5620     603    -0.005728203
5620     604    -0.000828586
5620     610     0.004246666
5620     611     0.000689322
5620     612     0.004188899
5620     613    -0.005983081
5621    5620    -0.003803237
5621    5621     2.564599995
5621     602     0.004589616
5621     603     0.016714842
5621     604    -0.029574434
5621     610    -0.000518445
5621     611     0.000099620
5621     612    -0.007447747
5621     613     0.006632472
 602    5620     0.001740418
 602    5621     0.004589616
 602     602     2.038400000
 602     603    -0.008381572
 602     604    -0.001881219
 602     610    -0.001345818
 602     611    -0.000711297
 602     612     0.002984466
 602     613     0.000344919
 603    5620    -0.005728203
 603    5621     0.016714842
 603     602    -0.008381572
 603     603     2.057800000
 603     604    -0.001063624
 603     610    -0.001654103
 603     611     0.000410560
 603     612    -0.000041750
 603     613     0.003635752
 604    5620    -0.000828586
 604    5621    -0.029574434
 604     602    -0.001881219
 604     603    -0.001063624
 604     604     2.036500000
 604     610    -0.000358970
 604     611     0.000542842
 604     612     0.000767525
 604     613     0.001114071
 610    5620     0.004246666
 610    5621    -0.000518445
 610     602    -0.001345818
 610     603    -0.001654103
 610     604    -0.000358970
 610     610     2.079400000
 610     611    -0.004986281
 610     612     0.005719713
 610     613     0.000545288
 611    5620     0.000689322
 611    5621     0.000099620
 611     602    -0.000711297
 611     603     0.000410560
 611     604     0.000542842
 611     610    -0.004986281
 611     611     2.034700000
 611     612     0.015350797
 611     613    -0.000886270
 612    5620     0.004188899
 612    5621    -0.007447747
 612     602     0.002984466
 612     603    -0.000041750
 612     604     0.000767525
 612     610     0.005719713
 612     611     0.015350797
 612     612     1.953300000
 612     613     0.000248640
 613    5620    -0.005983081
 613    5621     0.006632472
 613     602     0.000344919
 613     603     0.003635752
 613     604     0.001114071
 613     610     0.000545288
 613     611    -0.000886270
 613     612     0.000248640
 613     613     2.053000000
