5620    5620     2.216900002
5620    5621     0.008580287
5620     602     0.000578802
5620     603     0.006104334
5620     604     0.000515303
5620     610    -0.000303226
5620     611     0.001746485
5620     612     0.012736767
5620     613     0.008123823
5621    5620     0.008580287
5621    5621     2.466799995
5621     602    -0.002546607
5621     603     0.026973345
5621     604    -0.029356752
5621     610     0.003721646
5621     611     0.000100691
5621     612    -0.005555313
5621     613     0.008021764
 602    5620     0.000578802
 602    5621    -0.002546607
 602     602     2.070200000
 602     603    -0.012470129
 602     604     0.001781597
 602     610     0.001738761
 602     611     0.000705655
 602     612     0.002306017
 602     613     0.001928235
 603    5620     0.006104334
 603    5621     0.026973345
 603     602    -0.012470129
 603     603     2.030100000
 603     604    -0.001064529
 603     610    -0.002329831
 603     611    -0.000407739
 603     612    -0.000114539
 603     613     0.004645934
 604    5620     0.000515303
 604    5621    -0.029356752
 604     602     0.001781597
 604     603    -0.001064529
 604     604     2.012600000
 604     610     0.001786015
 604     611    -0.000547326
 604     612    -0.000189908
 604     613    -0.001065607
 610    5620    -0.000303226
 610    5621     0.003721646
 610     602     0.001738761
 610     603    -0.002329831
 610     604     0.001786015
 610     610     2.028200000
 610     611    -0.006508884
 610     612     0.004292237
 610     613    -0.000452102
 611    5620     0.001746485
 611    5621     0.000100691
 611     602     0.000705655
 611     603    -0.000407739
 611     604    -0.000547326
 611     610    -0.006508884
 611     611     2.043800000
 611     612    -0.015389663
 611     613    -0.000859435
 612    5620     0.012736767
 612    5621    -0.005555313
 612     602     0.002306017
 612     603    -0.000114539
 612     604    -0.000189908
 612     610     0.004292237
 612     611    -0.015389663
 612     612     2.122000000
 612     613     0.000244599
 613    5620     0.008123823
 613    5621     0.008021764
 613     602     0.001928235
 613     603     0.004645934
 613     604    -0.001065607
 613     610    -0.000452102
 613     611    -0.000859435
 613     612     0.000244599
 613     613     1.941900000
