5620    5620     2.158700002
5620    5621     0.006797054
5620     602    -0.000851388
5620     603    -0.005108247
5620     604    -0.003013305
5620     610    -0.008046319
5620     611    -0.002948103
5620     612     0.005861824
5620     613    -0.009946519
5621    5620     0.006797054
5621    5621     2.387499995
5621     602    -0.001005539
5621     603     0.014455035
5621     604     0.029004780
5621     610     0.002077058
5621     611     0.000263542
5621     612    -0.005992205
5621     613     0.005736683
 602    5620    -0.000851388
 602    5621    -0.001005539
 602     602     2.088500000
 602     603    -0.006919229
 602     604    -0.001630167
 602     610     0.001869652
 602     611     0.000239440
 602     612    -0.002391625
 602     613    -0.000704901
 603    5620    -0.005108247
 603    5621     0.014455035
 603     602    -0.006919229
 603     603     2.111300000
 603     604    -0.000108054
 603     610     0.002088298
 603     611     0.000313464
 603     612    -0.000557045
 603     613    -0.003074258
 604    5620    -0.003013305
 604    5621     0.029004780
 604     602    -0.001630167
 604     603    -0.000108054
 604     604     2.107600000
 604     610    -0.001244691
 604     611     0.000606049
 604     612     0.000327816
 604     613     0.000963688
 610    5620    -0.008046319
 610    5621     0.002077058
 610     602     0.001869652
 610     603     0.002088298
 610     604    -0.001244691
 610     610     2.005400000
 610     611    -0.006047354
 610     612    -0.001173960
 610     613    -0.000540525
 611    5620    -0.002948103
 611    5621     0.000263542
 611     602     0.000239440
 611     603     0.000313464
 611     604     0.000606049
 611     610    -0.006047354
 611     611     2.125200000
 611     612     0.016955468
 611     613    -0.000639483
 612    5620     0.005861824
 612    5621    -0.005992205
 612     602    -0.002391625
 612     603    -0.000557045
 612     604     0.000327816
 612     610    -0.001173960
 612     611     0.016955468
 612     612     2.027200000
 612     613    -0.000718678
 613    5620    -0.009946519
 613    5621     0.005736683
 613     602    -0.000704901
 613     603    -0.003074258
 613     604     0.000963688
 613     610    -0.000540525
 613     611    -0.000639483
 613     612    -0.000718678
 613     613     2.010300000
