5620    5620     2.315200002
5620    5621     0.005743397
5620     602    -0.001159406
5620     603     0.005895421
5620     604    -0.003084130
5620     610    -0.003921777
5620     611    -0.003092662
5620     612     0.001533462
5620     613     0.002781047
5621    5620     0.005743397
5621    5621     2.421799995
5621     602     0.000199317
5621     603     0.027407114
5621     604     0.027780678
5621     610     0.001995548
5621     611     0.000281119
5621     612    -0.005375329
5621     613     0.011080766
 602    5620    -0.001159406
 602    5621     0.000199317
 602     602     2.026800000
 602     603    -0.011191703
 602     604     0.001652743
 602     610     0.001724887
 602     611     0.000415817
 602     612    -0.002520016
 602     613     0.000912706
 603    5620     0.005895421
 603    5621     0.027407114
 603     602    -0.011191703
 603     603     2.033900000
 603     604     0.001269817
 603     610     0.002066998
 603     611     0.000274564
 603     612     0.000301456
 603     613    -0.004864642
 604    5620    -0.003084130
 604    5621     0.027780678
 604     602     0.001652743
 604     603     0.001269817
 604     604     2.094700000
 604     610    -0.000701343
 604     611     0.000705607
 604     612    -0.000290585
 604     613    -0.001348156
 610    5620    -0.003921777
 610    5621     0.001995548
 610     602     0.001724887
 610     603     0.002066998
 610     604    -0.000701343
 610     610     2.064100000
 610     611     0.006793044
 610     612    -0.001694251
 610     613    -0.000495802
 611    5620    -0.003092662
 611    5621     0.000281119
 611     602     0.000415817
 611     603     0.000274564
 611     604     0.000705607
 611     610     0.006793044
 611     611     2.057800000
 611     612    -0.019803993
 611     613    -0.000697791
 612    5620     0.001533462
 612    5621    -0.005375329
 612     602    -0.002520016
 612     603     0.000301456
 612     604    -0.000290585
 612     610    -0.001694251
 612     611    -0.019803993
 612     612     2.013700000
 612     613     0.000251018
 613    5620     0.002781047
 613    5621     0.011080766
 613     602     0.000912706
 613     603    -0.004864642
 613     604    -0.001348156
 613     610    -0.000495802
 613     611    -0.000697791
 613     612     0.000251018
 613     613     1.982300000
