5620    5620    2.399600002
5620    5621    0.003970591
5620     602    0.001750861
5620     603    0.005609201
5620     604    0.001525791
5620     610    0.001372889
5620     611    0.002382384
5620     612    0.005280331
5620     613    0.004912691
5621    5620    0.003970591
5621    5621    2.225999995
5621     602    0.004287856
5621     603    0.022913663
5621     604    0.031493191
5621     610    0.003369108
5621     611    0.000549839
5621     612    0.007700281
5621     613    0.007995251
 602    5620    0.001750861
 602    5621    0.004287856
 602     602    2.076700000
 602     603    0.008358717
 602     604    0.001546541
 602     610    0.002228762
 602     611    0.000177162
 602     612    0.002516308
 602     613    0.000544700
 603    5620    0.005609201
 603    5621    0.022913663
 603     602    0.008358717
 603     603    2.004600000
 603     604    0.001273042
 603     610    0.002118892
 603     611    0.000092164
 603     612    0.000100263
 603     613    0.004426193
 604    5620    0.001525791
 604    5621    0.031493191
 604     602    0.001546541
 604     603    0.001273042
 604     604    2.060500000
 604     610    0.001926428
 604     611    0.000557242
 604     612    0.000099270
 604     613    0.001402772
 610    5620    0.001372889
 610    5621    0.003369108
 610     602    0.002228762
 610     603    0.002118892
 610     604    0.001926428
 610     610    1.994000000
 610     611    0.005675905
 610     612    0.005240051
 610     613    0.000356645
 611    5620    0.002382384
 611    5621    0.000549839
 611     602    0.000177162
 611     603    0.000092164
 611     604    0.000557242
 611     610    0.005675905
 611     611    2.178100000
 611     612    0.017074044
 611     613    0.000517346
 612    5620    0.005280331
 612    5621    0.007700281
 612     602    0.002516308
 612     603    0.000100263
 612     604    0.000099270
 612     610    0.005240051
 612     611    0.017074044
 612     612    1.937300000
 612     613    0.000214280
 613    5620    0.004912691
 613    5621    0.007995251
 613     602    0.000544700
 613     603    0.004426193
 613     604    0.001402772
 613     610    0.000356645
 613     611    0.000517346
 613     612    0.000214280
 613     613    2.033100000
