5620    5620    2.454500002
5620    5621    0.004543940
5620     602    0.000003682
5620     603    0.005824608
5620     604    0.001623041
5620     610    0.006325267
5620     611    0.002407290
5620     612    0.007013706
5620     613    0.002570026
5621    5620    0.004543940
5621    5621    2.194899995
5621     602    0.000135509
5621     603    0.024586714
5621     604    0.032508376
5621     610    0.000530833
5621     611    0.000521380
5621     612    0.006742626
5621     613    0.010480251
 602    5620    0.000003682
 602    5621    0.000135509
 602     602    2.058600000
 602     603    0.008321280
 602     604    0.001541505
 602     610    0.000599508
 602     611    0.000075580
 602     612    0.002244605
 602     613    0.001336380
 603    5620    0.005824608
 603    5621    0.024586714
 603     602    0.008321280
 603     603    2.078600000
 603     604    0.000662611
 603     610    0.001924130
 603     611    0.000257064
 603     612    0.000070449
 603     613    0.004907183
 604    5620    0.001623041
 604    5621    0.032508376
 604     602    0.001541505
 604     603    0.000662611
 604     604    2.065300000
 604     610    0.000061909
 604     611    0.000595080
 604     612    0.000343386
 604     613    0.001359381
 610    5620    0.006325267
 610    5621    0.000530833
 610     602    0.000599508
 610     603    0.001924130
 610     604    0.000061909
 610     610    2.050500000
 610     611    0.006079746
 610     612    0.011424439
 610     613    0.000543987
 611    5620    0.002407290
 611    5621    0.000521380
 611     602    0.000075580
 611     603    0.000257064
 611     604    0.000595080
 611     610    0.006079746
 611     611    2.112900000
 611     612    0.017362948
 611     613    0.000553571
 612    5620    0.007013706
 612    5621    0.006742626
 612     602    0.002244605
 612     603    0.000070449
 612     604    0.000343386
 612     610    0.011424439
 612     611    0.017362948
 612     612    2.080200000
 612     613    0.000019531
 613    5620    0.002570026
 613    5621    0.010480251
 613     602    0.001336380
 613     603    0.004907183
 613     604    0.001359381
 613     610    0.000543987
 613     611    0.000553571
 613     612    0.000019531
 613     613    1.999500000
