5620    5620    2.361800002
5620    5621    0.004225198
5620     602    0.003063935
5620     603    0.005461013
5620     604    0.002470688
5620     610    0.002577391
5620     611    0.001244854
5620     612    0.003640899
5620     613    0.000882581
5621    5620    0.004225198
5621    5621    2.431699995
5621     602    0.006074640
5621     603    0.018190544
5621     604    0.025244551
5621     610    0.002266962
5621     611    0.000336161
5621     612    0.006136635
5621     613    0.006602714
 602    5620    0.003063935
 602    5621    0.006074640
 602     602    2.102700000
 602     603    0.005339614
 602     604    0.001199443
 602     610    0.002496334
 602     611    0.000692232
 602     612    0.002177299
 602     613    0.000155278
 603    5620    0.005461013
 603    5621    0.018190544
 603     602    0.005339614
 603     603    2.008400000
 603     604    0.000739828
 603     610    0.001930506
 603     611    0.000448573
 603     612    0.000050048
 603     613    0.003750674
 604    5620    0.002470688
 604    5621    0.025244551
 604     602    0.001199443
 604     603    0.000739828
 604     604    2.121700000
 604     610    0.000825062
 604     611    0.000851359
 604     612    0.000855257
 604     613    0.001161754
 610    5620    0.002577391
 610    5621    0.002266962
 610     602    0.002496334
 610     603    0.001930506
 610     604    0.000825062
 610     610    2.081300000
 610     611    0.007007422
 610     612    0.004106387
 610     613    0.000123323
 611    5620    0.001244854
 611    5621    0.000336161
 611     602    0.000692232
 611     603    0.000448573
 611     604    0.000851359
 611     610    0.007007422
 611     611    2.039700000
 611     612    0.018441279
 611     613    0.000531936
 612    5620    0.003640899
 612    5621    0.006136635
 612     602    0.002177299
 612     603    0.000050048
 612     604    0.000855257
 612     610    0.004106387
 612     611    0.018441279
 612     612    2.028500000
 612     613    0.000209881
 613    5620    0.000882581
 613    5621    0.006602714
 613     602    0.000155278
 613     603    0.003750674
 613     604    0.001161754
 613     610    0.000123323
 613     611    0.000531936
 613     612    0.000209881
 613     613    2.041300000
