5620    5620    2.269700002
5620    5621    0.006011306
5620     602    0.002227157
5620     603    0.006168548
5620     604    0.000985939
5620     610    0.005842519
5620     611    0.003969564
5620     612    0.007363468
5620     613    0.006110537
5621    5620    0.006011306
5621    5621    2.316299995
5621     602    0.004708639
5621     603    0.024003356
5621     604    0.032441279
5621     610    0.001548757
5621     611    0.001006834
5621     612    0.007205818
5621     613    0.007338756
 602    5620    0.002227157
 602    5621    0.004708639
 602     602    2.068100000
 602     603    0.007344691
 602     604    0.001386007
 602     610    0.002005436
 602     611    0.000332243
 602     612    0.002096365
 602     613    0.000091293
 603    5620    0.006168548
 603    5621    0.024003356
 603     602    0.007344691
 603     603    2.027500000
 603     604    0.001086888
 603     610    0.002093703
 603     611    0.000154634
 603     612    0.000044524
 603     613    0.003913836
 604    5620    0.000985939
 604    5621    0.032441279
 604     602    0.001386007
 604     603    0.001086888
 604     604    1.978400000
 604     610    0.001896721
 604     611    0.000350597
 604     612    0.001568038
 604     613    0.001014023
 610    5620    0.005842519
 610    5621    0.001548757
 610     602    0.002005436
 610     603    0.002093703
 610     604    0.001896721
 610     610    2.124000000
 610     611    0.007348668
 610     612    0.006194382
 610     613    0.000450762
 611    5620    0.003969564
 611    5621    0.001006834
 611     602    0.000332243
 611     603    0.000154634
 611     604    0.000350597
 611     610    0.007348668
 611     611    2.106700000
 611     612    0.016237353
 611     613    0.000511445
 612    5620    0.007363468
 612    5621    0.007205818
 612     602    0.002096365
 612     603    0.000044524
 612     604    0.001568038
 612     610    0.006194382
 612     611    0.016237353
 612     612    2.095000000
 612     613    0.000156954
 613    5620    0.006110537
 613    5621    0.007338756
 613     602    0.000091293
 613     603    0.003913836
 613     604    0.001014023
 613     610    0.000450762
 613     611    0.000511445
 613     612    0.000156954
 613     613    1.975500000
