5620    5620     2.382000002
5620    5621     0.003723135
5620     602     0.002530568
5620     603     0.006258043
5620     604     0.000116496
5620     610     0.000039973
5620     611     0.001159338
5620     612     0.000831670
5620     613     0.006742734
5621    5620     0.003723135
5621    5621     2.291999995
5621     602     0.009623364
5621     603     0.024129292
5621     604    -0.024647444
5621     610     0.001874196
5621     611     0.000759096
5621     612     0.006722014
5621     613     0.007433749
 602    5620     0.002530568
 602    5621     0.009623364
 602     602     2.009900000
 602     603     0.008756128
 602     604    -0.001290349
 602     610     0.002392899
 602     611    -0.000596432
 602     612     0.002438380
 602     613     0.000108674
 603    5620     0.006258043
 603    5621     0.024129292
 603     602     0.008756128
 603     603     2.070700000
 603     604    -0.000960798
 603     610     0.002251232
 603     611     0.000321915
 603     612    -0.000102274
 603     613     0.004519708
 604    5620     0.000116496
 604    5621    -0.024647444
 604     602    -0.001290349
 604     603    -0.000960798
 604     604     2.136100000
 604     610     0.001222949
 604     611     0.000374638
 604     612    -0.000477590
 604     613    -0.000948117
 610    5620     0.000039973
 610    5621     0.001874196
 610     602     0.002392899
 610     603     0.002251232
 610     604     0.001222949
 610     610     2.044200000
 610     611    -0.006522894
 610     612     0.007180633
 610     613     0.000524888
 611    5620     0.001159338
 611    5621     0.000759096
 611     602    -0.000596432
 611     603     0.000321915
 611     604     0.000374638
 611     610    -0.006522894
 611     611     2.108200000
 611     612    -0.017465392
 611     613     0.000689297
 612    5620     0.000831670
 612    5621     0.006722014
 612     602     0.002438380
 612     603    -0.000102274
 612     604    -0.000477590
 612     610     0.007180633
 612     611    -0.017465392
 612     612     2.040000000
 612     613    -0.000154560
 613    5620     0.006742734
 613    5621     0.007433749
 613     602     0.000108674
 613     603     0.004519708
 613     604    -0.000948117
 613     610     0.000524888
 613     611     0.000689297
 613     612    -0.000154560
 613     613     2.019600000
