5620    5620     2.234300002
5620    5621    -0.005077294
5620     602     0.002050611
5620     603     0.005642020
5620     604    -0.002145945
5620     610     0.001437412
5620     611     0.000041147
5620     612    -0.001108097
5620     613     0.002480178
5621    5620    -0.005077294
5621    5621     2.270599995
5621     602     0.001158968
5621     603    -0.024317506
5621     604     0.032133841
5621     610     0.003153200
5621     611     0.000099893
5621     612    -0.006321867
5621     613     0.009146618
 602    5620     0.002050611
 602    5621     0.001158968
 602     602     2.031100000
 602     603     0.007226935
 602     604     0.002012776
 602     610     0.002448936
 602     611    -0.000658144
 602     612     0.002627291
 602     613    -0.000510276
 603    5620     0.005642020
 603    5621    -0.024317506
 603     602     0.007226935
 603     603     2.036200000
 603     604    -0.000765697
 603     610     0.001910331
 603     611     0.000518403
 603     612    -0.000203484
 603     613    -0.004000954
 604    5620    -0.002145945
 604    5621     0.032133841
 604     602     0.002012776
 604     603    -0.000765697
 604     604     2.020300000
 604     610    -0.002051169
 604     611     0.000800178
 604     612     0.000111970
 604     613     0.001400994
 610    5620     0.001437412
 610    5621     0.003153200
 610     602     0.002448936
 610     603     0.001910331
 610     604    -0.002051169
 610     610     2.076200000
 610     611    -0.006062036
 610     612     0.004861224
 610     613     0.000295655
 611    5620     0.000041147
 611    5621     0.000099893
 611     602    -0.000658144
 611     603     0.000518403
 611     604     0.000800178
 611     610    -0.006062036
 611     611     2.012400000
 611     612    -0.015529311
 611     613     0.000732519
 612    5620    -0.001108097
 612    5621    -0.006321867
 612     602     0.002627291
 612     603    -0.000203484
 612     604     0.000111970
 612     610     0.004861224
 612     611    -0.015529311
 612     612     2.010100000
 612     613    -0.000095360
 613    5620     0.002480178
 613    5621     0.009146618
 613     602    -0.000510276
 613     603    -0.004000954
 613     604     0.001400994
 613     610     0.000295655
 613     611     0.000732519
 613     612    -0.000095360
 613     613     2.022500000
