5620    5620     2.351200002
5620    5621    -0.007169807
5620     602     0.002016825
5620     603     0.005682367
5620     604    -0.003191635
5620     610     0.006160575
5620     611    -0.001623401
5620     612     0.018518274
5620     613    -0.003906212
5621    5620    -0.007169807
5621    5621     2.473899995
5621     602     0.001958713
5621     603     0.030650585
5621     604     0.034265881
5621     610    -0.002529433
5621     611     0.000413220
5621     612     0.006859898
5621     613     0.009780736
 602    5620     0.002016825
 602    5621     0.001958713
 602     602     2.020500000
 602     603    -0.005848485
 602     604    -0.001400502
 602     610     0.002369015
 602     611    -0.001003416
 602     612    -0.002631331
 602     613    -0.000048986
 603    5620     0.005682367
 603    5621     0.030650585
 603     602    -0.005848485
 603     603     2.015800000
 603     604     0.000988537
 603     610    -0.002249229
 603     611     0.000707390
 603     612     0.000153960
 603     613     0.004910107
 604    5620    -0.003191635
 604    5621     0.034265881
 604     602    -0.001400502
 604     603     0.000988537
 604     604     1.940900000
 604     610    -0.001567512
 604     611     0.000824074
 604     612    -0.000221710
 604     613     0.001443305
 610    5620     0.006160575
 610    5621    -0.002529433
 610     602     0.002369015
 610     603    -0.002249229
 610     604    -0.001567512
 610     610     2.059400000
 610     611    -0.005844965
 610     612    -0.007014333
 610     613    -0.000338986
 611    5620    -0.001623401
 611    5621     0.000413220
 611     602    -0.001003416
 611     603     0.000707390
 611     604     0.000824074
 611     610    -0.005844965
 611     611     1.971100000
 611     612     0.021196111
 611     613    -0.001097731
 612    5620     0.018518274
 612    5621     0.006859898
 612     602    -0.002631331
 612     603     0.000153960
 612     604    -0.000221710
 612     610    -0.007014333
 612     611     0.021196111
 612     612     2.062100000
 612     613     0.000040431
 613    5620    -0.003906212
 613    5621     0.009780736
 613     602    -0.000048986
 613     603     0.004910107
 613     604     0.001443305
 613     610    -0.000338986
 613     611    -0.001097731
 613     612     0.000040431
 613     613     1.960000000
