5620    5620    2.557100002
5620    5621    0.005976038
5620     602    0.000738045
5620     603    0.005496633
5620     604    0.002802656
5620     610    0.000172774
5620     611    0.001058978
5620     612    0.001853325
5620     613    0.008077533
5621    5620    0.005976038
5621    5621    2.322299995
5621     602    0.001308970
5621     603    0.009474553
5621     604    0.033637162
5621     610    0.002768015
5621     611    0.000366598
5621     612    0.007585699
5621     613    0.007181732
 602    5620    0.000738045
 602    5621    0.001308970
 602     602    2.038500000
 602     603    0.002786581
 602     604    0.001801102
 602     610    0.002046726
 602     611    0.000305517
 602     612    0.003127692
 602     613    0.000925754
 603    5620    0.005496633
 603    5621    0.009474553
 603     602    0.002786581
 603     603    2.121800000
 603     604    0.001034508
 603     610    0.001864660
 603     611    0.000383158
 603     612    0.000494548
 603     613    0.003225178
 604    5620    0.002802656
 604    5621    0.033637162
 604     602    0.001801102
 604     603    0.001034508
 604     604    2.072600000
 604     610    0.002247748
 604     611    0.000127106
 604     612    0.001786510
 604     613    0.000701374
 610    5620    0.000172774
 610    5621    0.002768015
 610     602    0.002046726
 610     603    0.001864660
 610     604    0.002247748
 610     610    2.036700000
 610     611    0.006468111
 610     612    0.007326628
 610     613    0.000530884
 611    5620    0.001058978
 611    5621    0.000366598
 611     602    0.000305517
 611     603    0.000383158
 611     604    0.000127106
 611     610    0.006468111
 611     611    2.061800000
 611     612    0.020870673
 611     613    0.000793826
 612    5620    0.001853325
 612    5621    0.007585699
 612     602    0.003127692
 612     603    0.000494548
 612     604    0.001786510
 612     610    0.007326628
 612     611    0.020870673
 612     612    2.013700000
 612     613    0.000252115
 613    5620    0.008077533
 613    5621    0.007181732
 613     602    0.000925754
 613     603    0.003225178
 613     604    0.000701374
 613     610    0.000530884
 613     611    0.000793826
 613     612    0.000252115
 613     613    1.978000000
