5620    5620    2.295800002
5620    5621    0.006963104
5620     602    0.002685091
5620     603    0.006177073
5620     604    0.000750703
5620     610    0.002976877
5620     611    0.002028944
5620     612    0.008069400
5620     613    0.009285320
5621    5620    0.006963104
5621    5621    2.267099995
5621     602    0.007902422
5621     603    0.017751635
5621     604    0.031841932
5621     610    0.000437631
5621     611    0.000508841
5621     612    0.007454850
5621     613    0.007357059
 602    5620    0.002685091
 602    5621    0.007902422
 602     602    2.026200000
 602     603    0.007425554
 602     604    0.001610489
 602     610    0.001973455
 602     611    0.000787927
 602     612    0.002813825
 602     613    0.000334506
 603    5620    0.006177073
 603    5621    0.017751635
 603     602    0.007425554
 603     603    2.071400000
 603     604    0.000790016
 603     610    0.002236271
 603     611    0.000437085
 603     612    0.000068750
 603     613    0.004358550
 604    5620    0.000750703
 604    5621    0.031841932
 604     602    0.001610489
 604     603    0.000790016
 604     604    2.042000000
 604     610    0.000676410
 604     611    0.000565058
 604     612    0.000431017
 604     613    0.001021009
 610    5620    0.002976877
 610    5621    0.000437631
 610     602    0.001973455
 610     603    0.002236271
 610     604    0.000676410
 610     610    2.009600000
 610     611    0.006836256
 610     612    0.008528915
 610     613    0.000890705
 611    5620    0.002028944
 611    5621    0.000508841
 611     602    0.000787927
 611     603    0.000437085
 611     604    0.000565058
 611     610    0.006836256
 611     611    2.053700000
 611     612    0.018122711
 611     613    0.000799116
 612    5620    0.008069400
 612    5621    0.007454850
 612     602    0.002813825
 612     603    0.000068750
 612     604    0.000431017
 612     610    0.008528915
 612     611    0.018122711
 612     612    2.089200000
 612     613    0.000232234
 613    5620    0.009285320
 613    5621    0.007357059
 613     602    0.000334506
 613     603    0.004358550
 613     604    0.001021009
 613     610    0.000890705
 613     611    0.000799116
 613     612    0.000232234
 613     613    1.966800000
