5620    5620     2.181500002
5620    5621     0.005347409
5620     602    -0.000664759
5620     603     0.006839654
5620     604     0.000246956
5620     610     0.002639478
5620     611     0.003898944
5620     612    -0.005325391
5620     613     0.003183350
5621    5620     0.005347409
5621    5621     2.432699995
5621     602    -0.000774738
5621     603    -0.024277986
5621     604     0.027883809
5621     610    -0.001504594
5621     611    -0.000433778
5621     612    -0.006878381
5621     613     0.007631556
 602    5620    -0.000664759
 602    5621    -0.000774738
 602     602     1.950000000
 602     603    -0.011225326
 602     604    -0.001960679
 602     610    -0.001609320
 602     611     0.000202360
 602     612    -0.003066027
 602     613     0.001326275
 603    5620     0.006839654
 603    5621    -0.024277986
 603     602    -0.011225326
 603     603     2.022400000
 603     604     0.000761586
 603     610     0.002306343
 603     611     0.000222380
 603     612    -0.000216825
 603     613    -0.004606335
 604    5620     0.000246956
 604    5621     0.027883809
 604     602    -0.001960679
 604     603     0.000761586
 604     604     2.054900000
 604     610     0.000935157
 604     611    -0.000448483
 604     612    -0.000418171
 604     613     0.001003340
 610    5620     0.002639478
 610    5621    -0.001504594
 610     602    -0.001609320
 610     603     0.002306343
 610     604     0.000935157
 610     610     2.050400000
 610     611    -0.007306508
 610     612     0.004063907
 610     613     0.000398197
 611    5620     0.003898944
 611    5621    -0.000433778
 611     602     0.000202360
 611     603     0.000222380
 611     604    -0.000448483
 611     610    -0.007306508
 611     611     2.032700000
 611     612     0.017619833
 611     613    -0.000486482
 612    5620    -0.005325391
 612    5621    -0.006878381
 612     602    -0.003066027
 612     603    -0.000216825
 612     604    -0.000418171
 612     610     0.004063907
 612     611     0.017619833
 612     612     2.032400000
 612     613    -0.000165787
 613    5620     0.003183350
 613    5621     0.007631556
 613     602     0.001326275
 613     603    -0.004606335
 613     604     0.001003340
 613     610     0.000398197
 613     611    -0.000486482
 613     612    -0.000165787
 613     613     2.001900000
