5620    5620     2.402200002
5620    5621    -0.004898476
5620     602     0.000921574
5620     603    -0.006135144
5620     604    -0.002840532
5620     610     0.001715519
5620     611     0.002495511
5620     612     0.015497600
5620     613    -0.007931067
5621    5620    -0.004898476
5621    5621     2.297999995
5621     602     0.002113623
5621     603     0.020298765
5621     604     0.028641803
5621     610     0.002138666
5621     611    -0.000315685
5621     612    -0.006637983
5621     613     0.007162686
 602    5620     0.000921574
 602    5621     0.002113623
 602     602     2.078500000
 602     603    -0.009442645
 602     604     0.001520667
 602     610    -0.001740739
 602     611    -0.000741125
 602     612     0.002398683
 602     613    -0.000529609
 603    5620    -0.006135144
 603    5621     0.020298765
 603     602    -0.009442645
 603     603     2.007000000
 603     604     0.000690904
 603     610    -0.002048344
 603     611     0.000436028
 603     612     0.000021227
 603     613    -0.003995175
 604    5620    -0.002840532
 604    5621     0.028641803
 604     602     0.001520667
 604     603     0.000690904
 604     604     1.969300000
 604     610    -0.001437764
 604     611     0.000771071
 604     612     0.000127681
 604     613    -0.001093187
 610    5620     0.001715519
 610    5621     0.002138666
 610     602    -0.001740739
 610     603    -0.002048344
 610     604    -0.001437764
 610     610     2.092000000
 610     611    -0.005874151
 610     612     0.005140654
 610     613    -0.000451432
 611    5620     0.002495511
 611    5621    -0.000315685
 611     602    -0.000741125
 611     603     0.000436028
 611     604     0.000771071
 611     610    -0.005874151
 611     611     2.024300000
 611     612    -0.016937157
 611     613     0.000819809
 612    5620     0.015497600
 612    5621    -0.006637983
 612     602     0.002398683
 612     603     0.000021227
 612     604     0.000127681
 612     610     0.005140654
 612     611    -0.016937157
 612     612     2.027400000
 612     613     0.000111451
 613    5620    -0.007931067
 613    5621     0.007162686
 613     602    -0.000529609
 613     603    -0.003995175
 613     604    -0.001093187
 613     610    -0.000451432
 613     611     0.000819809
 613     612     0.000111451
 613     613     2.001800000
