5620    5620    2.315100002
5620    5621    0.005747442
5620     602    0.002253216
5620     603    0.006053635
5620     604    0.000892570
5620     610    0.000619521
5620     611    0.003303790
5620     612    0.009874362
5620     613    0.003951939
5621    5620    0.005747442
5621    5621    2.241999995
5621     602    0.003510702
5621     603    0.023686783
5621     604    0.031812863
5621     610    0.001535289
5621     611    0.000547145
5621     612    0.007013072
5621     613    0.008654068
 602    5620    0.002253216
 602    5621    0.003510702
 602     602    2.077700000
 602     603    0.004930269
 602     604    0.001476596
 602     610    0.002137738
 602     611    0.000550841
 602     612    0.002627112
 602     613    0.000146095
 603    5620    0.006053635
 603    5621    0.023686783
 603     602    0.004930269
 603     603    2.015000000
 603     604    0.001350970
 603     610    0.002096095
 603     611    0.000110520
 603     612    0.000202564
 603     613    0.004230507
 604    5620    0.000892570
 604    5621    0.031812863
 604     602    0.001476596
 604     603    0.001350970
 604     604    2.061500000
 604     610    0.001598192
 604     611    0.000323424
 604     612    0.001236930
 604     613    0.000993681
 610    5620    0.000619521
 610    5621    0.001535289
 610     602    0.002137738
 610     603    0.002096095
 610     604    0.001598192
 610     610    2.066400000
 610     611    0.006251213
 610     612    0.007750752
 610     613    0.000445749
 611    5620    0.003303790
 611    5621    0.000547145
 611     602    0.000550841
 611     603    0.000110520
 611     604    0.000323424
 611     610    0.006251213
 611     611    2.101500000
 611     612    0.020338775
 611     613    0.000497364
 612    5620    0.009874362
 612    5621    0.007013072
 612     602    0.002627112
 612     603    0.000202564
 612     604    0.001236930
 612     610    0.007750752
 612     611    0.020338775
 612     612    2.043900000
 612     613    0.000001143
 613    5620    0.003951939
 613    5621    0.008654068
 613     602    0.000146095
 613     603    0.004230507
 613     604    0.000993681
 613     610    0.000445749
 613     611    0.000497364
 613     612    0.000001143
 613     613    2.009500000
