5620    5620     2.102100002
5620    5621     0.007551823
5620     602     0.001781257
5620     603     0.006017953
5620     604     0.002804192
5620     610    -0.000248088
5620     611     0.002319064
5620     612    -0.015103622
5620     613     0.003875998
5621    5620     0.007551823
5621    5621     2.349899995
5621     602    -0.005180819
5621     603     0.019030553
5621     604     0.022665602
5621     610     0.003239820
5621     611     0.000409495
5621     612     0.007250975
5621     613    -0.008886140
 602    5620     0.001781257
 602    5621    -0.005180819
 602     602     2.116600000
 602     603    -0.006809333
 602     604    -0.001064954
 602     610    -0.002065530
 602     611     0.000130857
 602     612    -0.002522639
 602     613    -0.000692727
 603    5620     0.006017953
 603    5621     0.019030553
 603     602    -0.006809333
 603     603     2.043700000
 603     604    -0.000790871
 603     610    -0.001963663
 603     611    -0.000369429
 603     612    -0.000158655
 603     613    -0.004546884
 604    5620     0.002804192
 604    5621     0.022665602
 604     602    -0.001064954
 604     603    -0.000790871
 604     604     2.073200000
 604     610     0.001602355
 604     611    -0.000002560
 604     612     0.001667477
 604     613     0.000590610
 610    5620    -0.000248088
 610    5621     0.003239820
 610     602    -0.002065530
 610     603    -0.001963663
 610     604     0.001602355
 610     610     2.109300000
 610     611    -0.005820616
 610     612     0.005539359
 610     613     0.000258427
 611    5620     0.002319064
 611    5621     0.000409495
 611     602     0.000130857
 611     603    -0.000369429
 611     604    -0.000002560
 611     610    -0.005820616
 611     611     2.083000000
 611     612     0.017176620
 611     613    -0.000680901
 612    5620    -0.015103622
 612    5621     0.007250975
 612     602    -0.002522639
 612     603    -0.000158655
 612     604     0.001667477
 612     610     0.005539359
 612     611     0.017176620
 612     612     2.047700000
 612     613    -0.000140971
 613    5620     0.003875998
 613    5621    -0.008886140
 613     602    -0.000692727
 613     603    -0.004546884
 613     604     0.000590610
 613     610     0.000258427
 613     611    -0.000680901
 613     612    -0.000140971
 613     613     1.953100000
