5620    5620     2.292000002
5620    5621    -0.006719881
5620     602    -0.001209971
5620     603    -0.005613581
5620     604    -0.000607282
5620     610    -0.000831791
5620     611     0.002621919
5620     612    -0.005162309
5620     613    -0.004062062
5621    5620    -0.006719881
5621    5621     2.274599995
5621     602     0.001223481
5621     603    -0.022765455
5621     604    -0.030863561
5621     610     0.001578184
5621     611     0.000307715
5621     612    -0.006207605
5621     613     0.009984000
 602    5620    -0.001209971
 602    5621     0.001223481
 602     602     2.098400000
 602     603    -0.005839868
 602     604    -0.001465408
 602     610    -0.001555164
 602     611     0.000122964
 602     612    -0.002272311
 602     613    -0.000992352
 603    5620    -0.005613581
 603    5621    -0.022765455
 603     602    -0.005839868
 603     603     1.979500000
 603     604     0.000807474
 603     610    -0.002032818
 603     611     0.000205456
 603     612     0.000067808
 603     613    -0.004442179
 604    5620    -0.000607282
 604    5621    -0.030863561
 604     602    -0.001465408
 604     603     0.000807474
 604     604     2.070000000
 604     610    -0.001506218
 604     611    -0.000359829
 604     612     0.000692544
 604     613     0.001112136
 610    5620    -0.000831791
 610    5621     0.001578184
 610     602    -0.001555164
 610     603    -0.002032818
 610     604    -0.001506218
 610     610     2.086500000
 610     611    -0.006587768
 610     612    -0.007940220
 610     613    -0.000512366
 611    5620     0.002621919
 611    5621     0.000307715
 611     602     0.000122964
 611     603     0.000205456
 611     604    -0.000359829
 611     610    -0.006587768
 611     611     2.006700000
 611     612     0.016442422
 611     613    -0.000731854
 612    5620    -0.005162309
 612    5621    -0.006207605
 612     602    -0.002272311
 612     603     0.000067808
 612     604     0.000692544
 612     610    -0.007940220
 612     611     0.016442422
 612     612     2.094500000
 612     613     0.000136090
 613    5620    -0.004062062
 613    5621     0.009984000
 613     602    -0.000992352
 613     603    -0.004442179
 613     604     0.001112136
 613     610    -0.000512366
 613     611    -0.000731854
 613     612     0.000136090
 613     613     1.917200000
