5620    5620    2.490400002
5620    5621    0.004839972
5620     602    0.000552956
5620     603    0.005852887
5620     604    0.000673951
5620     610    0.004422650
5620     611    0.001097576
5620     612    0.001745809
5620     613    0.008292610
5621    5620    0.004839972
5621    5621    2.423299995
5621     602    0.000769001
5621     603    0.022873007
5621     604    0.027096082
5621     610    0.003468684
5621     611    0.000306666
5621     612    0.006165900
5621     613    0.007320153
 602    5620    0.000552956
 602    5621    0.000769001
 602     602    2.096000000
 602     603    0.006424125
 602     604    0.001728069
 602     610    0.001945014
 602     611    0.000195359
 602     612    0.002561601
 602     613    0.000767131
 603    5620    0.005852887
 603    5621    0.022873007
 603     602    0.006424125
 603     603    2.044500000
 603     604    0.000777764
 603     610    0.002272556
 603     611    0.000539396
 603     612    0.000038821
 603     613    0.003868563
 604    5620    0.000673951
 604    5621    0.027096082
 604     602    0.001728069
 604     603    0.000777764
 604     604    2.058800000
 604     610    0.002139026
 604     611    0.000651276
 604     612    0.000041596
 604     613    0.001026202
 610    5620    0.004422650
 610    5621    0.003468684
 610     602    0.001945014
 610     603    0.002272556
 610     604    0.002139026
 610     610    1.980900000
 610     611    0.006892825
 610     612    0.008669275
 610     613    0.000575975
 611    5620    0.001097576
 611    5621    0.000306666
 611     602    0.000195359
 611     603    0.000539396
 611     604    0.000651276
 611     610    0.006892825
 611     611    2.080500000
 611     612    0.018449878
 611     613    0.000988053
 612    5620    0.001745809
 612    5621    0.006165900
 612     602    0.002561601
 612     603    0.000038821
 612     604    0.000041596
 612     610    0.008669275
 612     611    0.018449878
 612     612    2.072500000
 612     613    0.000269406
 613    5620    0.008292610
 613    5621    0.007320153
 613     602    0.000767131
 613     603    0.003868563
 613     604    0.001026202
 613     610    0.000575975
 613     611    0.000988053
 613     612    0.000269406
 613     613    2.060400000
