5620    5620    2.326100002
5620    5621    0.008022336
5620     602    0.002072001
5620     603    0.006072526
5620     604    0.002081039
5620     610    0.002156176
5620     611    0.000559340
5620     612    0.001724087
5620     613    0.001337461
5621    5620    0.008022336
5621    5621    2.386199995
5621     602    0.000244434
5621     603    0.027228647
5621     604    0.033915613
5621     610    0.003212613
5621     611    0.000304821
5621     612    0.006372353
5621     613    0.010082327
 602    5620    0.002072001
 602    5621    0.000244434
 602     602    2.045100000
 602     603    0.010561695
 602     604    0.001762921
 602     610    0.002195745
 602     611    0.000044233
 602     612    0.002459254
 602     613    0.000697391
 603    5620    0.006072526
 603    5621    0.027228647
 603     602    0.010561695
 603     603    2.044900000
 603     604    0.001066919
 603     610    0.002175558
 603     611    0.000436695
 603     612    0.000061458
 603     613    0.004419651
 604    5620    0.002081039
 604    5621    0.033915613
 604     602    0.001762921
 604     603    0.001066919
 604     604    2.010300000
 604     610    0.001750147
 604     611    0.000714139
 604     612    0.000177291
 604     613    0.001460467
 610    5620    0.002156176
 610    5621    0.003212613
 610     602    0.002195745
 610     603    0.002175558
 610     604    0.001750147
 610     610    2.038300000
 610     611    0.006548443
 610     612    0.001671312
 610     613    0.000247917
 611    5620    0.000559340
 611    5621    0.000304821
 611     602    0.000044233
 611     603    0.000436695
 611     604    0.000714139
 611     610    0.006548443
 611     611    2.039200000
 611     612    0.016000923
 611     613    0.000602522
 612    5620    0.001724087
 612    5621    0.006372353
 612     602    0.002459254
 612     603    0.000061458
 612     604    0.000177291
 612     610    0.001671312
 612     611    0.016000923
 612     612    2.014500000
 612     613    0.000149131
 613    5620    0.001337461
 613    5621    0.010082327
 613     602    0.000697391
 613     603    0.004419651
 613     604    0.001460467
 613     610    0.000247917
 613     611    0.000602522
 613     612    0.000149131
 613     613    2.026100000
