5620    5620     2.083800002
5620    5621     0.006458787
5620     602     0.000256508
5620     603    -0.005717836
5620     604    -0.001742607
5620     610     0.005094962
5620     611    -0.001470530
5620     612    -0.011476044
5620     613    -0.007652057
5621    5620     0.006458787
5621    5621     2.406299995
5621     602    -0.002540756
5621     603    -0.009198941
5621     604    -0.029287785
5621     610     0.002339682
5621     611    -0.000567842
5621     612    -0.007850742
5621     613    -0.007088731
 602    5620     0.000256508
 602    5621    -0.002540756
 602     602     2.075900000
 602     603    -0.006041155
 602     604    -0.001720929
 602     610     0.001777892
 602     611    -0.000471974
 602     612     0.002772294
 602     613    -0.001149601
 603    5620    -0.005717836
 603    5621    -0.009198941
 603     602    -0.006041155
 603     603     2.159800000
 603     604    -0.000377029
 603     610     0.001964293
 603     611    -0.000514625
 603     612    -0.000299476
 603     613    -0.003416502
 604    5620    -0.001742607
 604    5621    -0.029287785
 604     602    -0.001720929
 604     603    -0.000377029
 604     604     2.045000000
 604     610     0.001721151
 604     611     0.000668056
 604     612     0.000194406
 604     613    -0.001190544
 610    5620     0.005094962
 610    5621     0.002339682
 610     602     0.001777892
 610     603     0.001964293
 610     604     0.001721151
 610     610     2.023700000
 610     611    -0.006230198
 610     612    -0.005642327
 610     613    -0.000371432
 611    5620    -0.001470530
 611    5621    -0.000567842
 611     602    -0.000471974
 611     603    -0.000514625
 611     604     0.000668056
 611     610    -0.006230198
 611     611     2.015100000
 611     612    -0.019878340
 611     613    -0.000872448
 612    5620    -0.011476044
 612    5621    -0.007850742
 612     602     0.002772294
 612     603    -0.000299476
 612     604     0.000194406
 612     610    -0.005642327
 612     611    -0.019878340
 612     612     2.003700000
 612     613    -0.000164033
 613    5620    -0.007652057
 613    5621    -0.007088731
 613     602    -0.001149601
 613     603    -0.003416502
 613     604    -0.001190544
 613     610    -0.000371432
 613     611    -0.000872448
 613     612    -0.000164033
 613     613     2.018000000
