5620    5620    2.475100002
5620    5621    0.006896943
5620     602    0.000467791
5620     603    0.006735576
5620     604    0.002042537
5620     610    0.002716670
5620     611    0.000747687
5620     612    0.000326294
5620     613    0.005738921
5621    5620    0.006896943
5621    5621    2.345999995
5621     602    0.002413505
5621     603    0.020121728
5621     604    0.031656268
5621     610    0.001897757
5621     611    0.000167639
5621     612    0.005605781
5621     613    0.008510911
 602    5620    0.000467791
 602    5621    0.002413505
 602     602    2.049500000
 602     603    0.007258066
 602     604    0.002167581
 602     610    0.001559791
 602     611    0.000726789
 602     612    0.002741065
 602     613    0.001220831
 603    5620    0.006735576
 603    5621    0.020121728
 603     602    0.007258066
 603     603    2.024000000
 603     604    0.000386667
 603     610    0.002455731
 603     611    0.000774285
 603     612    0.000811131
 603     613    0.004635064
 604    5620    0.002042537
 604    5621    0.031656268
 604     602    0.002167581
 604     603    0.000386667
 604     604    2.025500000
 604     610    0.001436885
 604     611    0.000541745
 604     612    0.000009547
 604     613    0.001116969
 610    5620    0.002716670
 610    5621    0.001897757
 610     602    0.001559791
 610     603    0.002455731
 610     604    0.001436885
 610     610    2.051300000
 610     611    0.005374624
 610     612    0.003859340
 610     613    0.000486068
 611    5620    0.000747687
 611    5621    0.000167639
 611     602    0.000726789
 611     603    0.000774285
 611     604    0.000541745
 611     610    0.005374624
 611     611    2.056000000
 611     612    0.014186630
 611     613    0.000866861
 612    5620    0.000326294
 612    5621    0.005605781
 612     602    0.002741065
 612     603    0.000811131
 612     604    0.000009547
 612     610    0.003859340
 612     611    0.014186630
 612     612    2.115200000
 612     613    0.000432371
 613    5620    0.005738921
 613    5621    0.008510911
 613     602    0.001220831
 613     603    0.004635064
 613     604    0.001116969
 613     610    0.000486068
 613     611    0.000866861
 613     612    0.000432371
 613     613    2.030100000
