5620    5620    2.384300002
5620    5621    0.007211201
5620     602    0.001933272
5620     603    0.006915210
5620     604    0.000986683
5620     610    0.002365410
5620     611    0.002677178
5620     612    0.003004514
5620     613    0.003937992
5621    5620    0.007211201
5621    5621    2.253399995
5621     602    0.002314617
5621     603    0.025629129
5621     604    0.030466021
5621     610    0.002979466
5621     611    0.000250989
5621     612    0.006858115
5621     613    0.009904336
 602    5620    0.001933272
 602    5621    0.002314617
 602     602    1.988300000
 602     603    0.006122707
 602     604    0.001521735
 602     610    0.002441032
 602     611    0.000268990
 602     612    0.002458241
 602     613    0.000245377
 603    5620    0.006915210
 603    5621    0.025629129
 603     602    0.006122707
 603     603    2.000000000
 603     604    0.000258902
 603     610    0.002275323
 603     611    0.000622846
 603     612    0.000966284
 603     613    0.004775876
 604    5620    0.000986683
 604    5621    0.030466021
 604     602    0.001521735
 604     603    0.000258902
 604     604    2.093700000
 604     610    0.001581618
 604     611    0.000445882
 604     612    0.000212289
 604     613    0.000912450
 610    5620    0.002365410
 610    5621    0.002979466
 610     602    0.002441032
 610     603    0.002275323
 610     604    0.001581618
 610     610    2.034500000
 610     611    0.006863400
 610     612    0.000690281
 610     613    0.000404959
 611    5620    0.002677178
 611    5621    0.000250989
 611     602    0.000268990
 611     603    0.000622846
 611     604    0.000445882
 611     610    0.006863400
 611     611    2.104100000
 611     612    0.018812056
 611     613    0.000664473
 612    5620    0.003004514
 612    5621    0.006858115
 612     602    0.002458241
 612     603    0.000966284
 612     604    0.000212289
 612     610    0.000690281
 612     611    0.018812056
 612     612    1.990200000
 612     613    0.000408133
 613    5620    0.003937992
 613    5621    0.009904336
 613     602    0.000245377
 613     603    0.004775876
 613     604    0.000912450
 613     610    0.000404959
 613     611    0.000664473
 613     612    0.000408133
 613     613    1.986700000
