5620    5620    2.348800002
5620    5621    0.008465193
5620     602    0.000733789
5620     603    0.005903156
5620     604    0.001560311
5620     610    0.003990621
5620     611    0.002011677
5620     612    0.017388035
5620     613    0.003174362
5621    5620    0.008465193
5621    5621    2.233799995
5621     602    0.003124456
5621     603    0.018637883
5621     604    0.029787213
5621     610    0.002987543
5621     611    0.000167587
5621     612    0.008456016
5621     613    0.008508899
 602    5620    0.000733789
 602    5621    0.003124456
 602     602    2.110000000
 602     603    0.007238725
 602     604    0.001678604
 602     610    0.001975950
 602     611    0.000074871
 602     612    0.003240210
 602     613    0.001472528
 603    5620    0.005903156
 603    5621    0.018637883
 603     602    0.007238725
 603     603    2.031100000
 603     604    0.000176960
 603     610    0.002030752
 603     611    0.000478925
 603     612    0.000183412
 603     613    0.004650891
 604    5620    0.001560311
 604    5621    0.029787213
 604     602    0.001678604
 604     603    0.000176960
 604     604    2.110800000
 604     610    0.001913357
 604     611    0.000339758
 604     612    0.000935070
 604     613    0.000993066
 610    5620    0.003990621
 610    5621    0.002987543
 610     602    0.001975950
 610     603    0.002030752
 610     604    0.001913357
 610     610    2.032800000
 610     611    0.005362703
 610     612    0.005397013
 610     613    0.000233639
 611    5620    0.002011677
 611    5621    0.000167587
 611     602    0.000074871
 611     603    0.000478925
 611     604    0.000339758
 611     610    0.005362703
 611     611    2.044800000
 611     612    0.020458941
 611     613    0.000672538
 612    5620    0.017388035
 612    5621    0.008456016
 612     602    0.003240210
 612     603    0.000183412
 612     604    0.000935070
 612     610    0.005397013
 612     611    0.020458941
 612     612    2.020000000
 612     613    0.000059686
 613    5620    0.003174362
 613    5621    0.008508899
 613     602    0.001472528
 613     603    0.004650891
 613     604    0.000993066
 613     610    0.000233639
 613     611    0.000672538
 613     612    0.000059686
 613     613    1.930000000
