5620    5620    2.227300002
5620    5621    0.006850238
5620     602    0.002485331
5620     603    0.006784552
5620     604    0.000308738
5620     610    0.004591222
5620     611    0.000008550
5620     612    0.013034703
5620     613    0.008154276
5621    5620    0.006850238
5621    5621    2.347699995
5621     602    0.003373137
5621     603    0.022867344
5621     604    0.035775072
5621     610    0.002402676
5621     611    0.000188035
5621     612    0.006795781
5621     613    0.007674360
 602    5620    0.002485331
 602    5621    0.003373137
 602     602    2.098300000
 602     603    0.003157530
 602     604    0.001389719
 602     610    0.002188064
 602     611    0.000576145
 602     612    0.002131868
 602     613    0.000168572
 603    5620    0.006784552
 603    5621    0.022867344
 603     602    0.003157530
 603     603    2.038300000
 603     604    0.000710389
 603     610    0.002350537
 603     611    0.000398389
 603     612    0.000044334
 603     613    0.004209558
 604    5620    0.000308738
 604    5621    0.035775072
 604     602    0.001389719
 604     603    0.000710389
 604     604    1.948700000
 604     610    0.001605995
 604     611    0.000632823
 604     612    0.000459923
 604     613    0.001078614
 610    5620    0.004591222
 610    5621    0.002402676
 610     602    0.002188064
 610     603    0.002350537
 610     604    0.001605995
 610     610    2.025200000
 610     611    0.007031991
 610     612    0.005556227
 610     613    0.000632349
 611    5620    0.000008550
 611    5621    0.000188035
 611     602    0.000576145
 611     603    0.000398389
 611     604    0.000632823
 611     610    0.007031991
 611     611    2.003400000
 611     612    0.017219198
 611     613    0.000867778
 612    5620    0.013034703
 612    5621    0.006795781
 612     602    0.002131868
 612     603    0.000044334
 612     604    0.000459923
 612     610    0.005556227
 612     611    0.017219198
 612     612    2.082800000
 612     613    0.000102839
 613    5620    0.008154276
 613    5621    0.007674360
 613     602    0.000168572
 613     603    0.004209558
 613     604    0.001078614
 613     610    0.000632349
 613     611    0.000867778
 613     612    0.000102839
 613     613    2.023600000
