5620    5620     2.208400002
5620    5621     0.006583187
5620     602     0.002129662
5620     603    -0.006579929
5620     604    -0.001470862
5620     610    -0.005213171
5620     611    -0.000597679
5620     612     0.004195431
5620     613    -0.005720504
5621    5620     0.006583187
5621    5621     2.372799995
5621     602    -0.003682350
5621     603     0.026669275
5621     604     0.031414508
5621     610    -0.003003096
5621     611    -0.000103026
5621     612     0.007364646
5621     613    -0.009764111
 602    5620     0.002129662
 602    5621    -0.003682350
 602     602     2.041300000
 602     603    -0.007534113
 602     604    -0.001487548
 602     610    -0.002671436
 602     611    -0.000500171
 602     612    -0.002770127
 602     613     0.000269590
 603    5620    -0.006579929
 603    5621     0.026669275
 603     602    -0.007534113
 603     603     2.085500000
 603     604    -0.000625167
 603     610    -0.002403577
 603     611    -0.000536005
 603     612    -0.000111182
 603     613     0.004597905
 604    5620    -0.001470862
 604    5621     0.031414508
 604     602    -0.001487548
 604     603    -0.000625167
 604     604     1.999700000
 604     610     0.001736781
 604     611     0.000442386
 604     612    -0.000908150
 604     613     0.001021881
 610    5620    -0.005213171
 610    5621    -0.003003096
 610     602    -0.002671436
 610     603    -0.002403577
 610     604     0.001736781
 610     610     2.009700000
 610     611     0.007935799
 610     612    -0.001762428
 610     613     0.000467164
 611    5620    -0.000597679
 611    5621    -0.000103026
 611     602    -0.000500171
 611     603    -0.000536005
 611     604     0.000442386
 611     610     0.007935799
 611     611     2.005900000
 611     612     0.022270349
 611     613     0.000888829
 612    5620     0.004195431
 612    5621     0.007364646
 612     602    -0.002770127
 612     603    -0.000111182
 612     604    -0.000908150
 612     610    -0.001762428
 612     611     0.022270349
 612     612     1.990000000
 612     613    -0.000134410
 613    5620    -0.005720504
 613    5621    -0.009764111
 613     602     0.000269590
 613     603     0.004597905
 613     604     0.001021881
 613     610     0.000467164
 613     611     0.000888829
 613     612    -0.000134410
 613     613     1.988500000
