5620    5620     2.354000002
5620    5621    -0.007308693
5620     602     0.001463690
5620     603    -0.004522579
5620     604     0.000901765
5620     610    -0.004361506
5620     611     0.002910777
5620     612     0.012319042
5620     613    -0.005852005
5621    5620    -0.007308693
5621    5621     2.417099995
5621     602     0.004848686
5621     603    -0.019836090
5621     604     0.030700573
5621     610    -0.002564621
5621     611    -0.000706149
5621     612     0.006081700
5621     613    -0.005861189
 602    5620     0.001463690
 602    5621     0.004848686
 602     602     1.994700000
 602     603    -0.013670566
 602     604     0.001946527
 602     610     0.002471450
 602     611     0.000176711
 602     612    -0.002738478
 602     613    -0.000744257
 603    5620    -0.004522579
 603    5621    -0.019836090
 603     602    -0.013670566
 603     603     2.054200000
 603     604     0.001302870
 603     610     0.002092631
 603     611    -0.000268622
 603     612    -0.000176052
 603     613     0.003013690
 604    5620     0.000901765
 604    5621     0.030700573
 604     602     0.001946527
 604     603     0.001302870
 604     604     2.026300000
 604     610     0.001980477
 604     611    -0.000533042
 604     612    -0.000024408
 604     613    -0.001075662
 610    5620    -0.004361506
 610    5621    -0.002564621
 610     602     0.002471450
 610     603     0.002092631
 610     604     0.001980477
 610     610     2.017900000
 610     611    -0.005585700
 610     612     0.006486323
 610     613     0.000286363
 611    5620     0.002910777
 611    5621    -0.000706149
 611     602     0.000176711
 611     603    -0.000268622
 611     604    -0.000533042
 611     610    -0.005585700
 611     611     2.050300000
 611     612    -0.015854245
 611     613     0.000544831
 612    5620     0.012319042
 612    5621     0.006081700
 612     602    -0.002738478
 612     603    -0.000176052
 612     604    -0.000024408
 612     610     0.006486323
 612     611    -0.015854245
 612     612     2.050900000
 612     613    -0.000182445
 613    5620    -0.005852005
 613    5621    -0.005861189
 613     602    -0.000744257
 613     603     0.003013690
 613     604    -0.001075662
 613     610     0.000286363
 613     611     0.000544831
 613     612    -0.000182445
 613     613     1.986300000
