5620    5620    2.505800002
5620    5621    0.007886014
5620     602    0.000452002
5620     603    0.005083706
5620     604    0.002267545
5620     610    0.004749605
5620     611    0.001044531
5620     612    0.005952055
5620     613    0.002467805
5621    5620    0.007886014
5621    5621    2.185599995
5621     602    0.000141295
5621     603    0.028664992
5621     604    0.030755793
5621     610    0.000362672
5621     611    0.000304892
5621     612    0.006854398
5621     613    0.008441878
 602    5620    0.000452002
 602    5621    0.000141295
 602     602    2.113400000
 602     603    0.011609735
 602     604    0.001690446
 602     610    0.000614153
 602     611    0.000327926
 602     612    0.002452192
 602     613    0.001319952
 603    5620    0.005083706
 603    5621    0.028664992
 603     602    0.011609735
 603     603    2.028600000
 603     604    0.001392552
 603     610    0.001800067
 603     611    0.000395692
 603     612    0.000286459
 603     613    0.003873898
 604    5620    0.002267545
 604    5621    0.030755793
 604     602    0.001690446
 604     603    0.001392552
 604     604    1.988300000
 604     610    0.000004254
 604     611    0.000603282
 604     612    0.000117640
 604     613    0.001246667
 610    5620    0.004749605
 610    5621    0.000362672
 610     602    0.000614153
 610     603    0.001800067
 610     604    0.000004254
 610     610    2.023600000
 610     611    0.005593126
 610     612    0.007545876
 610     613    0.000422298
 611    5620    0.001044531
 611    5621    0.000304892
 611     602    0.000327926
 611     603    0.000395692
 611     604    0.000603282
 611     610    0.005593126
 611     611    2.064000000
 611     612    0.017218201
 611     613    0.000614137
 612    5620    0.005952055
 612    5621    0.006854398
 612     602    0.002452192
 612     603    0.000286459
 612     604    0.000117640
 612     610    0.007545876
 612     611    0.017218201
 612     612    2.007600000
 612     613    0.000082290
 613    5620    0.002467805
 613    5621    0.008441878
 613     602    0.001319952
 613     603    0.003873898
 613     604    0.001246667
 613     610    0.000422298
 613     611    0.000614137
 613     612    0.000082290
 613     613    1.981200000
