5620    5620     2.371500002
5620    5621    -0.005890546
5620     602    -0.002502045
5620     603    -0.006001237
5620     604    -0.002459116
5620     610     0.002451410
5620     611     0.001861626
5620     612    -0.011147337
5620     613     0.007893591
5621    5620    -0.005890546
5621    5621     2.232399995
5621     602     0.005015074
5621     603     0.017106661
5621     604     0.028190881
5621     610     0.000864309
5621     611    -0.000755151
5621     612    -0.007177622
5621     613     0.008170934
 602    5620    -0.002502045
 602    5621     0.005015074
 602     602     2.042600000
 602     603     0.004279460
 602     604     0.000995229
 602     610     0.001954145
 602     611     0.000417415
 602     612    -0.002224989
 602     613    -0.000365262
 603    5620    -0.006001237
 603    5621     0.017106661
 603     602     0.004279460
 603     603     2.024800000
 603     604    -0.000872932
 603     610     0.002056266
 603     611    -0.000122623
 603     612    -0.000188078
 603     613    -0.004028156
 604    5620    -0.002459116
 604    5621     0.028190881
 604     602     0.000995229
 604     603    -0.000872932
 604     604     2.028500000
 604     610     0.000448153
 604     611    -0.000659830
 604     612     0.000421133
 604     613     0.001221992
 610    5620     0.002451410
 610    5621     0.000864309
 610     602     0.001954145
 610     603     0.002056266
 610     604     0.000448153
 610     610     2.039600000
 610     611    -0.006445178
 610     612     0.010751959
 610     613    -0.000762198
 611    5620     0.001861626
 611    5621    -0.000755151
 611     602     0.000417415
 611     603    -0.000122623
 611     604    -0.000659830
 611     610    -0.006445178
 611     611     2.077800000
 611     612    -0.015628096
 611     613     0.000542669
 612    5620    -0.011147337
 612    5621    -0.007177622
 612     602    -0.002224989
 612     603    -0.000188078
 612     604     0.000421133
 612     610     0.010751959
 612     611    -0.015628096
 612     612     2.071500000
 612     613    -0.000035107
 613    5620     0.007893591
 613    5621     0.008170934
 613     602    -0.000365262
 613     603    -0.004028156
 613     604     0.001221992
 613     610    -0.000762198
 613     611     0.000542669
 613     612    -0.000035107
 613     613     1.985000000
