5620    5620     2.190700002
5620    5621    -0.006923697
5620     602     0.000368279
5620     603    -0.006196883
5620     604    -0.002435747
5620     610    -0.004274259
5620     611     0.001129103
5620     612     0.001312405
5620     613     0.005625074
5621    5620    -0.006923697
5621    5621     2.400099995
5621     602    -0.003970542
5621     603    -0.027842948
5621     604    -0.030206407
5621     610     0.002845194
5621     611    -0.000069063
5621     612    -0.007155012
5621     613    -0.007751149
 602    5620     0.000368279
 602    5621    -0.003970542
 602     602     2.113900000
 602     603    -0.010170911
 602     604     0.001809834
 602     610     0.001930949
 602     611    -0.000175419
 602     612     0.002802797
 602     613    -0.001181253
 603    5620    -0.006196883
 603    5621    -0.027842948
 603     602    -0.010170911
 603     603     2.015100000
 603     604     0.000998422
 603     610    -0.002316788
 603     611    -0.000393693
 603     612     0.000225196
 603     613     0.003570719
 604    5620    -0.002435747
 604    5621    -0.030206407
 604     602     0.001809834
 604     603     0.000998422
 604     604     2.082300000
 604     610    -0.001750146
 604     611    -0.000657847
 604     612    -0.000054764
 604     613    -0.001024907
 610    5620    -0.004274259
 610    5621     0.002845194
 610     602     0.001930949
 610     603    -0.002316788
 610     604    -0.001750146
 610     610     1.981600000
 610     611    -0.006791922
 610     612     0.003555175
 610     613    -0.000423431
 611    5620     0.001129103
 611    5621    -0.000069063
 611     602    -0.000175419
 611     603    -0.000393693
 611     604    -0.000657847
 611     610    -0.006791922
 611     611     2.046900000
 611     612     0.014851778
 611     613    -0.000756529
 612    5620     0.001312405
 612    5621    -0.007155012
 612     602     0.002802797
 612     603     0.000225196
 612     604    -0.000054764
 612     610     0.003555175
 612     611     0.014851778
 612     612     1.959700000
 612     613     0.000401111
 613    5620     0.005625074
 613    5621    -0.007751149
 613     602    -0.001181253
 613     603     0.003570719
 613     604    -0.001024907
 613     610    -0.000423431
 613     611    -0.000756529
 613     612     0.000401111
 613     613     2.020500000
