5620    5620    2.207900002
5620    5621    0.005819383
5620     602    0.000988196
5620     603    0.006093943
5620     604    0.002304836
5620     610    0.004499173
5620     611    0.002627682
5620     612    0.000070386
5620     613    0.004860358
5621    5620    0.005819383
5621    5621    2.369199995
5621     602    0.004954269
5621     603    0.027263817
5621     604    0.025339458
5621     610    0.002300508
5621     611    0.000048533
5621     612    0.005255058
5621     613    0.008400560
 602    5620    0.000988196
 602    5621    0.004954269
 602     602    2.027500000
 602     603    0.004264744
 602     604    0.001356625
 602     610    0.002154183
 602     611    0.000232436
 602     612    0.002381458
 602     613    0.000994340
 603    5620    0.006093943
 603    5621    0.027263817
 603     602    0.004264744
 603     603    2.074400000
 603     604    0.000642613
 603     610    0.002147466
 603     611    0.000168447
 603     612    0.000284283
 603     613    0.004608594
 604    5620    0.002304836
 604    5621    0.025339458
 604     602    0.001356625
 604     603    0.000642613
 604     604    2.079800000
 604     610    0.001384990
 604     611    0.000561653
 604     612    0.000259099
 604     613    0.001213829
 610    5620    0.004499173
 610    5621    0.002300508
 610     602    0.002154183
 610     603    0.002147466
 610     604    0.001384990
 610     610    1.999400000
 610     611    0.006566511
 610     612    0.005143522
 610     613    0.000449000
 611    5620    0.002627682
 611    5621    0.000048533
 611     602    0.000232436
 611     603    0.000168447
 611     604    0.000561653
 611     610    0.006566511
 611     611    2.189600000
 611     612    0.015924852
 611     613    0.000531532
 612    5620    0.000070386
 612    5621    0.005255058
 612     602    0.002381458
 612     603    0.000284283
 612     604    0.000259099
 612     610    0.005143522
 612     611    0.015924852
 612     612    2.070900000
 612     613    0.000320765
 613    5620    0.004860358
 613    5621    0.008400560
 613     602    0.000994340
 613     603    0.004608594
 613     604    0.001213829
 613     610    0.000449000
 613     611    0.000531532
 613     612    0.000320765
 613     613    1.966300000
