5620    5620     2.326200002
5620    5621    -0.002530368
5620     602     0.000837543
5620     603     0.005534177
5620     604     0.000608127
5620     610    -0.006892391
5620     611    -0.001284672
5620     612     0.010939473
5620     613    -0.005425432
5621    5620    -0.002530368
5621    5621     2.086099995
5621     602    -0.001318322
5621     603     0.031524149
5621     604     0.031391514
5621     610    -0.000678050
5621     611    -0.000022213
5621     612    -0.007614292
5621     613     0.007443818
 602    5620     0.000837543
 602    5621    -0.001318322
 602     602     2.073000000
 602     603    -0.010094939
 602     604    -0.001639615
 602     610    -0.001066592
 602     611    -0.000158238
 602     612     0.002693269
 602     613     0.000724065
 603    5620     0.005534177
 603    5621     0.031524149
 603     602    -0.010094939
 603     603     1.982600000
 603     604     0.001729006
 603     610    -0.001795498
 603     611    -0.000313151
 603     612     0.000425962
 603     613    -0.003798584
 604    5620     0.000608127
 604    5621     0.031391514
 604     602    -0.001639615
 604     603     0.001729006
 604     604     2.044200000
 604     610    -0.000138486
 604     611    -0.000566891
 604     612    -0.000553888
 604     613     0.000994570
 610    5620    -0.006892391
 610    5621    -0.000678050
 610     602    -0.001066592
 610     603    -0.001795498
 610     604    -0.000138486
 610     610     2.031000000
 610     611    -0.006409827
 610     612     0.008481528
 610     613     0.000654262
 611    5620    -0.001284672
 611    5621    -0.000022213
 611     602    -0.000158238
 611     603    -0.000313151
 611     604    -0.000566891
 611     610    -0.006409827
 611     611     1.981600000
 611     612     0.017155687
 611     613    -0.000749314
 612    5620     0.010939473
 612    5621    -0.007614292
 612     602     0.002693269
 612     603     0.000425962
 612     604    -0.000553888
 612     610     0.008481528
 612     611     0.017155687
 612     612     2.058000000
 612     613     0.000040450
 613    5620    -0.005425432
 613    5621     0.007443818
 613     602     0.000724065
 613     603    -0.003798584
 613     604     0.000994570
 613     610     0.000654262
 613     611    -0.000749314
 613     612     0.000040450
 613     613     2.007300000
