5620    5620    2.599100002
5620    5621    0.003555075
5620     602    0.001698703
5620     603    0.005869005
5620     604    0.001061741
5620     610    0.003702402
5620     611    0.000916166
5620     612    0.009695880
5620     613    0.005124215
5621    5620    0.003555075
5621    5621    2.568799995
5621     602    0.004289649
5621     603    0.016130126
5621     604    0.028752488
5621     610    0.000681839
5621     611    0.000400188
5621     612    0.006475499
5621     613    0.005802495
 602    5620    0.001698703
 602    5621    0.004289649
 602     602    2.141400000
 602     603    0.007232005
 602     604    0.001421938
 602     610    0.001865458
 602     611    0.000732188
 602     612    0.002623183
 602     613    0.000326989
 603    5620    0.005869005
 603    5621    0.016130126
 603     602    0.007232005
 603     603    2.077200000
 603     604    0.000757112
 603     610    0.002148403
 603     611    0.000465886
 603     612    0.000339056
 603     613    0.004239570
 604    5620    0.001061741
 604    5621    0.028752488
 604     602    0.001421938
 604     603    0.000757112
 604     604    2.042200000
 604     610    0.000965380
 604     611    0.000618843
 604     612    0.000648774
 604     613    0.001262092
 610    5620    0.003702402
 610    5621    0.000681839
 610     602    0.001865458
 610     603    0.002148403
 610     604    0.000965380
 610     610    2.045900000
 610     611    0.006110723
 610     612    0.008599717
 610     613    0.000434241
 611    5620    0.000916166
 611    5621    0.000400188
 611     602    0.000732188
 611     603    0.000465886
 611     604    0.000618843
 611     610    0.006110723
 611     611    1.936400000
 611     612    0.021992203
 611     613    0.000887700
 612    5620    0.009695880
 612    5621    0.006475499
 612     602    0.002623183
 612     603    0.000339056
 612     604    0.000648774
 612     610    0.008599717
 612     611    0.021992203
 612     612    2.046000000
 612     613    0.000189499
 613    5620    0.005124215
 613    5621    0.005802495
 613     602    0.000326989
 613     603    0.004239570
 613     604    0.001262092
 613     610    0.000434241
 613     611    0.000887700
 613     612    0.000189499
 613     613    1.951100000
