5620    5620     2.366800002
5620    5621    -0.005771721
5620     602    -0.000136157
5620     603     0.005777346
5620     604    -0.001657904
5620     610     0.006992660
5620     611    -0.001048861
5620     612    -0.013744972
5620     613    -0.008027072
5621    5620    -0.005771721
5621    5621     2.265399995
5621     602    -0.005769644
5621     603     0.028068922
5621     604    -0.027886543
5621     610    -0.001376847
5621     611     0.000194180
5621     612    -0.006598387
5621     613     0.007214870
 602    5620    -0.000136157
 602    5621    -0.005769644
 602     602     2.025800000
 602     603     0.007826408
 602     604    -0.001627335
 602     610     0.001213691
 602     611    -0.000463625
 602     612    -0.002568856
 602     613     0.000970419
 603    5620     0.005777346
 603    5621     0.028068922
 603     602     0.007826408
 603     603     2.033400000
 603     604    -0.000990512
 603     610     0.002024540
 603     611    -0.000412311
 603     612     0.000145876
 603     613    -0.003555318
 604    5620    -0.001657904
 604    5621    -0.027886543
 604     602    -0.001627335
 604     603    -0.000990512
 604     604     2.082700000
 604     610     0.000944985
 604     611    -0.000565084
 604     612    -0.000190302
 604     613    -0.000850172
 610    5620     0.006992660
 610    5621    -0.001376847
 610     602     0.001213691
 610     603     0.002024540
 610     604     0.000944985
 610     610     2.044900000
 610     611    -0.007057335
 610     612    -0.006848486
 610     613    -0.000674687
 611    5620    -0.001048861
 611    5621     0.000194180
 611     602    -0.000463625
 611     603    -0.000412311
 611     604    -0.000565084
 611     610    -0.007057335
 611     611     2.131800000
 611     612     0.015180979
 611     613     0.000804411
 612    5620    -0.013744972
 612    5621    -0.006598387
 612     602    -0.002568856
 612     603     0.000145876
 612     604    -0.000190302
 612     610    -0.006848486
 612     611     0.015180979
 612     612     2.051500000
 612     613     0.000089681
 613    5620    -0.008027072
 613    5621     0.007214870
 613     602     0.000970419
 613     603    -0.003555318
 613     604    -0.000850172
 613     610    -0.000674687
 613     611     0.000804411
 613     612     0.000089681
 613     613     1.981700000
