5620    5620    2.288400002
5620    5621    0.003550544
5620     602    0.000626986
5620     603    0.006087971
5620     604    0.000596156
5620     610    0.003036653
5620     611    0.000500710
5620     612    0.002058407
5620     613    0.002696836
5621    5620    0.003550544
5621    5621    2.334999995
5621     602    0.003785562
5621     603    0.020992368
5621     604    0.031965615
5621     610    0.001603530
5621     611    0.000200473
5621     612    0.006868594
5621     613    0.007681583
 602    5620    0.000626986
 602    5621    0.003785562
 602     602    2.120300000
 602     603    0.009102447
 602     604    0.001533000
 602     610    0.001695561
 602     611    0.000098344
 602     612    0.002400801
 602     613    0.000996660
 603    5620    0.006087971
 603    5621    0.020992368
 603     602    0.009102447
 603     603    1.947600000
 603     604    0.001146349
 603     610    0.002249497
 603     611    0.000586425
 603     612    0.000029446
 603     613    0.004749519
 604    5620    0.000596156
 604    5621    0.031965615
 604     602    0.001533000
 604     603    0.001146349
 604     604    2.022700000
 604     610    0.001214189
 604     611    0.000566099
 604     612    0.000582579
 604     613    0.001260523
 610    5620    0.003036653
 610    5621    0.001603530
 610     602    0.001695561
 610     603    0.002249497
 610     604    0.001214189
 610     610    2.074500000
 610     611    0.006354232
 610     612    0.003607220
 610     613    0.000325481
 611    5620    0.000500710
 611    5621    0.000200473
 611     602    0.000098344
 611     603    0.000586425
 611     604    0.000566099
 611     610    0.006354232
 611     611    2.008000000
 611     612    0.018668741
 611     613    0.000903117
 612    5620    0.002058407
 612    5621    0.006868594
 612     602    0.002400801
 612     603    0.000029446
 612     604    0.000582579
 612     610    0.003607220
 612     611    0.018668741
 612     612    2.057900000
 612     613    0.000086302
 613    5620    0.002696836
 613    5621    0.007681583
 613     602    0.000996660
 613     603    0.004749519
 613     604    0.001260523
 613     610    0.000325481
 613     611    0.000903117
 613     612    0.000086302
 613     613    1.974500000
