5620    5620     2.230900002
5620    5621    -0.005618312
5620     602    -0.000605934
5620     603    -0.007283560
5620     604     0.001162239
5620     610     0.005629754
5620     611     0.001337306
5620     612    -0.011923670
5620     613    -0.007571218
5621    5620    -0.005618312
5621    5621     2.218399995
5621     602    -0.002261551
5621     603     0.029727864
5621     604    -0.032770279
5621     610    -0.001156595
5621     611     0.000534199
5621     612     0.006480437
5621     613    -0.007090902
 602    5620    -0.000605934
 602    5621    -0.002261551
 602     602     2.091600000
 602     603     0.008876093
 602     604    -0.001675234
 602     610     0.001564715
 602     611     0.000042711
 602     612    -0.002427204
 602     613     0.000882046
 603    5620    -0.007283560
 603    5621     0.029727864
 603     602     0.008876093
 603     603     2.008300000
 603     604    -0.000907259
 603     610    -0.002430468
 603     611     0.000599431
 603     612     0.000141535
 603     613     0.004385037
 604    5620     0.001162239
 604    5621    -0.032770279
 604     602    -0.001675234
 604     603    -0.000907259
 604     604     2.093100000
 604     610    -0.000748492
 604     611    -0.000684495
 604     612    -0.000212695
 604     613    -0.001192550
 610    5620     0.005629754
 610    5621    -0.001156595
 610     602     0.001564715
 610     603    -0.002430468
 610     604    -0.000748492
 610     610     1.988400000
 610     611    -0.004942832
 610     612    -0.006051618
 610     613    -0.000488849
 611    5620     0.001337306
 611    5621     0.000534199
 611     602     0.000042711
 611     603     0.000599431
 611     604    -0.000684495
 611     610    -0.004942832
 611     611     2.054900000
 611     612     0.012170058
 611     613    -0.000882939
 612    5620    -0.011923670
 612    5621     0.006480437
 612     602    -0.002427204
 612     603     0.000141535
 612     604    -0.000212695
 612     610    -0.006051618
 612     611     0.012170058
 612     612     2.065300000
 612     613     0.000047983
 613    5620    -0.007571218
 613    5621    -0.007090902
 613     602     0.000882046
 613     603     0.004385037
 613     604    -0.001192550
 613     610    -0.000488849
 613     611    -0.000882939
 613     612     0.000047983
 613     613     1.983600000
