5620    5620     2.227800002
5620    5621    -0.004668965
5620     602     0.001558557
5620     603     0.006252522
5620     604     0.000098852
5620     610     0.001763725
5620     611     0.001393723
5620     612     0.009546262
5620     613     0.008415160
5621    5620    -0.004668965
5621    5621     2.137999995
5621     602     0.001062778
5621     603    -0.027681703
5621     604     0.032004837
5621     610     0.002624754
5621     611    -0.000492596
5621     612     0.008073922
5621     613     0.007343198
 602    5620     0.001558557
 602    5621     0.001062778
 602     602     2.059300000
 602     603     0.008182495
 602     604    -0.001462996
 602     610     0.001999301
 602     611    -0.000200432
 602     612     0.002562306
 602     613     0.000077253
 603    5620     0.006252522
 603    5621    -0.027681703
 603     602     0.008182495
 603     603     2.075800000
 603     604    -0.000165402
 603     610    -0.001990795
 603     611    -0.000351008
 603     612     0.000093519
 603     613    -0.003124484
 604    5620     0.000098852
 604    5621     0.032004837
 604     602    -0.001462996
 604     603    -0.000165402
 604     604     2.041200000
 604     610     0.001288504
 604     611     0.000564096
 604     612     0.000585514
 604     613     0.000770280
 610    5620     0.001763725
 610    5621     0.002624754
 610     602     0.001999301
 610     603    -0.001990795
 610     604     0.001288504
 610     610     2.022100000
 610     611    -0.006664413
 610     612    -0.003185592
 610     613    -0.000514359
 611    5620     0.001393723
 611    5621    -0.000492596
 611     602    -0.000200432
 611     603    -0.000351008
 611     604     0.000564096
 611     610    -0.006664413
 611     611     2.075700000
 611     612     0.022048074
 611     613    -0.000711984
 612    5620     0.009546262
 612    5621     0.008073922
 612     602     0.002562306
 612     603     0.000093519
 612     604     0.000585514
 612     610    -0.003185592
 612     611     0.022048074
 612     612     2.094300000
 612     613     0.000006421
 613    5620     0.008415160
 613    5621     0.007343198
 613     602     0.000077253
 613     603    -0.003124484
 613     604     0.000770280
 613     610    -0.000514359
 613     611    -0.000711984
 613     612     0.000006421
 613     613     1.984500000
