5620    5620     2.508900002
5620    5621    -0.005003787
5620     602     0.001568732
5620     603     0.005274487
5620     604     0.001141556
5620     610    -0.000794028
5620     611     0.000029859
5620     612     0.007351308
5620     613     0.001881602
5621    5620    -0.005003787
5621    5621     2.423999995
5621     602    -0.004246355
5621     603     0.013735083
5621     604    -0.028528194
5621     610    -0.002978502
5621     611    -0.000120901
5621     612     0.006353601
5621     613     0.008947653
 602    5620     0.001568732
 602    5621    -0.004246355
 602     602     2.056700000
 602     603    -0.003792398
 602     604    -0.001342931
 602     610    -0.001853236
 602     611     0.000074740
 602     612     0.002215515
 602     613     0.000600585
 603    5620     0.005274487
 603    5621     0.013735083
 603     602    -0.003792398
 603     603     2.057600000
 603     604     0.000069048
 603     610     0.001952801
 603     611     0.000497921
 603     612     0.000185551
 603     613     0.004151693
 604    5620     0.001141556
 604    5621    -0.028528194
 604     602    -0.001342931
 604     603     0.000069048
 604     604     2.083800000
 604     610    -0.001546104
 604     611     0.000471892
 604     612     0.000354056
 604     613    -0.001022057
 610    5620    -0.000794028
 610    5621    -0.002978502
 610     602    -0.001853236
 610     603     0.001952801
 610     604    -0.001546104
 610     610     1.989000000
 610     611    -0.005389053
 610     612     0.005008134
 610     613     0.000257696
 611    5620     0.000029859
 611    5621    -0.000120901
 611     602     0.000074740
 611     603     0.000497921
 611     604     0.000471892
 611     610    -0.005389053
 611     611     2.029300000
 611     612     0.013956726
 611     613    -0.000906190
 612    5620     0.007351308
 612    5621     0.006353601
 612     602     0.002215515
 612     603     0.000185551
 612     604     0.000354056
 612     610     0.005008134
 612     611     0.013956726
 612     612     2.064600000
 612     613    -0.000046647
 613    5620     0.001881602
 613    5621     0.008947653
 613     602     0.000600585
 613     603     0.004151693
 613     604    -0.001022057
 613     610     0.000257696
 613     611    -0.000906190
 613     612    -0.000046647
 613     613     1.943600000
