5620    5620     2.380900002
5620    5621     0.005738158
5620     602     0.001603778
5620     603     0.005184176
5620     604    -0.000543428
5620     610     0.007307663
5620     611    -0.005121194
5620     612    -0.024199966
5620     613    -0.008387720
5621    5620     0.005738158
5621    5621     2.553399995
5621     602    -0.001418434
5621     603    -0.024205882
5621     604    -0.027865537
5621     610     0.001564779
5621     611    -0.000704784
5621     612    -0.006232296
5621     613     0.008765160
 602    5620     0.001603778
 602    5621    -0.001418434
 602     602     2.092000000
 602     603    -0.008017651
 602     604     0.001184138
 602     610     0.001739071
 602     611    -0.000054948
 602     612     0.002146245
 602     613     0.000007029
 603    5620     0.005184176
 603    5621    -0.024205882
 603     602    -0.008017651
 603     603     2.099300000
 603     604     0.000908316
 603     610     0.001832358
 603     611     0.000087945
 603     612     0.000229908
 603     613     0.003898497
 604    5620    -0.000543428
 604    5621    -0.027865537
 604     602     0.001184138
 604     603     0.000908316
 604     604     2.087200000
 604     610     0.001214338
 604     611     0.000434224
 604     612    -0.000503573
 604     613     0.001039267
 610    5620     0.007307663
 610    5621     0.001564779
 610     602     0.001739071
 610     603     0.001832358
 610     604     0.001214338
 610     610     2.084500000
 610     611    -0.006159205
 610     612     0.006819595
 610     613     0.000530130
 611    5620    -0.005121194
 611    5621    -0.000704784
 611     602    -0.000054948
 611     603     0.000087945
 611     604     0.000434224
 611     610    -0.006159205
 611     611     2.021700000
 611     612     0.017531746
 611     613    -0.000550705
 612    5620    -0.024199966
 612    5621    -0.006232296
 612     602     0.002146245
 612     603     0.000229908
 612     604    -0.000503573
 612     610     0.006819595
 612     611     0.017531746
 612     612     2.042600000
 612     613    -0.000097892
 613    5620    -0.008387720
 613    5621     0.008765160
 613     602     0.000007029
 613     603     0.003898497
 613     604     0.001039267
 613     610     0.000530130
 613     611    -0.000550705
 613     612    -0.000097892
 613     613     1.933200000
