5620    5620     2.170800002
5620    5621    -0.005988184
5620     602     0.000967837
5620     603    -0.006320200
5620     604    -0.001535807
5620     610    -0.003580617
5620     611     0.000880884
5620     612     0.000636745
5620     613    -0.011386854
5621    5620    -0.005988184
5621    5621     2.186099995
5621     602     0.003618658
5621     603    -0.016880411
5621     604    -0.030492021
5621     610    -0.002013322
5621     611    -0.000126035
5621     612    -0.006127667
5621     613     0.005691127
 602    5620     0.000967837
 602    5621     0.003618658
 602     602     2.093300000
 602     603    -0.006419372
 602     604    -0.001430114
 602     610    -0.001608540
 602     611    -0.000301136
 602     612    -0.001786340
 602     613    -0.000634428
 603    5620    -0.006320200
 603    5621    -0.016880411
 603     602    -0.006419372
 603     603     2.033300000
 603     604    -0.000513480
 603     610     0.002363961
 603     611    -0.000493966
 603     612     0.000253981
 603     613     0.003775905
 604    5620    -0.001535807
 604    5621    -0.030492021
 604     602    -0.001430114
 604     603    -0.000513480
 604     604     2.104000000
 604     610     0.001278456
 604     611    -0.000708846
 604     612     0.000025843
 604     613     0.001159101
 610    5620    -0.003580617
 610    5621    -0.002013322
 610     602    -0.001608540
 610     603     0.002363961
 610     604     0.001278456
 610     610     1.974500000
 610     611     0.006948243
 610     612     0.001281338
 610     613     0.000768508
 611    5620     0.000880884
 611    5621    -0.000126035
 611     602    -0.000301136
 611     603    -0.000493966
 611     604    -0.000708846
 611     610     0.006948243
 611     611     2.017200000
 611     612    -0.016484697
 611     613     0.001098555
 612    5620     0.000636745
 612    5621    -0.006127667
 612     602    -0.001786340
 612     603     0.000253981
 612     604     0.000025843
 612     610     0.001281338
 612     611    -0.016484697
 612     612     2.119300000
 612     613    -0.000611214
 613    5620    -0.011386854
 613    5621     0.005691127
 613     602    -0.000634428
 613     603     0.003775905
 613     604     0.001159101
 613     610     0.000768508
 613     611     0.001098555
 613     612    -0.000611214
 613     613     1.955800000
