5620    5620     2.433900002
5620    5621    -0.005033886
5620     602    -0.001325287
5620     603     0.004745403
5620     604     0.003265108
5620     610     0.004717333
5620     611     0.000362292
5620     612     0.001904632
5620     613     0.003136693
5621    5620    -0.005033886
5621    5621     2.153999995
5621     602     0.001171834
5621     603    -0.029589616
5621     604     0.030075521
5621     610     0.002586963
5621     611    -0.000045044
5621     612     0.006690699
5621     613    -0.008884455
 602    5620    -0.001325287
 602    5621     0.001171834
 602     602     2.046800000
 602     603    -0.010378321
 602     604     0.001581749
 602     610    -0.001943005
 602     611    -0.000262162
 602     612     0.002309748
 602     613    -0.000917643
 603    5620     0.004745403
 603    5621    -0.029589616
 603     602    -0.010378321
 603     603     2.013400000
 603     604     0.001447302
 603     610     0.002030062
 603     611     0.000273661
 603     612     0.000213890
 603     613     0.004196502
 604    5620     0.003265108
 604    5621     0.030075521
 604     602     0.001581749
 604     603     0.001447302
 604     604     2.084700000
 604     610    -0.001025875
 604     611     0.000840673
 604     612     0.000598264
 604     613     0.001572700
 610    5620     0.004717333
 610    5621     0.002586963
 610     602    -0.001943005
 610     603     0.002030062
 610     604    -0.001025875
 610     610     2.042900000
 610     611     0.006245405
 610     612    -0.002682652
 610     613    -0.000406743
 611    5620     0.000362292
 611    5621    -0.000045044
 611     602    -0.000262162
 611     603     0.000273661
 611     604     0.000840673
 611     610     0.006245405
 611     611     2.067200000
 611     612    -0.017787198
 611     613     0.000883047
 612    5620     0.001904632
 612    5621     0.006690699
 612     602     0.002309748
 612     603     0.000213890
 612     604     0.000598264
 612     610    -0.002682652
 612     611    -0.017787198
 612     612     2.070500000
 612     613     0.000034560
 613    5620     0.003136693
 613    5621    -0.008884455
 613     602    -0.000917643
 613     603     0.004196502
 613     604     0.001572700
 613     610    -0.000406743
 613     611     0.000883047
 613     612     0.000034560
 613     613     1.951900000
