5620    5620     2.379900002
5620    5621     0.004281179
5620     602    -0.000731069
5620     603    -0.005776701
5620     604     0.002729675
5620     610    -0.001448206
5620     611     0.001578211
5620     612     0.002232112
5620     613     0.003002454
5621    5620     0.004281179
5621    5621     2.426899995
5621     602     0.000705937
5621     603     0.023680408
5621     604     0.027273499
5621     610     0.002878272
5621     611    -0.000597480
5621     612     0.006601002
5621     613     0.009163689
 602    5620    -0.000731069
 602    5621     0.000705937
 602     602     2.077100000
 602     603     0.007503252
 602     604    -0.001578342
 602     610     0.002079832
 602     611    -0.000129392
 602     612    -0.002616662
 602     613     0.001128115
 603    5620    -0.005776701
 603    5621     0.023680408
 603     602     0.007503252
 603     603     2.048300000
 603     604     0.000373002
 603     610     0.002084494
 603     611     0.000335518
 603     612     0.000409713
 603     613    -0.005349650
 604    5620     0.002729675
 604    5621     0.027273499
 604     602    -0.001578342
 604     603     0.000373002
 604     604     2.022000000
 604     610    -0.001699481
 604     611     0.000704951
 604     612    -0.000711013
 604     613     0.001512901
 610    5620    -0.001448206
 610    5621     0.002878272
 610     602     0.002079832
 610     603     0.002084494
 610     604    -0.001699481
 610     610     2.059100000
 610     611    -0.005593456
 610     612    -0.001542873
 610     613     0.000248437
 611    5620     0.001578211
 611    5621    -0.000597480
 611     602    -0.000129392
 611     603     0.000335518
 611     604     0.000704951
 611     610    -0.005593456
 611     611     2.080400000
 611     612    -0.020071434
 611     613     0.000619052
 612    5620     0.002232112
 612    5621     0.006601002
 612     602    -0.002616662
 612     603     0.000409713
 612     604    -0.000711013
 612     610    -0.001542873
 612     611    -0.020071434
 612     612     2.007000000
 612     613     0.000170536
 613    5620     0.003002454
 613    5621     0.009163689
 613     602     0.001128115
 613     603    -0.005349650
 613     604     0.001512901
 613     610     0.000248437
 613     611     0.000619052
 613     612     0.000170536
 613     613     1.947800000
