5620    5620     2.306100002
5620    5621     0.003299244
5620     602    -0.000390567
5620     603     0.006320694
5620     604    -0.002424928
5620     610    -0.003179535
5620     611     0.000502714
5620     612     0.001135949
5620     613    -0.006628936
5621    5620     0.003299244
5621    5621     2.559499995
5621     602    -0.002537502
5621     603     0.020748863
5621     604     0.027776079
5621     610     0.002261066
5621     611    -0.000014014
5621     612     0.006167065
5621     613    -0.006188955
 602    5620    -0.000390567
 602    5621    -0.002537502
 602     602     2.075800000
 602     603     0.012045801
 602     604    -0.001889867
 602     610    -0.001707031
 602     611    -0.000323316
 602     612    -0.002625157
 602     613     0.000845937
 603    5620     0.006320694
 603    5621     0.020748863
 603     602     0.012045801
 603     603     2.003800000
 603     604    -0.001413659
 603     610     0.002403606
 603     611     0.000512654
 603     612     0.000209047
 603     613     0.003839047
 604    5620    -0.002424928
 604    5621     0.027776079
 604     602    -0.001889867
 604     603    -0.001413659
 604     604     2.002300000
 604     610    -0.001167488
 604     611     0.000981138
 604     612     0.000691954
 604     613    -0.001395749
 610    5620    -0.003179535
 610    5621     0.002261066
 610     602    -0.001707031
 610     603     0.002403606
 610     604    -0.001167488
 610     610     2.040500000
 610     611     0.007245379
 610     612     0.003330542
 610     613    -0.000500331
 611    5620     0.000502714
 611    5621    -0.000014014
 611     602    -0.000323316
 611     603     0.000512654
 611     604     0.000981138
 611     610     0.007245379
 611     611     2.020200000
 611     612    -0.023741702
 611     613     0.000897916
 612    5620     0.001135949
 612    5621     0.006167065
 612     602    -0.002625157
 612     603     0.000209047
 612     604     0.000691954
 612     610     0.003330542
 612     611    -0.023741702
 612     612     2.043900000
 612     613    -0.000075938
 613    5620    -0.006628936
 613    5621    -0.006188955
 613     602     0.000845937
 613     603     0.003839047
 613     604    -0.001395749
 613     610    -0.000500331
 613     611     0.000897916
 613     612    -0.000075938
 613     613     2.033100000
