5620    5620    2.178100002
5620    5621    0.006836972
5620     602    0.000248719
5620     603    0.006046389
5620     604    0.002623774
5620     610    0.001119479
5620     611    0.000279302
5620     612    0.022436876
5620     613    0.007418020
5621    5620    0.006836972
5621    5621    2.358499995
5621     602    0.000052245
5621     603    0.018576880
5621     604    0.027536297
5621     610    0.002873589
5621     611    0.000345133
5621     612    0.007794248
5621     613    0.007602677
 602    5620    0.000248719
 602    5621    0.000052245
 602     602    2.052100000
 602     603    0.009626030
 602     604    0.001579795
 602     610    0.001862835
 602     611    0.000411877
 602     612    0.002668102
 602     613    0.001000465
 603    5620    0.006046389
 603    5621    0.018576880
 603     602    0.009626030
 603     603    2.018900000
 603     604    0.000528607
 603     610    0.002289775
 603     611    0.000379335
 603     612    0.000378875
 603     613    0.003373006
 604    5620    0.002623774
 604    5621    0.027536297
 604     602    0.001579795
 604     603    0.000528607
 604     604    2.094200000
 604     610    0.001412004
 604     611    0.000649078
 604     612    0.000436414
 604     613    0.001084354
 610    5620    0.001119479
 610    5621    0.002873589
 610     602    0.001862835
 610     603    0.002289775
 610     604    0.001412004
 610     610    1.937600000
 610     611    0.006986059
 610     612    0.009545371
 610     613    0.000517534
 611    5620    0.000279302
 611    5621    0.000345133
 611     602    0.000411877
 611     603    0.000379335
 611     604    0.000649078
 611     610    0.006986059
 611     611    2.015200000
 611     612    0.018675090
 611     613    0.000811479
 612    5620    0.022436876
 612    5621    0.007794248
 612     602    0.002668102
 612     603    0.000378875
 612     604    0.000436414
 612     610    0.009545371
 612     611    0.018675090
 612     612    2.009300000
 612     613    0.000144385
 613    5620    0.007418020
 613    5621    0.007602677
 613     602    0.001000465
 613     603    0.003373006
 613     604    0.001084354
 613     610    0.000517534
 613     611    0.000811479
 613     612    0.000144385
 613     613    1.999100000
