5620    5620     2.302600002
5620    5621     0.003704360
5620     602     0.000709071
5620     603    -0.005575750
5620     604     0.001458330
5620     610    -0.001538987
5620     611     0.000280417
5620     612    -0.010982379
5620     613    -0.002811566
5621    5620     0.003704360
5621    5621     2.281399995
5621     602     0.002403462
5621     603    -0.025568246
5621     604     0.031162241
5621     610     0.003309548
5621     611    -0.000057311
5621     612    -0.007452774
5621     613     0.007137844
 602    5620     0.000709071
 602    5621     0.002403462
 602     602     2.049300000
 602     603     0.013779291
 602     604    -0.001892904
 602     610    -0.002348834
 602     611    -0.000230535
 602     612     0.002956659
 602     613    -0.000971279
 603    5620    -0.005575750
 603    5621    -0.025568246
 603     602     0.013779291
 603     603     2.023800000
 603     604    -0.001528073
 603     610     0.002487654
 603     611    -0.000651156
 603     612    -0.000346442
 603     613     0.003767850
 604    5620     0.001458330
 604    5621     0.031162241
 604     602    -0.001892904
 604     603    -0.001528073
 604     604     2.043900000
 604     610     0.002071312
 604     611    -0.000537477
 604     612    -0.000286129
 604     613    -0.001146510
 610    5620    -0.001538987
 610    5621     0.003309548
 610     602    -0.002348834
 610     603     0.002487654
 610     604     0.002071312
 610     610     1.993000000
 610     611     0.006922574
 610     612     0.008613956
 610     613     0.000307835
 611    5620     0.000280417
 611    5621    -0.000057311
 611     602    -0.000230535
 611     603    -0.000651156
 611     604    -0.000537477
 611     610     0.006922574
 611     611     1.961600000
 611     612    -0.018431854
 611     613     0.000810321
 612    5620    -0.010982379
 612    5621    -0.007452774
 612     602     0.002956659
 612     603    -0.000346442
 612     604    -0.000286129
 612     610     0.008613956
 612     611    -0.018431854
 612     612     1.997900000
 612     613    -0.000033226
 613    5620    -0.002811566
 613    5621     0.007137844
 613     602    -0.000971279
 613     603     0.003767850
 613     604    -0.001146510
 613     610     0.000307835
 613     611     0.000810321
 613     612    -0.000033226
 613     613     2.081700000
