5620    5620    2.379700002
5620    5621    0.005010856
5620     602    0.002285147
5620     603    0.006553083
5620     604    0.000141227
5620     610    0.000278782
5620     611    0.000830787
5620     612    0.002632414
5620     613    0.008018829
5621    5620    0.005010856
5621    5621    2.386299995
5621     602    0.003209955
5621     603    0.038267919
5621     604    0.029792167
5621     610    0.002399711
5621     611    0.000144704
5621     612    0.007351466
5621     613    0.006844707
 602    5620    0.002285147
 602    5621    0.003209955
 602     602    2.070200000
 602     603    0.009433779
 602     604    0.001173476
 602     610    0.002282411
 602     611    0.000356321
 602     612    0.002496340
 602     613    0.000093801
 603    5620    0.006553083
 603    5621    0.038267919
 603     602    0.009433779
 603     603    1.935100000
 603     604    0.001403714
 603     610    0.002514251
 603     611    0.000305958
 603     612    0.000181986
 603     613    0.003652095
 604    5620    0.000141227
 604    5621    0.029792167
 604     602    0.001173476
 604     603    0.001403714
 604     604    2.061700000
 604     610    0.001020636
 604     611    0.000412322
 604     612    0.000002272
 604     613    0.000866958
 610    5620    0.000278782
 610    5621    0.002399711
 610     602    0.002282411
 610     603    0.002514251
 610     604    0.001020636
 610     610    2.012800000
 610     611    0.006180257
 610     612    0.005177559
 610     613    0.000618617
 611    5620    0.000830787
 611    5621    0.000144704
 611     602    0.000356321
 611     603    0.000305958
 611     604    0.000412322
 611     610    0.006180257
 611     611    2.107300000
 611     612    0.014868396
 611     613    0.000657059
 612    5620    0.002632414
 612    5621    0.007351466
 612     602    0.002496340
 612     603    0.000181986
 612     604    0.000002272
 612     610    0.005177559
 612     611    0.014868396
 612     612    2.000800000
 612     613    0.000393254
 613    5620    0.008018829
 613    5621    0.006844707
 613     602    0.000093801
 613     603    0.003652095
 613     604    0.000866958
 613     610    0.000618617
 613     611    0.000657059
 613     612    0.000393254
 613     613    2.009000000
