5620    5620    2.221800002
5620    5621    0.007163301
5620     602    0.000059702
5620     603    0.005843469
5620     604    0.002215264
5620     610    0.008106860
5620     611    0.004400473
5620     612    0.010462748
5620     613    0.004820780
5621    5620    0.007163301
5621    5621    2.332699995
5621     602    0.000560372
5621     603    0.032838408
5621     604    0.028647590
5621     610    0.000536870
5621     611    0.000975861
5621     612    0.007678113
5621     613    0.007950470
 602    5620    0.000059702
 602    5621    0.000560372
 602     602    2.202000000
 602     603    0.010501660
 602     604    0.001280949
 602     610    0.000530651
 602     611    0.000547210
 602     612    0.002118114
 602     613    0.001238112
 603    5620    0.005843469
 603    5621    0.032838408
 603     602    0.010501660
 603     603    1.977600000
 603     604    0.001608741
 603     610    0.002036508
 603     611    0.000125593
 603     612    0.000301738
 603     613    0.004187839
 604    5620    0.002215264
 604    5621    0.028647590
 604     602    0.001280949
 604     603    0.001608741
 604     604    2.044100000
 604     610    0.001290162
 604     611    0.000121246
 604     612    0.001690337
 604     613    0.000731875
 610    5620    0.008106860
 610    5621    0.000536870
 610     602    0.000530651
 610     603    0.002036508
 610     604    0.001290162
 610     610    2.106100000
 610     611    0.006306778
 610     612    0.006216077
 610     613    0.000550485
 611    5620    0.004400473
 611    5621    0.000975861
 611     602    0.000547210
 611     603    0.000125593
 611     604    0.000121246
 611     610    0.006306778
 611     611    2.104800000
 611     612    0.017841918
 611     613    0.000496204
 612    5620    0.010462748
 612    5621    0.007678113
 612     602    0.002118114
 612     603    0.000301738
 612     604    0.001690337
 612     610    0.006216077
 612     611    0.017841918
 612     612    2.030400000
 612     613    0.000084748
 613    5620    0.004820780
 613    5621    0.007950470
 613     602    0.001238112
 613     603    0.004187839
 613     604    0.000731875
 613     610    0.000550485
 613     611    0.000496204
 613     612    0.000084748
 613     613    1.985800000
