5620    5620     2.154800002
5620    5621    -0.009150732
5620     602    -0.000164895
5620     603    -0.005758947
5620     604     0.003344367
5620     610    -0.009171414
5620     611     0.003998399
5620     612     0.021479952
5620     613    -0.006800999
5621    5620    -0.009150732
5621    5621     2.178099995
5621     602     0.004351810
5621     603     0.024978522
5621     604    -0.032209563
5621     610     0.000882123
5621     611     0.000226566
5621     612    -0.007508363
5621     613     0.009021856
 602    5620    -0.000164895
 602    5621     0.004351810
 602     602     2.049100000
 602     603    -0.009857532
 602     604    -0.001603378
 602     610    -0.001110886
 602     611    -0.000065451
 602     612    -0.002520284
 602     613    -0.001061249
 603    5620    -0.005758947
 603    5621     0.024978522
 603     602    -0.009857532
 603     603     1.994800000
 603     604    -0.000102674
 603     610    -0.002098729
 603     611     0.000268641
 603     612    -0.000038691
 603     613     0.003824137
 604    5620     0.003344367
 604    5621    -0.032209563
 604     602    -0.001603378
 604     603    -0.000102674
 604     604     2.059100000
 604     610     0.000233074
 604     611     0.000687246
 604     612     0.000598314
 604     613    -0.001168061
 610    5620    -0.009171414
 610    5621     0.000882123
 610     602    -0.001110886
 610     603    -0.002098729
 610     604     0.000233074
 610     610     2.060900000
 610     611    -0.005438532
 610     612     0.005833012
 610     613     0.000560072
 611    5620     0.003998399
 611    5621     0.000226566
 611     602    -0.000065451
 611     603     0.000268641
 611     604     0.000687246
 611     610    -0.005438532
 611     611     2.087700000
 611     612     0.017500818
 611     613    -0.000547766
 612    5620     0.021479952
 612    5621    -0.007508363
 612     602    -0.002520284
 612     603    -0.000038691
 612     604     0.000598314
 612     610     0.005833012
 612     611     0.017500818
 612     612     2.047800000
 612     613    -0.000005771
 613    5620    -0.006800999
 613    5621     0.009021856
 613     602    -0.001061249
 613     603     0.003824137
 613     604    -0.001168061
 613     610     0.000560072
 613     611    -0.000547766
 613     612    -0.000005771
 613     613     1.967900000
