5620    5620    2.168800002
5620    5621    0.007275661
5620     602    0.000577339
5620     603    0.006759047
5620     604    0.002373599
5620     610    0.001394709
5620     611    0.003002376
5620     612    0.016503438
5620     613    0.002249966
5621    5620    0.007275661
5621    5621    2.106599995
5621     602    0.005103535
5621     603    0.028280090
5621     604    0.035574174
5621     610    0.002911016
5621     611    0.000049672
5621     612    0.007553441
5621     613    0.009793387
 602    5620    0.000577339
 602    5621    0.005103535
 602     602    2.076900000
 602     603    0.006712838
 602     604    0.001646183
 602     610    0.001739690
 602     611    0.000201138
 602     612    0.002523640
 602     613    0.001287505
 603    5620    0.006759047
 603    5621    0.028280090
 603     602    0.006712838
 603     603    2.093500000
 603     604    0.000699080
 603     610    0.002003026
 603     611    0.000289984
 603     612    0.000078939
 603     613    0.005218858
 604    5620    0.002373599
 604    5621    0.035574174
 604     602    0.001646183
 604     603    0.000699080
 604     604    1.963600000
 604     610    0.001954652
 604     611    0.000374719
 604     612    0.001323472
 604     613    0.001104377
 610    5620    0.001394709
 610    5621    0.002911016
 610     602    0.001739690
 610     603    0.002003026
 610     604    0.001954652
 610     610    2.073600000
 610     611    0.006335206
 610     612    0.006668282
 610     613    0.000244690
 611    5620    0.003002376
 611    5621    0.000049672
 611     602    0.000201138
 611     603    0.000289984
 611     604    0.000374719
 611     610    0.006335206
 611     611    2.033400000
 611     612    0.019711008
 611     613    0.000731172
 612    5620    0.016503438
 612    5621    0.007553441
 612     602    0.002523640
 612     603    0.000078939
 612     604    0.001323472
 612     610    0.006668282
 612     611    0.019711008
 612     612    2.049900000
 612     613    0.000139735
 613    5620    0.002249966
 613    5621    0.009793387
 613     602    0.001287505
 613     603    0.005218858
 613     604    0.001104377
 613     610    0.000244690
 613     611    0.000731172
 613     612    0.000139735
 613     613    2.066000000
