5620    5620     2.290000002
5620    5621     0.006679867
5620     602    -0.000757346
5620     603    -0.005413852
5620     604    -0.002449681
5620     610    -0.008173243
5620     611     0.002667256
5620     612    -0.013379921
5620     613    -0.005727677
5621    5620     0.006679867
5621    5621     2.315199995
5621     602     0.001108796
5621     603    -0.024275712
5621     604    -0.032908003
5621     610    -0.000727952
5621     611    -0.000175840
5621     612    -0.006222644
5621     613    -0.008964026
 602    5620    -0.000757346
 602    5621     0.001108796
 602     602     2.115000000
 602     603    -0.007909040
 602     604     0.001452280
 602     610     0.001191443
 602     611     0.000450290
 602     612    -0.002139741
 602     613    -0.001066390
 603    5620    -0.005413852
 603    5621    -0.024275712
 603     602    -0.007909040
 603     603     2.059900000
 603     604     0.001013973
 603     610     0.002102550
 603     611    -0.000353179
 603     612    -0.000146335
 603     613    -0.004395258
 604    5620    -0.002449681
 604    5621    -0.032908003
 604     602     0.001452280
 604     603     0.001013973
 604     604     2.037400000
 604     610     0.001351055
 604     611     0.000272310
 604     612     0.001334885
 604     613     0.000993919
 610    5620    -0.008173243
 610    5621    -0.000727952
 610     602     0.001191443
 610     603     0.002102550
 610     604     0.001351055
 610     610     1.995900000
 610     611     0.006816107
 610     612    -0.008355614
 610     613    -0.000546032
 611    5620     0.002667256
 611    5621    -0.000175840
 611     602     0.000450290
 611     603    -0.000353179
 611     604     0.000272310
 611     610     0.006816107
 611     611     2.044100000
 611     612    -0.016153092
 611     613    -0.000768708
 612    5620    -0.013379921
 612    5621    -0.006222644
 612     602    -0.002139741
 612     603    -0.000146335
 612     604     0.001334885
 612     610    -0.008355614
 612     611    -0.016153092
 612     612     2.101900000
 612     613    -0.000041938
 613    5620    -0.005727677
 613    5621    -0.008964026
 613     602    -0.001066390
 613     603    -0.004395258
 613     604     0.000993919
 613     610    -0.000546032
 613     611    -0.000768708
 613     612    -0.000041938
 613     613     1.962400000
