5620    5620    2.439200002
5620    5621    0.003604587
5620     602    0.000390589
5620     603    0.004931371
5620     604    0.000597265
5620     610    0.003388100
5620     611    0.000499915
5620     612    0.013263175
5620     613    0.000466303
5621    5620    0.003604587
5621    5621    2.299899995
5621     602    0.001436387
5621     603    0.021852854
5621     604    0.033419060
5621     610    0.001919393
5621     611    0.000048877
5621     612    0.007082712
5621     613    0.009569513
 602    5620    0.000390589
 602    5621    0.001436387
 602     602    2.078000000
 602     603    0.006873304
 602     604    0.001555648
 602     610    0.001802683
 602     611    0.000108895
 602     612    0.002493797
 602     613    0.001147819
 603    5620    0.004931371
 603    5621    0.021852854
 603     602    0.006873304
 603     603    2.017600000
 603     604    0.000397568
 603     610    0.002140448
 603     611    0.000349901
 603     612    0.000237429
 603     613    0.003736490
 604    5620    0.000597265
 604    5621    0.033419060
 604     602    0.001555648
 604     603    0.000397568
 604     604    1.988600000
 604     610    0.001301343
 604     611    0.000570209
 604     612    0.000333886
 604     613    0.001264511
 610    5620    0.003388100
 610    5621    0.001919393
 610     602    0.001802683
 610     603    0.002140448
 610     604    0.001301343
 610     610    1.996200000
 610     611    0.006698799
 610     612    0.009823392
 610     613    0.000302226
 611    5620    0.000499915
 611    5621    0.000048877
 611     602    0.000108895
 611     603    0.000349901
 611     604    0.000570209
 611     610    0.006698799
 611     611    2.029800000
 611     612    0.016220982
 611     613    0.000690462
 612    5620    0.013263175
 612    5621    0.007082712
 612     602    0.002493797
 612     603    0.000237429
 612     604    0.000333886
 612     610    0.009823392
 612     611    0.016220982
 612     612    2.044200000
 612     613    0.000208550
 613    5620    0.000466303
 613    5621    0.009569513
 613     602    0.001147819
 613     603    0.003736490
 613     604    0.001264511
 613     610    0.000302226
 613     611    0.000690462
 613     612    0.000208550
 613     613    2.023000000
