5620    5620     2.450600002
5620    5621     0.006780211
5620     602     0.001487833
5620     603    -0.005181584
5620     604     0.001489687
5620     610    -0.009603883
5620     611     0.006682324
5620     612    -0.024836819
5620     613    -0.005348209
5621    5620     0.006780211
5621    5621     2.160699995
5621     602    -0.000057516
5621     603    -0.032222454
5621     604    -0.037336250
5621     610     0.000221880
5621     611    -0.000113020
5621     612    -0.006308035
5621     613    -0.008244550
 602    5620     0.001487833
 602    5621    -0.000057516
 602     602     2.017900000
 602     603     0.004657880
 602     604     0.001493502
 602     610     0.001243289
 602     611     0.000355848
 602     612     0.002513390
 602     613    -0.000177977
 603    5620    -0.005181584
 603    5621    -0.032222454
 603     602     0.004657880
 603     603     1.989000000
 603     604     0.000856530
 603     610    -0.001606392
 603     611    -0.000060906
 603     612     0.000386300
 603     613    -0.004097153
 604    5620     0.001489687
 604    5621    -0.037336250
 604     602     0.001493502
 604     603     0.000856530
 604     604     2.052400000
 604     610    -0.000021117
 604     611    -0.000591341
 604     612    -0.000222868
 604     613    -0.001161015
 610    5620    -0.009603883
 610    5621     0.000221880
 610     602     0.001243289
 610     603    -0.001606392
 610     604    -0.000021117
 610     610     2.070400000
 610     611    -0.005603833
 610     612     0.008176281
 610     613     0.000545588
 611    5620     0.006682324
 611    5621    -0.000113020
 611     602     0.000355848
 611     603    -0.000060906
 611     604    -0.000591341
 611     610    -0.005603833
 611     611     2.024300000
 611     612    -0.014582691
 611     613     0.000501114
 612    5620    -0.024836819
 612    5621    -0.006308035
 612     602     0.002513390
 612     603     0.000386300
 612     604    -0.000222868
 612     610     0.008176281
 612     611    -0.014582691
 612     612     2.092100000
 612     613     0.000183711
 613    5620    -0.005348209
 613    5621    -0.008244550
 613     602    -0.000177977
 613     603    -0.004097153
 613     604    -0.001161015
 613     610     0.000545588
 613     611     0.000501114
 613     612     0.000183711
 613     613     2.062900000
