5620    5620     2.444500002
5620    5621     0.002639108
5620     602     0.001624916
5620     603     0.005548086
5620     604     0.000782469
5620     610     0.002473330
5620     611     0.000427760
5620     612    -0.004004009
5620     613     0.004771325
5621    5620     0.002639108
5621    5621     2.312799995
5621     602    -0.005688658
5621     603     0.018628089
5621     604    -0.027267391
5621     610     0.002618814
5621     611     0.000142557
5621     612     0.006159517
5621     613    -0.008169084
 602    5620     0.001624916
 602    5621    -0.005688658
 602     602     2.013600000
 602     603    -0.008497182
 602     604     0.001459337
 602     610     0.002444006
 602     611    -0.000722081
 602     612    -0.002358155
 602     613    -0.000507316
 603    5620     0.005548086
 603    5621     0.018628089
 603     602    -0.008497182
 603     603     2.056900000
 603     604    -0.000492106
 603     610    -0.002057105
 603     611     0.000399943
 603     612    -0.000123049
 603     613    -0.004361023
 604    5620     0.000782469
 604    5621    -0.027267391
 604     602     0.001459337
 604     603    -0.000492106
 604     604     2.136100000
 604     610    -0.001264627
 604     611     0.000477741
 604     612     0.000432763
 604     613    -0.001025164
 610    5620     0.002473330
 610    5621     0.002618814
 610     602     0.002444006
 610     603    -0.002057105
 610     604    -0.001264627
 610     610     2.009200000
 610     611    -0.006187375
 610     612    -0.002152122
 610     613    -0.000357508
 611    5620     0.000427760
 611    5621     0.000142557
 611     602    -0.000722081
 611     603     0.000399943
 611     604     0.000477741
 611     610    -0.006187375
 611     611     2.032400000
 611     612     0.014083996
 611     613    -0.000802930
 612    5620    -0.004004009
 612    5621     0.006159517
 612     602    -0.002358155
 612     603    -0.000123049
 612     604     0.000432763
 612     610    -0.002152122
 612     611     0.014083996
 612     612     2.039200000
 612     613     0.000206540
 613    5620     0.004771325
 613    5621    -0.008169084
 613     602    -0.000507316
 613     603    -0.004361023
 613     604    -0.001025164
 613     610    -0.000357508
 613     611    -0.000802930
 613     612     0.000206540
 613     613     1.985200000
