5620    5620    2.457500002
5620    5621    0.007476708
5620     602    0.000709470
5620     603    0.005356670
5620     604    0.001218322
5620     610    0.005738799
5620     611    0.000871849
5620     612    0.011165449
5620     613    0.007064122
5621    5620    0.007476708
5621    5621    2.314999995
5621     602    0.000481476
5621     603    0.019298796
5621     604    0.031059221
5621     610    0.001391166
5621     611    0.000052637
5621     612    0.006879603
5621     613    0.009214632
 602    5620    0.000709470
 602    5621    0.000481476
 602     602    2.044200000
 602     603    0.009053630
 602     604    0.001444683
 602     610    0.001567799
 602     611    0.000081096
 602     612    0.002469677
 602     613    0.000985150
 603    5620    0.005356670
 603    5621    0.019298796
 603     602    0.009053630
 603     603    2.080400000
 603     604    0.000083776
 603     610    0.001970441
 603     611    0.000497374
 603     612    0.000004873
 603     613    0.004078834
 604    5620    0.001218322
 604    5621    0.031059221
 604     602    0.001444683
 604     603    0.000083776
 604     604    2.125600000
 604     610    0.000877051
 604     611    0.000400336
 604     612    0.000731749
 604     613    0.000918250
 610    5620    0.005738799
 610    5621    0.001391166
 610     602    0.001567799
 610     603    0.001970441
 610     604    0.000877051
 610     610    2.108500000
 610     611    0.006291021
 610     612    0.004632014
 610     613    0.000565394
 611    5620    0.000871849
 611    5621    0.000052637
 611     602    0.000081096
 611     603    0.000497374
 611     604    0.000400336
 611     610    0.006291021
 611     611    1.989100000
 611     612    0.017793088
 611     613    0.000996322
 612    5620    0.011165449
 612    5621    0.006879603
 612     602    0.002469677
 612     603    0.000004873
 612     604    0.000731749
 612     610    0.004632014
 612     611    0.017793088
 612     612    2.007600000
 612     613    0.000027906
 613    5620    0.007064122
 613    5621    0.009214632
 613     602    0.000985150
 613     603    0.004078834
 613     604    0.000918250
 613     610    0.000565394
 613     611    0.000996322
 613     612    0.000027906
 613     613    1.970100000
