5620    5620    2.232900002
5620    5621    0.004108053
5620     602    0.001901341
5620     603    0.005734459
5620     604    0.002133413
5620     610    0.003307389
5620     611    0.002658932
5620     612    0.001161311
5620     613    0.006218884
5621    5620    0.004108053
5621    5621    2.352999995
5621     602    0.007003598
5621     603    0.021809475
5621     604    0.027093554
5621     610    0.002088726
5621     611    0.000724648
5621     612    0.007453064
5621     613    0.006804628
 602    5620    0.001901341
 602    5621    0.007003598
 602     602    2.046300000
 602     603    0.006177099
 602     604    0.001242195
 602     610    0.001927224
 602     611    0.000226725
 602     612    0.002364355
 602     613    0.000000004
 603    5620    0.005734459
 603    5621    0.021809475
 603     602    0.006177099
 603     603    2.033900000
 603     604    0.000777122
 603     610    0.002026856
 603     611    0.000220156
 603     612    0.000092994
 603     613    0.003572417
 604    5620    0.002133413
 604    5621    0.027093554
 604     602    0.001242195
 604     603    0.000777122
 604     604    2.047500000
 604     610    0.000660190
 604     611    0.000715786
 604     612    0.000813972
 604     613    0.001186495
 610    5620    0.003307389
 610    5621    0.002088726
 610     602    0.001927224
 610     603    0.002026856
 610     604    0.000660190
 610     610    2.024700000
 610     611    0.006810148
 610     612    0.004976763
 610     613    0.000551962
 611    5620    0.002658932
 611    5621    0.000724648
 611     602    0.000226725
 611     603    0.000220156
 611     604    0.000715786
 611     610    0.006810148
 611     611    1.999500000
 611     612    0.021091422
 611     613    0.000597499
 612    5620    0.001161311
 612    5621    0.007453064
 612     602    0.002364355
 612     603    0.000092994
 612     604    0.000813972
 612     610    0.004976763
 612     611    0.021091422
 612     612    2.036500000
 612     613    0.000310483
 613    5620    0.006218884
 613    5621    0.006804628
 613     602    0.000000004
 613     603    0.003572417
 613     604    0.001186495
 613     610    0.000551962
 613     611    0.000597499
 613     612    0.000310483
 613     613    2.094500000
