5620    5620     2.290400002
5620    5621    -0.005522096
5620     602    -0.001294865
5620     603    -0.005885793
5620     604     0.001559261
5620     610    -0.004285325
5620     611     0.003153312
5620     612     0.007457589
5620     613     0.005484250
5621    5620    -0.005522096
5621    5621     2.235899995
5621     602     0.000470680
5621     603     0.021582337
5621     604    -0.035762984
5621     610     0.002157805
5621     611     0.000052706
5621     612    -0.007196612
5621     613    -0.009157136
 602    5620    -0.001294865
 602    5621     0.000470680
 602     602     2.025700000
 602     603    -0.005998097
 602     604    -0.001798736
 602     610    -0.002018356
 602     611     0.000200913
 602     612     0.002497503
 602     613    -0.000539577
 603    5620    -0.005885793
 603    5621     0.021582337
 603     602    -0.005998097
 603     603     2.081300000
 603     604     0.000208093
 603     610    -0.002146887
 603     611    -0.000398151
 603     612     0.000298543
 603     613     0.004059471
 604    5620     0.001559261
 604    5621    -0.035762984
 604     602    -0.001798736
 604     603     0.000208093
 604     604     1.953400000
 604     610    -0.001167700
 604     611     0.000737461
 604     612    -0.000109457
 604     613    -0.001202853
 610    5620    -0.004285325
 610    5621     0.002157805
 610     602    -0.002018356
 610     603    -0.002146887
 610     604    -0.001167700
 610     610     2.116700000
 610     611    -0.008048907
 610     612    -0.004170070
 610     613    -0.000528082
 611    5620     0.003153312
 611    5621     0.000052706
 611     602     0.000200913
 611     603    -0.000398151
 611     604     0.000737461
 611     610    -0.008048907
 611     611     2.035900000
 611     612     0.022670970
 611     613     0.000631939
 612    5620     0.007457589
 612    5621    -0.007196612
 612     602     0.002497503
 612     603     0.000298543
 612     604    -0.000109457
 612     610    -0.004170070
 612     611     0.022670970
 612     612     2.049600000
 612     613    -0.000095865
 613    5620     0.005484250
 613    5621    -0.009157136
 613     602    -0.000539577
 613     603     0.004059471
 613     604    -0.001202853
 613     610    -0.000528082
 613     611     0.000631939
 613     612    -0.000095865
 613     613     1.963900000
