5620    5620    2.578000002
5620    5621    0.004331380
5620     602    0.000970462
5620     603    0.005640530
5620     604    0.000736683
5620     610    0.000369699
5620     611    0.001347676
5620     612    0.003438253
5620     613    0.003603756
5621    5620    0.004331380
5621    5621    2.274499995
5621     602    0.001679626
5621     603    0.021722876
5621     604    0.026405850
5621     610    0.001951136
5621     611    0.000614354
5621     612    0.006858725
5621     613    0.010629698
 602    5620    0.000970462
 602    5621    0.001679626
 602     602    2.045400000
 602     603    0.009197840
 602     604    0.001425149
 602     610    0.001871179
 602     611    0.000413477
 602     612    0.002741564
 602     613    0.000842649
 603    5620    0.005640530
 603    5621    0.021722876
 603     602    0.009197840
 603     603    2.031000000
 603     604    0.000094590
 603     610    0.002073173
 603     611    0.000668283
 603     612    0.000200012
 603     613    0.004180475
 604    5620    0.000736683
 604    5621    0.026405850
 604     602    0.001425149
 604     603    0.000094590
 604     604    2.160800000
 604     610    0.000710123
 604     611    0.000512800
 604     612    0.000195589
 604     613    0.000987285
 610    5620    0.000369699
 610    5621    0.001951136
 610     602    0.001871179
 610     603    0.002073173
 610     604    0.000710123
 610     610    2.096800000
 610     611    0.005906926
 610     612    0.002518520
 610     613    0.000434781
 611    5620    0.001347676
 611    5621    0.000614354
 611     602    0.000413477
 611     603    0.000668283
 611     604    0.000512800
 611     610    0.005906926
 611     611    2.026100000
 611     612    0.017079547
 611     613    0.001005908
 612    5620    0.003438253
 612    5621    0.006858725
 612     602    0.002741564
 612     603    0.000200012
 612     604    0.000195589
 612     610    0.002518520
 612     611    0.017079547
 612     612    2.059000000
 612     613    0.000026667
 613    5620    0.003603756
 613    5621    0.010629698
 613     602    0.000842649
 613     603    0.004180475
 613     604    0.000987285
 613     610    0.000434781
 613     611    0.001005908
 613     612    0.000026667
 613     613    2.064300000
