5620    5620     2.351800002
5620    5621     0.003286113
5620     602     0.001089228
5620     603     0.006127067
5620     604    -0.000057253
5620     610    -0.000325406
5620     611     0.000283809
5620     612    -0.002228525
5620     613    -0.007039595
5621    5620     0.003286113
5621    5621     2.223299995
5621     602     0.006052195
5621     603    -0.020530763
5621     604     0.030561720
5621     610    -0.002000843
5621     611     0.000178753
5621     612     0.006101517
5621     613     0.007606515
 602    5620     0.001089228
 602    5621     0.006052195
 602     602     2.082700000
 602     603    -0.008675968
 602     604     0.001641927
 602     610     0.001555230
 602     611    -0.000102110
 602     612     0.002067775
 602     613     0.000315503
 603    5620     0.006127067
 603    5621    -0.020530763
 603     602    -0.008675968
 603     603     2.038700000
 603     604     0.001299370
 603     610     0.001869823
 603     611     0.000427322
 603     612    -0.000028633
 603     613     0.003806466
 604    5620    -0.000057253
 604    5621     0.030561720
 604     602     0.001641927
 604     603     0.001299370
 604     604     2.037200000
 604     610     0.001152706
 604     611     0.000632008
 604     612     0.000073335
 604     613    -0.000995745
 610    5620    -0.000325406
 610    5621    -0.002000843
 610     602     0.001555230
 610     603     0.001869823
 610     604     0.001152706
 610     610     2.062200000
 610     611     0.005398820
 610     612     0.002387423
 610     613     0.000470767
 611    5620     0.000283809
 611    5621     0.000178753
 611     602    -0.000102110
 611     603     0.000427322
 611     604     0.000632008
 611     610     0.005398820
 611     611     2.064200000
 611     612    -0.018402257
 611     613    -0.000824606
 612    5620    -0.002228525
 612    5621     0.006101517
 612     602     0.002067775
 612     603    -0.000028633
 612     604     0.000073335
 612     610     0.002387423
 612     611    -0.018402257
 612     612     2.116300000
 612     613     0.000320958
 613    5620    -0.007039595
 613    5621     0.007606515
 613     602     0.000315503
 613     603     0.003806466
 613     604    -0.000995745
 613     610     0.000470767
 613     611    -0.000824606
 613     612     0.000320958
 613     613     1.945400000
