5620    5620    2.316800002
5620    5621    0.003376908
5620     602    0.002337008
5620     603    0.005995499
5620     604    0.000290568
5620     610    0.006960189
5620     611    0.000227376
5620     612    0.014031869
5620     613    0.006411455
5621    5620    0.003376908
5621    5621    2.456399995
5621     602    0.008063074
5621     603    0.024854223
5621     604    0.027488904
5621     610    0.000733011
5621     611    0.000561756
5621     612    0.006733311
5621     613    0.007076097
 602    5620    0.002337008
 602    5621    0.008063074
 602     602    2.053900000
 602     603    0.006027905
 602     604    0.001354109
 602     610    0.001992987
 602     611    0.000486812
 602     612    0.002261268
 602     613    0.000185964
 603    5620    0.005995499
 603    5621    0.024854223
 603     602    0.006027905
 603     603    1.993800000
 603     604    0.001003154
 603     610    0.002103622
 603     611    0.000450267
 603     612    0.000099883
 603     613    0.004107159
 604    5620    0.000290568
 604    5621    0.027488904
 604     602    0.001354109
 604     603    0.001003154
 604     604    2.158800000
 604     610    0.000803740
 604     611    0.000502033
 604     612    0.000437145
 604     613    0.000991555
 610    5620    0.006960189
 610    5621    0.000733011
 610     602    0.001992987
 610     603    0.002103622
 610     604    0.000803740
 610     610    2.032800000
 610     611    0.007180960
 610     612    0.006222066
 610     613    0.000660494
 611    5620    0.000227376
 611    5621    0.000561756
 611     602    0.000486812
 611     603    0.000450267
 611     604    0.000502033
 611     610    0.007180960
 611     611    2.083000000
 611     612    0.017790986
 611     613    0.001011562
 612    5620    0.014031869
 612    5621    0.006733311
 612     602    0.002261268
 612     603    0.000099883
 612     604    0.000437145
 612     610    0.006222066
 612     611    0.017790986
 612     612    2.084300000
 612     613    0.000143461
 613    5620    0.006411455
 613    5621    0.007076097
 613     602    0.000185964
 613     603    0.004107159
 613     604    0.000991555
 613     610    0.000660494
 613     611    0.001011562
 613     612    0.000143461
 613     613    2.049400000
