5620    5620    2.197900002
5620    5621    0.004997700
5620     602    0.001136352
5620     603    0.006274205
5620     604    0.000906984
5620     610    0.008321998
5620     611    0.002294087
5620     612    0.008442826
5620     613    0.008882536
5621    5620    0.004997700
5621    5621    2.272499995
5621     602    0.002747805
5621     603    0.026663147
5621     604    0.027595725
5621     610    0.002318215
5621     611    0.000493745
5621     612    0.007555746
5621     613    0.005867800
 602    5620    0.001136352
 602    5621    0.002747805
 602     602    2.038100000
 602     603    0.011559474
 602     604    0.001787554
 602     610    0.001922060
 602     611    0.000046586
 602     612    0.003023086
 602     613    0.000727178
 603    5620    0.006274205
 603    5621    0.026663147
 603     602    0.011559474
 603     603    2.029100000
 603     604    0.001518311
 603     610    0.002208260
 603     611    0.000306225
 603     612    0.000279308
 603     613    0.003534930
 604    5620    0.000906984
 604    5621    0.027595725
 604     602    0.001787554
 604     603    0.001518311
 604     604    2.017000000
 604     610    0.002027958
 604     611    0.000310289
 604     612    0.001498151
 604     613    0.000696245
 610    5620    0.008321998
 610    5621    0.002318215
 610     602    0.001922060
 610     603    0.002208260
 610     604    0.002027958
 610     610    2.038800000
 610     611    0.006250355
 610     612    0.006129909
 610     613    0.000498623
 611    5620    0.002294087
 611    5621    0.000493745
 611     602    0.000046586
 611     603    0.000306225
 611     604    0.000310289
 611     610    0.006250355
 611     611    2.024300000
 611     612    0.018608758
 611     613    0.000626501
 612    5620    0.008442826
 612    5621    0.007555746
 612     602    0.003023086
 612     603    0.000279308
 612     604    0.001498151
 612     610    0.006129909
 612     611    0.018608758
 612     612    2.065200000
 612     613    0.000142512
 613    5620    0.008882536
 613    5621    0.005867800
 613     602    0.000727178
 613     603    0.003534930
 613     604    0.000696245
 613     610    0.000498623
 613     611    0.000626501
 613     612    0.000142512
 613     613    2.140400000
