5620    5620     2.366500002
5620    5621    -0.005629509
5620     602    -0.003166299
5620     603     0.006440358
5620     604    -0.000249183
5620     610    -0.002759473
5620     611    -0.002406082
5620     612     0.006470050
5620     613     0.005142909
5621    5620    -0.005629509
5621    5621     2.318999995
5621     602     0.003962269
5621     603     0.023319762
5621     604     0.029155545
5621     610     0.001766420
5621     611    -0.000361488
5621     612    -0.006814796
5621     613     0.008293328
 602    5620    -0.003166299
 602    5621     0.003962269
 602     602     1.999600000
 602     603     0.006191443
 602     604    -0.001184938
 602     610     0.002355575
 602     611    -0.000208477
 602     612    -0.002807905
 602     613     0.000408415
 603    5620     0.006440358
 603    5621     0.023319762
 603     602     0.006191443
 603     603     2.030200000
 603     604    -0.000206360
 603     610     0.002120831
 603     611     0.000147206
 603     612    -0.000059539
 603     613     0.003874360
 604    5620    -0.000249183
 604    5621     0.029155545
 604     602    -0.001184938
 604     603    -0.000206360
 604     604     2.086500000
 604     610    -0.000872040
 604     611     0.000448480
 604     612    -0.000006066
 604     613    -0.000827601
 610    5620    -0.002759473
 610    5621     0.001766420
 610     602     0.002355575
 610     603     0.002120831
 610     604    -0.000872040
 610     610     2.096800000
 610     611     0.006337793
 610     612     0.011070443
 610     613     0.000437828
 611    5620    -0.002406082
 611    5621    -0.000361488
 611     602    -0.000208477
 611     603     0.000147206
 611     604     0.000448480
 611     610     0.006337793
 611     611     2.155600000
 611     612    -0.016711550
 611     613     0.000305613
 612    5620     0.006470050
 612    5621    -0.006814796
 612     602    -0.002807905
 612     603    -0.000059539
 612     604    -0.000006066
 612     610     0.011070443
 612     611    -0.016711550
 612     612     1.975600000
 612     613    -0.000153921
 613    5620     0.005142909
 613    5621     0.008293328
 613     602     0.000408415
 613     603     0.003874360
 613     604    -0.000827601
 613     610     0.000437828
 613     611     0.000305613
 613     612    -0.000153921
 613     613     2.043400000
