5620    5620    2.470500002
5620    5621    0.004321520
5620     602    0.000706111
5620     603    0.006067527
5620     604    0.000488664
5620     610    0.000539821
5620     611    0.000496457
5620     612    0.005401148
5620     613    0.002915400
5621    5620    0.004321520
5621    5621    2.355099995
5621     602    0.002519693
5621     603    0.029862689
5621     604    0.030473727
5621     610    0.002777353
5621     611    0.000666433
5621     612    0.005523641
5621     613    0.010913400
 602    5620    0.000706111
 602    5621    0.002519693
 602     602    2.081900000
 602     603    0.008582774
 602     604    0.001659472
 602     610    0.001818152
 602     611    0.000045145
 602     612    0.002474719
 602     613    0.001244975
 603    5620    0.006067527
 603    5621    0.029862689
 603     602    0.008582774
 603     603    2.009100000
 603     604    0.001007055
 603     610    0.002130622
 603     611    0.000508674
 603     612    0.000175439
 603     613    0.005281333
 604    5620    0.000488664
 604    5621    0.030473727
 604     602    0.001659472
 604     603    0.001007055
 604     604    2.027100000
 604     610    0.002044646
 604     611    0.000391624
 604     612    0.000876960
 604     613    0.001260777
 610    5620    0.000539821
 610    5621    0.002777353
 610     602    0.001818152
 610     603    0.002130622
 610     604    0.002044646
 610     610    2.033900000
 610     611    0.005214432
 610     612    0.003419118
 610     613    0.000284927
 611    5620    0.000496457
 611    5621    0.000666433
 611     602    0.000045145
 611     603    0.000508674
 611     604    0.000391624
 611     610    0.005214432
 611     611    2.078000000
 611     612    0.017561591
 611     613    0.000838647
 612    5620    0.005401148
 612    5621    0.005523641
 612     602    0.002474719
 612     603    0.000175439
 612     604    0.000876960
 612     610    0.003419118
 612     611    0.017561591
 612     612    2.107200000
 612     613    0.000074356
 613    5620    0.002915400
 613    5621    0.010913400
 613     602    0.001244975
 613     603    0.005281333
 613     604    0.001260777
 613     610    0.000284927
 613     611    0.000838647
 613     612    0.000074356
 613     613    1.970500000
