5620    5620     2.459400002
5620    5621    -0.004249898
5620     602     0.001625300
5620     603    -0.005860205
5620     604    -0.001206849
5620     610    -0.007527022
5620     611    -0.003813409
5620     612    -0.012185464
5620     613    -0.004614786
5621    5620    -0.004249898
5621    5621     2.296899995
5621     602    -0.006691355
5621     603    -0.013293368
5621     604     0.028843884
5621     610    -0.000798434
5621     611     0.000562599
5621     612     0.007305578
5621     613     0.006902686
 602    5620     0.001625300
 602    5621    -0.006691355
 602     602     1.996300000
 602     603     0.005548013
 602     604    -0.001392671
 602     610     0.001839179
 602     611    -0.000501114
 602     612     0.002523970
 602     613    -0.000431219
 603    5620    -0.005860205
 603    5621    -0.013293368
 603     602     0.005548013
 603     603     2.058700000
 603     604    -0.000028705
 603     610    -0.002314041
 603     611    -0.000248600
 603     612    -0.000231772
 603     613    -0.004308712
 604    5620    -0.001206849
 604    5621     0.028843884
 604     602    -0.001392671
 604     603    -0.000028705
 604     604     2.166400000
 604     610    -0.000694416
 604     611    -0.000545875
 604     612     0.000041340
 604     613    -0.001118138
 610    5620    -0.007527022
 610    5621    -0.000798434
 610     602     0.001839179
 610     603    -0.002314041
 610     604    -0.000694416
 610     610     2.092400000
 610     611     0.006392298
 610     612    -0.008013781
 610     613    -0.000506484
 611    5620    -0.003813409
 611    5621     0.000562599
 611     602    -0.000501114
 611     603    -0.000248600
 611     604    -0.000545875
 611     610     0.006392298
 611     611     2.053400000
 611     612     0.019078027
 611     613    -0.000563257
 612    5620    -0.012185464
 612    5621     0.007305578
 612     602     0.002523970
 612     603    -0.000231772
 612     604     0.000041340
 612     610    -0.008013781
 612     611     0.019078027
 612     612     2.074300000
 612     613    -0.000161126
 613    5620    -0.004614786
 613    5621     0.006902686
 613     602    -0.000431219
 613     603    -0.004308712
 613     604    -0.001118138
 613     610    -0.000506484
 613     611    -0.000563257
 613     612    -0.000161126
 613     613     2.054900000
