5620    5620     2.234600002
5620    5621    -0.002447921
5620     602    -0.001500622
5620     603     0.007175602
5620     604    -0.000896449
5620     610    -0.002652218
5620     611     0.003690730
5620     612     0.011298209
5620     613     0.000457267
5621    5620    -0.002447921
5621    5621     2.371299995
5621     602    -0.000099816
5621     603     0.009446604
5621     604    -0.033966424
5621     610     0.002002672
5621     611    -0.000319065
5621     612    -0.006173876
5621     613    -0.008611228
 602    5620    -0.001500622
 602    5621    -0.000099816
 602     602     2.059000000
 602     603    -0.001251710
 602     604     0.001414116
 602     610     0.001889287
 602     611     0.000254361
 602     612     0.002115796
 602     613    -0.000971412
 603    5620     0.007175602
 603    5621     0.009446604
 603     602    -0.001251710
 603     603     2.036800000
 603     604     0.001253498
 603     610    -0.002178102
 603     611    -0.000155072
 603     612    -0.000298431
 603     613     0.005757510
 604    5620    -0.000896449
 604    5621    -0.033966424
 604     602     0.001414116
 604     603     0.001253498
 604     604     2.064100000
 604     610     0.001246315
 604     611     0.000548288
 604     612    -0.000109243
 604     613    -0.001510977
 610    5620    -0.002652218
 610    5621     0.002002672
 610     602     0.001889287
 610     603    -0.002178102
 610     604     0.001246315
 610     610     2.042200000
 610     611     0.005694609
 610     612    -0.006317719
 610     613     0.000105615
 611    5620     0.003690730
 611    5621    -0.000319065
 611     602     0.000254361
 611     603    -0.000155072
 611     604     0.000548288
 611     610     0.005694609
 611     611     2.047100000
 611     612    -0.015088856
 611     613     0.000558673
 612    5620     0.011298209
 612    5621    -0.006173876
 612     602     0.002115796
 612     603    -0.000298431
 612     604    -0.000109243
 612     610    -0.006317719
 612     611    -0.015088856
 612     612     2.094200000
 612     613     0.000154105
 613    5620     0.000457267
 613    5621    -0.008611228
 613     602    -0.000971412
 613     603     0.005757510
 613     604    -0.001510977
 613     610     0.000105615
 613     611     0.000558673
 613     612     0.000154105
 613     613     1.961300000
