5620    5620     2.365400002
5620    5621    -0.002727652
5620     602     0.001274749
5620     603    -0.004889150
5620     604    -0.001618846
5620     610     0.003954816
5620     611     0.002449489
5620     612     0.000883159
5620     613     0.005317332
5621    5620    -0.002727652
5621    5621     2.414999995
5621     602    -0.006143877
5621     603     0.018778076
5621     604    -0.028082128
5621     610    -0.001548800
5621     611    -0.000764004
5621     612     0.007552380
5621     613    -0.006593549
 602    5620     0.001274749
 602    5621    -0.006143877
 602     602     2.064100000
 602     603     0.006990912
 602     604    -0.001461820
 602     610    -0.002132286
 602     611     0.000432080
 602     612     0.002372056
 602     613    -0.000468060
 603    5620    -0.004889150
 603    5621     0.018778076
 603     602     0.006990912
 603     603     2.046800000
 603     604     0.000801048
 603     610     0.002194757
 603     611    -0.000224120
 603     612    -0.000155094
 603     613     0.003934756
 604    5620    -0.001618846
 604    5621    -0.028082128
 604     602    -0.001461820
 604     603     0.000801048
 604     604     2.031300000
 604     610    -0.001602567
 604     611     0.000313454
 604     612     0.001159485
 604     613    -0.000998434
 610    5620     0.003954816
 610    5621    -0.001548800
 610     602    -0.002132286
 610     603     0.002194757
 610     604    -0.001602567
 610     610     2.005500000
 610     611    -0.007719811
 610     612    -0.002671427
 610     613     0.000586592
 611    5620     0.002449489
 611    5621    -0.000764004
 611     602     0.000432080
 611     603    -0.000224120
 611     604     0.000313454
 611     610    -0.007719811
 611     611     1.984100000
 611     612    -0.019873021
 611     613    -0.000740644
 612    5620     0.000883159
 612    5621     0.007552380
 612     602     0.002372056
 612     603    -0.000155094
 612     604     0.001159485
 612     610    -0.002671427
 612     611    -0.019873021
 612     612     2.060400000
 612     613     0.000383225
 613    5620     0.005317332
 613    5621    -0.006593549
 613     602    -0.000468060
 613     603     0.003934756
 613     604    -0.000998434
 613     610     0.000586592
 613     611    -0.000740644
 613     612     0.000383225
 613     613     2.065400000
