5620    5620     2.302700002
5620    5621    -0.003527921
5620     602    -0.000181060
5620     603     0.005682973
5620     604    -0.000366655
5620     610    -0.007063641
5620     611     0.002651496
5620     612     0.013718352
5620     613    -0.005726114
5621    5620    -0.003527921
5621    5621     2.324899995
5621     602    -0.000787171
5621     603    -0.021901412
5621     604    -0.026376605
5621     610     0.000227402
5621     611     0.000471870
5621     612    -0.006742020
5621     613     0.007139798
 602    5620    -0.000181060
 602    5621    -0.000787171
 602     602     2.019800000
 602     603    -0.009447928
 602     604     0.001442560
 602     610     0.000987152
 602     611     0.000200508
 602     612    -0.002344305
 602     613    -0.001298279
 603    5620     0.005682973
 603    5621    -0.021901412
 603     602    -0.009447928
 603     603     2.067700000
 603     604     0.000631922
 603     610    -0.001850067
 603     611     0.000215752
 603     612    -0.000251762
 603     613     0.003930062
 604    5620    -0.000366655
 604    5621    -0.026376605
 604     602     0.001442560
 604     603     0.000631922
 604     604     2.110300000
 604     610    -0.000295820
 604     611    -0.000557987
 604     612     0.000079896
 604     613    -0.001015404
 610    5620    -0.007063641
 610    5621     0.000227402
 610     602     0.000987152
 610     603    -0.001850067
 610     604    -0.000295820
 610     610     2.067400000
 610     611     0.006076133
 610     612     0.007278233
 610     613     0.000471547
 611    5620     0.002651496
 611    5621     0.000471870
 611     602     0.000200508
 611     603     0.000215752
 611     604    -0.000557987
 611     610     0.006076133
 611     611     2.027800000
 611     612    -0.016622629
 611     613    -0.000596026
 612    5620     0.013718352
 612    5621    -0.006742020
 612     602    -0.002344305
 612     603    -0.000251762
 612     604     0.000079896
 612     610     0.007278233
 612     611    -0.016622629
 612     612     2.056000000
 612     613    -0.000073789
 613    5620    -0.005726114
 613    5621     0.007139798
 613     602    -0.001298279
 613     603     0.003930062
 613     604    -0.001015404
 613     610     0.000471547
 613     611    -0.000596026
 613     612    -0.000073789
 613     613     2.018500000
