5620    5620     2.346500002
5620    5621     0.003477616
5620     602    -0.000947732
5620     603    -0.006397531
5620     604    -0.001487917
5620     610    -0.005187451
5620     611    -0.003467915
5620     612    -0.001217340
5620     613    -0.003050132
5621    5620     0.003477616
5621    5621     2.241899995
5621     602    -0.003742051
5621     603    -0.025732462
5621     604    -0.033688630
5621     610     0.000929964
5621     611    -0.000854839
5621     612    -0.007717063
5621     613     0.010087834
 602    5620    -0.000947732
 602    5621    -0.003742051
 602     602     2.069200000
 602     603     0.007865472
 602     604     0.001569544
 602     610    -0.001437303
 602     611     0.000166304
 602     612     0.002438116
 602     613     0.000757340
 603    5620    -0.006397531
 603    5621    -0.025732462
 603     602     0.007865472
 603     603     2.036900000
 603     604     0.000976056
 603     610    -0.002273352
 603     611     0.000119737
 603     612     0.000091794
 603     613     0.004789227
 604    5620    -0.001487917
 604    5621    -0.033688630
 604     602     0.001569544
 604     603     0.000976056
 604     604     2.071000000
 604     610    -0.000373181
 604     611     0.000669850
 604     612    -0.000336570
 604     613     0.001348894
 610    5620    -0.005187451
 610    5621     0.000929964
 610     602    -0.001437303
 610     603    -0.002273352
 610     604    -0.000373181
 610     610     2.013300000
 610     611     0.006921257
 610     612     0.003690529
 610     613    -0.000515345
 611    5620    -0.003467915
 611    5621    -0.000854839
 611     602     0.000166304
 611     603     0.000119737
 611     604     0.000669850
 611     610     0.006921257
 611     611     2.066300000
 611     612     0.020866998
 611     613    -0.000427276
 612    5620    -0.001217340
 612    5621    -0.007717063
 612     602     0.002438116
 612     603     0.000091794
 612     604    -0.000336570
 612     610     0.003690529
 612     611     0.020866998
 612     612     2.039400000
 612     613    -0.000076794
 613    5620    -0.003050132
 613    5621     0.010087834
 613     602     0.000757340
 613     603     0.004789227
 613     604     0.001348894
 613     610    -0.000515345
 613     611    -0.000427276
 613     612    -0.000076794
 613     613     1.896300000
