5620    5620    2.323000002
5620    5621    0.004260395
5620     602    0.001003067
5620     603    0.006263440
5620     604    0.004035788
5620     610    0.001184167
5620     611    0.002959763
5620     612    0.003715259
5620     613    0.009318308
5621    5620    0.004260395
5621    5621    2.502299995
5621     602    0.000407074
5621     603    0.023205301
5621     604    0.031901201
5621     610    0.002510363
5621     611    0.000468909
5621     612    0.007328600
5621     613    0.005740150
 602    5620    0.001003067
 602    5621    0.000407074
 602     602    2.110800000
 602     603    0.009256701
 602     604    0.001581574
 602     610    0.001939049
 602     611    0.000529633
 602     612    0.002581561
 602     613    0.000386494
 603    5620    0.006263440
 603    5621    0.023205301
 603     602    0.009256701
 603     603    2.043300000
 603     604    0.000812530
 603     610    0.002069417
 603     611    0.000163088
 603     612    0.000001813
 603     613    0.003392948
 604    5620    0.004035788
 604    5621    0.031901201
 604     602    0.001581574
 604     603    0.000812530
 604     604    2.004700000
 604     610    0.001147930
 604     611    0.001005014
 604     612    0.001004409
 604     613    0.001318723
 610    5620    0.001184167
 610    5621    0.002510363
 610     602    0.001939049
 610     603    0.002069417
 610     604    0.001147930
 610     610    2.050900000
 610     611    0.006465282
 610     612    0.002359240
 610     613    0.000547940
 611    5620    0.002959763
 611    5621    0.000468909
 611     602    0.000529633
 611     603    0.000163088
 611     604    0.001005014
 611     610    0.006465282
 611     611    2.088800000
 611     612    0.021092905
 611     613    0.000479053
 612    5620    0.003715259
 612    5621    0.007328600
 612     602    0.002581561
 612     603    0.000001813
 612     604    0.001004409
 612     610    0.002359240
 612     611    0.021092905
 612     612    2.051000000
 612     613    0.000350194
 613    5620    0.009318308
 613    5621    0.005740150
 613     602    0.000386494
 613     603    0.003392948
 613     604    0.001318723
 613     610    0.000547940
 613     611    0.000479053
 613     612    0.000350194
 613     613    1.946800000
