5620    5620     2.269100002
5620    5621     0.005351234
5620     602    -0.000855572
5620     603     0.006540500
5620     604    -0.001464423
5620     610    -0.011903677
5620     611    -0.002628255
5620     612    -0.012182356
5620     613    -0.005998535
5621    5620     0.005351234
5621    5621     2.245199995
5621     602     0.000607877
5621     603    -0.019160238
5621     604    -0.030167064
5621     610     0.000045709
5621     611     0.000247570
5621     612     0.006676611
5621     613     0.007148941
 602    5620    -0.000855572
 602    5621     0.000607877
 602     602     2.010400000
 602     603     0.005089358
 602     604    -0.001625488
 602     610     0.001353439
 602     611    -0.000183481
 602     612     0.002458370
 602     613    -0.000841929
 603    5620     0.006540500
 603    5621    -0.019160238
 603     602     0.005089358
 603     603     2.029800000
 603     604     0.000214296
 603     610    -0.002600917
 603     611     0.000558279
 603     612    -0.000370719
 603     613    -0.004200196
 604    5620    -0.001464423
 604    5621    -0.030167064
 604     602    -0.001625488
 604     603     0.000214296
 604     604     2.051900000
 604     610     0.000510366
 604     611     0.000669831
 604     612     0.000069796
 604     613    -0.001080562
 610    5620    -0.011903677
 610    5621     0.000045709
 610     602     0.001353439
 610     603    -0.002600917
 610     604     0.000510366
 610     610     1.992200000
 610     611     0.006834895
 610     612    -0.009355170
 610     613     0.000579890
 611    5620    -0.002628255
 611    5621     0.000247570
 611     602    -0.000183481
 611     603     0.000558279
 611     604     0.000669831
 611     610     0.006834895
 611     611     2.038900000
 611     612     0.013678988
 611     613     0.000792468
 612    5620    -0.012182356
 612    5621     0.006676611
 612     602     0.002458370
 612     603    -0.000370719
 612     604     0.000069796
 612     610    -0.009355170
 612     611     0.013678988
 612     612     2.067300000
 612     613     0.000289401
 613    5620    -0.005998535
 613    5621     0.007148941
 613     602    -0.000841929
 613     603    -0.004200196
 613     604    -0.001080562
 613     610     0.000579890
 613     611     0.000792468
 613     612     0.000289401
 613     613     2.106600000
