5620    5620     2.378700002
5620    5621     0.005583328
5620     602    -0.001547240
5620     603     0.005512355
5620     604    -0.001696977
5620     610    -0.002643124
5620     611     0.002142985
5620     612    -0.009766934
5620     613    -0.008554037
5621    5620     0.005583328
5621    5621     2.215499995
5621     602     0.001139488
5621     603     0.030877157
5621     604    -0.037850237
5621     610    -0.002768325
5621     611    -0.000609333
5621     612    -0.007216438
5621     613     0.007544849
 602    5620    -0.001547240
 602    5621     0.001139488
 602     602     2.074300000
 602     603     0.005252485
 602     604     0.001617069
 602     610    -0.002245378
 602     611    -0.000764995
 602     612     0.002476120
 602     613     0.000013608
 603    5620     0.005512355
 603    5621     0.030877157
 603     602     0.005252485
 603     603     1.989700000
 603     604     0.001220402
 603     610    -0.002195662
 603     611    -0.000419140
 603     612     0.000144903
 603     613    -0.003427715
 604    5620    -0.001696977
 604    5621    -0.037850237
 604     602     0.001617069
 604     603     0.001220402
 604     604     2.023400000
 604     610    -0.001462596
 604     611     0.000792096
 604     612    -0.000069674
 604     613     0.001078507
 610    5620    -0.002643124
 610    5621    -0.002768325
 610     602    -0.002245378
 610     603    -0.002195662
 610     604    -0.001462596
 610     610     2.053800000
 610     611     0.006447554
 610     612     0.004411570
 610     613     0.000625297
 611    5620     0.002142985
 611    5621    -0.000609333
 611     602    -0.000764995
 611     603    -0.000419140
 611     604     0.000792096
 611     610     0.006447554
 611     611     2.028700000
 611     612    -0.020331983
 611     613    -0.001005089
 612    5620    -0.009766934
 612    5621    -0.007216438
 612     602     0.002476120
 612     603     0.000144903
 612     604    -0.000069674
 612     610     0.004411570
 612     611    -0.020331983
 612     612     2.077100000
 612     613    -0.000260025
 613    5620    -0.008554037
 613    5621     0.007544849
 613     602     0.000013608
 613     603    -0.003427715
 613     604     0.001078507
 613     610     0.000625297
 613     611    -0.001005089
 613     612    -0.000260025
 613     613     2.083200000
