5620    5620    2.463400002
5620    5621    0.005474234
5620     602    0.001314848
5620     603    0.005815285
5620     604    0.001682963
5620     610    0.007816084
5620     611    0.003542061
5620     612    0.019283070
5620     613    0.006032446
5621    5620    0.005474234
5621    5621    2.181399995
5621     602    0.000387192
5621     603    0.021024403
5621     604    0.035426486
5621     610    0.000877197
5621     611    0.000366749
5621     612    0.008399403
5621     613    0.008548545
 602    5620    0.001314848
 602    5621    0.000387192
 602     602    2.018800000
 602     603    0.009016798
 602     604    0.001781408
 602     610    0.001499454
 602     611    0.000297506
 602     612    0.002956114
 602     613    0.000668301
 603    5620    0.005815285
 603    5621    0.021024403
 603     602    0.009016798
 603     603    2.118400000
 603     604    0.000345216
 603     610    0.001856646
 603     611    0.000126894
 603     612    0.000110492
 603     613    0.003973520
 604    5620    0.001682963
 604    5621    0.035426486
 604     602    0.001781408
 604     603    0.000345216
 604     604    2.064800000
 604     610    0.000648285
 604     611    0.000698371
 604     612    0.000023013
 604     613    0.001341018
 610    5620    0.007816084
 610    5621    0.000877197
 610     602    0.001499454
 610     603    0.001856646
 610     604    0.000648285
 610     610    2.004600000
 610     611    0.006859350
 610     612    0.008884875
 610     613    0.000511057
 611    5620    0.003542061
 611    5621    0.000366749
 611     602    0.000297506
 611     603    0.000126894
 611     604    0.000698371
 611     610    0.006859350
 611     611    2.046200000
 611     612    0.022144659
 611     613    0.000500623
 612    5620    0.019283070
 612    5621    0.008399403
 612     602    0.002956114
 612     603    0.000110492
 612     604    0.000023013
 612     610    0.008884875
 612     611    0.022144659
 612     612    1.987500000
 612     613    0.000036175
 613    5620    0.006032446
 613    5621    0.008548545
 613     602    0.000668301
 613     603    0.003973520
 613     604    0.001341018
 613     610    0.000511057
 613     611    0.000500623
 613     612    0.000036175
 613     613    2.030500000
