5620    5620     2.257800002
5620    5621    -0.005652482
5620     602     0.000551914
5620     603     0.006350125
5620     604    -0.000519405
5620     610     0.001268369
5620     611    -0.001593335
5620     612    -0.005313159
5620     613     0.006510846
5621    5620    -0.005652482
5621    5621     2.425799995
5621     602    -0.003261113
5621     603    -0.024447933
5621     604     0.030835623
5621     610     0.001662489
5621     611    -0.000210988
5621     612    -0.006210060
5621     613     0.008241668
 602    5620     0.000551914
 602    5621    -0.003261113
 602     602     2.077200000
 602     603    -0.010383097
 602     604     0.001655810
 602     610    -0.001402948
 602     611    -0.000145753
 602     612    -0.002088099
 602     613     0.001096498
 603    5620     0.006350125
 603    5621    -0.024447933
 603     602    -0.010383097
 603     603     1.980900000
 603     604    -0.001712383
 603     610    -0.002320523
 603     611    -0.000293609
 603     612    -0.000236546
 603     613     0.004648042
 604    5620    -0.000519405
 604    5621     0.030835623
 604     602     0.001655810
 604     603    -0.001712383
 604     604     2.001600000
 604     610     0.001241288
 604     611     0.000609497
 604     612    -0.000419158
 604     613     0.001200532
 610    5620     0.001268369
 610    5621     0.001662489
 610     602    -0.001402948
 610     603    -0.002320523
 610     604     0.001241288
 610     610     1.990400000
 610     611     0.006499610
 610     612     0.004973014
 610     613    -0.000637474
 611    5620    -0.001593335
 611    5621    -0.000210988
 611     602    -0.000145753
 611     603    -0.000293609
 611     604     0.000609497
 611     610     0.006499610
 611     611     2.068300000
 611     612     0.015990023
 611     613    -0.000817687
 612    5620    -0.005313159
 612    5621    -0.006210060
 612     602    -0.002088099
 612     603    -0.000236546
 612     604    -0.000419158
 612     610     0.004973014
 612     611     0.015990023
 612     612     2.089000000
 612     613    -0.000100174
 613    5620     0.006510846
 613    5621     0.008241668
 613     602     0.001096498
 613     603     0.004648042
 613     604     0.001200532
 613     610    -0.000637474
 613     611    -0.000817687
 613     612    -0.000100174
 613     613     1.911700000
