5620    5620     2.546400002
5620    5621     0.003507868
5620     602    -0.001355055
5620     603     0.005877253
5620     604     0.001277945
5620     610     0.002054665
5620     611     0.001963891
5620     612    -0.003254016
5620     613     0.008645355
5621    5620     0.003507868
5621    5621     2.221899995
5621     602     0.005204417
5621     603     0.019234273
5621     604    -0.035513217
5621     610     0.002340420
5621     611    -0.000751184
5621     612     0.007463281
5621     613     0.004586666
 602    5620    -0.001355055
 602    5621     0.005204417
 602     602     2.103800000
 602     603    -0.004039587
 602     604    -0.001354565
 602     610     0.001691804
 602     611    -0.000388913
 602     612    -0.001869401
 602     613     0.000041932
 603    5620     0.005877253
 603    5621     0.019234273
 603     602    -0.004039587
 603     603     1.970800000
 603     604    -0.000501419
 603     610    -0.002253870
 603     611     0.000241043
 603     612    -0.000238015
 603     613    -0.003122867
 604    5620     0.001277945
 604    5621    -0.035513217
 604     602    -0.001354565
 604     603    -0.000501419
 604     604     1.960600000
 604     610     0.001815779
 604     611     0.000349621
 604     612     0.001043867
 604     613    -0.000761336
 610    5620     0.002054665
 610    5621     0.002340420
 610     602     0.001691804
 610     603    -0.002253870
 610     604     0.001815779
 610     610     2.027100000
 610     611    -0.006495123
 610     612    -0.004912625
 610     613     0.000665304
 611    5620     0.001963891
 611    5621    -0.000751184
 611     602    -0.000388913
 611     603     0.000241043
 611     604     0.000349621
 611     610    -0.006495123
 611     611     2.103700000
 611     612     0.016895783
 611     613    -0.000510110
 612    5620    -0.003254016
 612    5621     0.007463281
 612     602    -0.001869401
 612     603    -0.000238015
 612     604     0.001043867
 612     610    -0.004912625
 612     611     0.016895783
 612     612     2.084800000
 612     613     0.000460306
 613    5620     0.008645355
 613    5621     0.004586666
 613     602     0.000041932
 613     603    -0.003122867
 613     604    -0.000761336
 613     610     0.000665304
 613     611    -0.000510110
 613     612     0.000460306
 613     613     2.029400000
