5620    5620    2.383500002
5620    5621    0.004762484
5620     602    0.000116422
5620     603    0.005389071
5620     604    0.002895485
5620     610    0.003337114
5620     611    0.000211932
5620     612    0.001880484
5620     613    0.002343155
5621    5620    0.004762484
5621    5621    2.381599995
5621     602    0.001366162
5621     603    0.026693014
5621     604    0.030189214
5621     610    0.000892823
5621     611    0.000213105
5621     612    0.008349423
5621     613    0.011382793
 602    5620    0.000116422
 602    5621    0.001366162
 602     602    2.103300000
 602     603    0.006951829
 602     604    0.001327510
 602     610    0.000949962
 602     611    0.000487459
 602     612    0.002227674
 602     613    0.001224753
 603    5620    0.005389071
 603    5621    0.026693014
 603     602    0.006951829
 603     603    2.118500000
 603     604    0.000908803
 603     610    0.001842344
 603     611    0.000419325
 603     612    0.000073295
 603     613    0.004766623
 604    5620    0.002895485
 604    5621    0.030189214
 604     602    0.001327510
 604     603    0.000908803
 604     604    2.055800000
 604     610    0.000274405
 604     611    0.000782499
 604     612    0.000765563
 604     613    0.001349353
 610    5620    0.003337114
 610    5621    0.000892823
 610     602    0.000949962
 610     603    0.001842344
 610     604    0.000274405
 610     610    2.145800000
 610     611    0.005963116
 610     612    0.003508539
 610     613    0.000463195
 611    5620    0.000211932
 611    5621    0.000213105
 611     602    0.000487459
 611     603    0.000419325
 611     604    0.000782499
 611     610    0.005963116
 611     611    1.988100000
 611     612    0.017831575
 611     613    0.000924606
 612    5620    0.001880484
 612    5621    0.008349423
 612     602    0.002227674
 612     603    0.000073295
 612     604    0.000765563
 612     610    0.003508539
 612     611    0.017831575
 612     612    1.984600000
 612     613    0.000052554
 613    5620    0.002343155
 613    5621    0.011382793
 613     602    0.001224753
 613     603    0.004766623
 613     604    0.001349353
 613     610    0.000463195
 613     611    0.000924606
 613     612    0.000052554
 613     613    1.957300000
