5620    5620     2.202100002
5620    5621    -0.001949683
5620     602     0.001565111
5620     603    -0.005714839
5620     604    -0.000494524
5620     610     0.006770405
5620     611     0.002971078
5620     612     0.007588815
5620     613    -0.003560438
5621    5620    -0.001949683
5621    5621     2.396299995
5621     602    -0.008202422
5621     603     0.011694334
5621     604     0.025821095
5621     610    -0.001550673
5621     611    -0.000519336
5621     612     0.005660255
5621     613    -0.006438756
 602    5620     0.001565111
 602    5621    -0.008202422
 602     602     2.032700000
 602     603    -0.005168847
 602     604     0.001492285
 602     610     0.001819360
 602     611     0.000169335
 602     612     0.002246348
 602     613    -0.000684855
 603    5620    -0.005714839
 603    5621     0.011694334
 603     602    -0.005168847
 603     603     2.100000000
 603     604    -0.000453776
 603     610    -0.001846985
 603     611    -0.000303067
 603     612    -0.000095452
 603     613    -0.004169820
 604    5620    -0.000494524
 604    5621     0.025821095
 604     602     0.001492285
 604     603    -0.000453776
 604     604     2.037600000
 604     610     0.000992521
 604     611     0.000412588
 604     612    -0.000463879
 604     613    -0.001062845
 610    5620     0.006770405
 610    5621    -0.001550673
 610     602     0.001819360
 610     603    -0.001846985
 610     604     0.000992521
 610     610     2.096400000
 610     611    -0.006814348
 610     612    -0.004451086
 610     613     0.000435224
 611    5620     0.002971078
 611    5621    -0.000519336
 611     602     0.000169335
 611     603    -0.000303067
 611     604     0.000412588
 611     610    -0.006814348
 611     611     2.091700000
 611     612     0.016662835
 611     613    -0.000648365
 612    5620     0.007588815
 612    5621     0.005660255
 612     602     0.002246348
 612     603    -0.000095452
 612     604    -0.000463879
 612     610    -0.004451086
 612     611     0.016662835
 612     612     2.064300000
 612     613    -0.000076794
 613    5620    -0.003560438
 613    5621    -0.006438756
 613     602    -0.000684855
 613     603    -0.004169820
 613     604    -0.001062845
 613     610     0.000435224
 613     611    -0.000648365
 613     612    -0.000076794
 613     613     2.039200000
