5620    5620     2.391800002
5620    5621    -0.006877939
5620     602    -0.001939998
5620     603    -0.006676057
5620     604    -0.000386555
5620     610    -0.002275286
5620     611     0.000480207
5620     612    -0.001078817
5620     613    -0.006946400
5621    5620    -0.006877939
5621    5621     2.411099995
5621     602    -0.004257296
5621     603     0.026074693
5621     604    -0.030844589
5621     610     0.001805536
5621     611    -0.000132464
5621     612     0.006714170
5621     613    -0.006598712
 602    5620    -0.001939998
 602    5621    -0.004257296
 602     602     2.095100000
 602     603     0.006759831
 602     604     0.001368578
 602     610    -0.001685419
 602     611    -0.000424402
 602     612    -0.002337029
 602     613    -0.000260946
 603    5620    -0.006676057
 603    5621     0.026074693
 603     602     0.006759831
 603     603     1.937500000
 603     604     0.001443840
 603     610     0.002064306
 603     611    -0.000434701
 603     612     0.000165851
 603     613    -0.004282369
 604    5620    -0.000386555
 604    5621    -0.030844589
 604     602     0.001368578
 604     603     0.001443840
 604     604     2.048500000
 604     610     0.000785164
 604     611     0.000527485
 604     612     0.000232810
 604     613     0.001002899
 610    5620    -0.002275286
 610    5621     0.001805536
 610     602    -0.001685419
 610     603     0.002064306
 610     604     0.000785164
 610     610     2.040500000
 610     611    -0.006509396
 610     612     0.001334801
 610     613    -0.000597877
 611    5620     0.000480207
 611    5621    -0.000132464
 611     602    -0.000424402
 611     603    -0.000434701
 611     604     0.000527485
 611     610    -0.006509396
 611     611     1.989300000
 611     612    -0.020718532
 611     613    -0.000895942
 612    5620    -0.001078817
 612    5621     0.006714170
 612     602    -0.002337029
 612     603     0.000165851
 612     604     0.000232810
 612     610     0.001334801
 612     611    -0.020718532
 612     612     2.097600000
 612     613    -0.000501013
 613    5620    -0.006946400
 613    5621    -0.006598712
 613     602    -0.000260946
 613     603    -0.004282369
 613     604     0.001002899
 613     610    -0.000597877
 613     611    -0.000895942
 613     612    -0.000501013
 613     613     2.028700000
