5620    5620     2.448600002
5620    5621     0.004608834
5620     602    -0.001855049
5620     603    -0.004865822
5620     604     0.002111889
5620     610     0.002649432
5620     611    -0.003986333
5620     612    -0.015843273
5620     613    -0.005744970
5621    5620     0.004608834
5621    5621     2.416199995
5621     602     0.001038704
5621     603    -0.028150077
5621     604     0.029700644
5621     610     0.002486077
5621     611     0.000253310
5621     612    -0.006568434
5621     613    -0.007653294
 602    5620    -0.001855049
 602    5621     0.001038704
 602     602     1.933100000
 602     603    -0.010953848
 602     604    -0.001707428
 602     610     0.002372789
 602     611     0.000594954
 602     612     0.003120424
 602     613    -0.000361667
 603    5620    -0.004865822
 603    5621    -0.028150077
 603     602    -0.010953848
 603     603     2.057900000
 603     604    -0.001383903
 603     610    -0.001867890
 603     611    -0.000264292
 603     612     0.000309926
 603     613     0.003624140
 604    5620     0.002111889
 604    5621     0.029700644
 604     602    -0.001707428
 604     603    -0.001383903
 604     604     2.067600000
 604     610    -0.001513539
 604     611     0.000601752
 604     612     0.000091898
 604     613     0.001135151
 610    5620     0.002649432
 610    5621     0.002486077
 610     602     0.002372789
 610     603    -0.001867890
 610     604    -0.001513539
 610     610     2.085800000
 610     611    -0.006560108
 610     612    -0.009086150
 610     613     0.000413793
 611    5620    -0.003986333
 611    5621     0.000253310
 611     602     0.000594954
 611     603    -0.000264292
 611     604     0.000601752
 611     610    -0.006560108
 611     611     1.933200000
 611     612     0.017964488
 611     613    -0.000648250
 612    5620    -0.015843273
 612    5621    -0.006568434
 612     602     0.003120424
 612     603     0.000309926
 612     604     0.000091898
 612     610    -0.009086150
 612     611     0.017964488
 612     612     2.073300000
 612     613     0.000082094
 613    5620    -0.005744970
 613    5621    -0.007653294
 613     602    -0.000361667
 613     603     0.003624140
 613     604     0.001135151
 613     610     0.000413793
 613     611    -0.000648250
 613     612     0.000082094
 613     613     2.016400000
