5620    5620     2.643900002
5620    5621     0.004227506
5620     602     0.001237552
5620     603     0.004628930
5620     604    -0.000265244
5620     610    -0.005899842
5620     611    -0.003304552
5620     612    -0.007203543
5620     613    -0.007158700
5621    5620     0.004227506
5621    5621     2.395299995
5621     602     0.006072447
5621     603     0.016653174
5621     604     0.030126034
5621     610    -0.001464172
5621     611     0.000639597
5621     612     0.006958921
5621     613    -0.006769330
 602    5620     0.001237552
 602    5621     0.006072447
 602     602     2.079000000
 602     603    -0.006815120
 602     604    -0.001263643
 602     610    -0.001688817
 602     611    -0.000215843
 602     612     0.002301619
 602     613    -0.000274863
 603    5620     0.004628930
 603    5621     0.016653174
 603     602    -0.006815120
 603     603     2.067600000
 603     604    -0.000444028
 603     610     0.001934782
 603     611    -0.000401551
 603     612     0.000195046
 603     613     0.003863673
 604    5620    -0.000265244
 604    5621     0.030126034
 604     602    -0.001263643
 604     603    -0.000444028
 604     604     2.097400000
 604     610    -0.000972849
 604     611    -0.000554493
 604     612     0.000123833
 604     613     0.001055548
 610    5620    -0.005899842
 610    5621    -0.001464172
 610     602    -0.001688817
 610     603     0.001934782
 610     604    -0.000972849
 610     610     2.089500000
 610     611    -0.006154724
 610     612     0.004208589
 610     613    -0.000529351
 611    5620    -0.003304552
 611    5621     0.000639597
 611     602    -0.000215843
 611     603    -0.000401551
 611     604    -0.000554493
 611     610    -0.006154724
 611     611     2.089300000
 611     612     0.023238779
 611     613     0.000708981
 612    5620    -0.007203543
 612    5621     0.006958921
 612     602     0.002301619
 612     603     0.000195046
 612     604     0.000123833
 612     610     0.004208589
 612     611     0.023238779
 612     612     2.037400000
 612     613     0.000467639
 613    5620    -0.007158700
 613    5621    -0.006769330
 613     602    -0.000274863
 613     603     0.003863673
 613     604     0.001055548
 613     610    -0.000529351
 613     611     0.000708981
 613     612     0.000467639
 613     613     2.031200000
