5620    5620     2.293600002
5620    5621     0.002758466
5620     602    -0.000146147
5620     603     0.005227488
5620     604     0.000951226
5620     610    -0.009854988
5620     611    -0.005190973
5620     612    -0.015618973
5620     613    -0.008643542
5621    5620     0.002758466
5621    5621     2.166799995
5621     602     0.001293021
5621     603    -0.019137647
5621     604    -0.029797979
5621     610     0.002250776
5621     611    -0.000796009
5621     612    -0.006605632
5621     613    -0.006332729
 602    5620    -0.000146147
 602    5621     0.001293021
 602     602     2.108100000
 602     603    -0.008551152
 602     604     0.001270129
 602     610    -0.001446477
 602     611     0.000048990
 602     612     0.002091345
 602     613    -0.000767686
 603    5620     0.005227488
 603    5621    -0.019137647
 603     602    -0.008551152
 603     603     2.072100000
 603     604    -0.000614731
 603     610     0.002450865
 603     611    -0.000245205
 603     612     0.000076631
 603     613     0.003254632
 604    5620     0.000951226
 604    5621    -0.029797979
 604     602     0.001270129
 604     603    -0.000614731
 604     604     2.097200000
 604     610    -0.001531709
 604     611    -0.000218324
 604     612    -0.001277862
 604     613     0.000536178
 610    5620    -0.009854988
 610    5621     0.002250776
 610     602    -0.001446477
 610     603     0.002450865
 610     604    -0.001531709
 610     610     2.005200000
 610     611    -0.007680653
 610     612     0.005102056
 610     613     0.000785732
 611    5620    -0.005190973
 611    5621    -0.000796009
 611     602     0.000048990
 611     603    -0.000245205
 611     604    -0.000218324
 611     610    -0.007680653
 611     611     2.106400000
 611     612     0.017994430
 611     613     0.000484138
 612    5620    -0.015618973
 612    5621    -0.006605632
 612     602     0.002091345
 612     603     0.000076631
 612     604    -0.001277862
 612     610     0.005102056
 612     611     0.017994430
 612     612     2.022100000
 612     613    -0.000073810
 613    5620    -0.008643542
 613    5621    -0.006332729
 613     602    -0.000767686
 613     603     0.003254632
 613     604     0.000536178
 613     610     0.000785732
 613     611     0.000484138
 613     612    -0.000073810
 613     613     2.042200000
