5620    5620     2.394200002
5620    5621     0.006222070
5620     602    -0.000723470
5620     603    -0.005332074
5620     604    -0.000175263
5620     610     0.000101305
5620     611    -0.004410840
5620     612     0.008072851
5620     613    -0.005637693
5621    5620     0.006222070
5621    5621     2.389199995
5621     602     0.000435043
5621     603     0.031043657
5621     604    -0.030472608
5621     610     0.002947314
5621     611    -0.000886442
5621     612    -0.006938482
5621     613    -0.008137015
 602    5620    -0.000723470
 602    5621     0.000435043
 602     602     2.027100000
 602     603    -0.010880209
 602     604    -0.001448485
 602     610     0.001997114
 602     611    -0.000004249
 602     612    -0.002614641
 602     613    -0.000733743
 603    5620    -0.005332074
 603    5621     0.031043657
 603     602    -0.010880209
 603     603     2.016700000
 603     604    -0.001242849
 603     610     0.002048809
 603     611     0.000049754
 603     612    -0.000309691
 603     613    -0.003443155
 604    5620    -0.000175263
 604    5621    -0.030472608
 604     602    -0.001448485
 604     603    -0.001242849
 604     604     2.017700000
 604     610     0.001238549
 604     611     0.000435908
 604     612    -0.000048826
 604     613     0.000898381
 610    5620     0.000101305
 610    5621     0.002947314
 610     602     0.001997114
 610     603     0.002048809
 610     604     0.001238549
 610     610     2.095000000
 610     611    -0.006855771
 610     612     0.007148520
 610     613     0.000357305
 611    5620    -0.004410840
 611    5621    -0.000886442
 611     602    -0.000004249
 611     603     0.000049754
 611     604     0.000435908
 611     610    -0.006855771
 611     611     2.095600000
 611     612     0.018216235
 611     613    -0.000272339
 612    5620     0.008072851
 612    5621    -0.006938482
 612     602    -0.002614641
 612     603    -0.000309691
 612     604    -0.000048826
 612     610     0.007148520
 612     611     0.018216235
 612     612     2.018500000
 612     613     0.000077516
 613    5620    -0.005637693
 613    5621    -0.008137015
 613     602    -0.000733743
 613     603    -0.003443155
 613     604     0.000898381
 613     610     0.000357305
 613     611    -0.000272339
 613     612     0.000077516
 613     613     2.004100000
