5620    5620     2.368800002
5620    5621    -0.003740700
5620     602    -0.000262156
5620     603    -0.005859221
5620     604     0.000897699
5620     610    -0.006503696
5620     611     0.001656755
5620     612    -0.004178219
5620     613    -0.008150957
5621    5620    -0.003740700
5621    5621     2.299999995
5621     602     0.000417639
5621     603    -0.015147414
5621     604    -0.028469738
5621     610     0.001298985
5621     611     0.000094191
5621     612    -0.006801229
5621     613    -0.006646909
 602    5620    -0.000262156
 602    5621     0.000417639
 602     602     1.948400000
 602     603    -0.006535664
 602     604     0.001788609
 602     610    -0.001765413
 602     611    -0.000442750
 602     612     0.002982059
 602     613    -0.000955924
 603    5620    -0.005859221
 603    5621    -0.015147414
 603     602    -0.006535664
 603     603     2.082100000
 603     604    -0.000098641
 603     610     0.001977447
 603     611    -0.000304990
 603     612     0.000251395
 603     613    -0.003407106
 604    5620     0.000897699
 604    5621    -0.028469738
 604     602     0.001788609
 604     603    -0.000098641
 604     604     2.111700000
 604     610     0.000841415
 604     611    -0.000607595
 604     612    -0.000033699
 604     613    -0.000947485
 610    5620    -0.006503696
 610    5621     0.001298985
 610     602    -0.001765413
 610     603     0.001977447
 610     604     0.000841415
 610     610     2.037700000
 610     611     0.006293998
 610     612    -0.004930863
 610     613     0.000548258
 611    5620     0.001656755
 611    5621     0.000094191
 611     602    -0.000442750
 611     603    -0.000304990
 611     604    -0.000607595
 611     610     0.006293998
 611     611     2.011100000
 611     612     0.018585269
 611     613    -0.000741349
 612    5620    -0.004178219
 612    5621    -0.006801229
 612     602     0.002982059
 612     603     0.000251395
 612     604    -0.000033699
 612     610    -0.004930863
 612     611     0.018585269
 612     612     2.025300000
 612     613    -0.000269425
 613    5620    -0.008150957
 613    5621    -0.006646909
 613     602    -0.000955924
 613     603    -0.003407106
 613     604    -0.000947485
 613     610     0.000548258
 613     611    -0.000741349
 613     612    -0.000269425
 613     613     1.984800000
