5620    5620    2.694500002
5620    5621    0.003334248
5620     602    0.000864132
5620     603    0.004932039
5620     604    0.000933009
5620     610    0.003939484
5620     611    0.003499513
5620     612    0.007018145
5620     613    0.003373920
5621    5620    0.003334248
5621    5621    2.263699995
5621     602    0.001914092
5621     603    0.017799831
5621     604    0.035549465
5621     610    0.001399738
5621     611    0.001146866
5621     612    0.006713520
5621     613    0.007551455
 602    5620    0.000864132
 602    5621    0.001914092
 602     602    2.042300000
 602     603    0.008953543
 602     604    0.001969110
 602     610    0.001561338
 602     611    0.000461344
 602     612    0.002404322
 602     613    0.001153321
 603    5620    0.004932039
 603    5621    0.017799831
 603     602    0.008953543
 603     603    2.049200000
 603     604    0.000479206
 603     610    0.002203268
 603     611    0.000255614
 603     612    0.000020983
 603     613    0.004709455
 604    5620    0.000933009
 604    5621    0.035549465
 604     602    0.001969110
 604     603    0.000479206
 604     604    2.029500000
 604     610    0.001098990
 604     611    0.000636342
 604     612    0.000304019
 604     613    0.001461528
 610    5620    0.003939484
 610    5621    0.001399738
 610     602    0.001561338
 610     603    0.002203268
 610     604    0.001098990
 610     610    2.065700000
 610     611    0.007343480
 610     612    0.005173631
 610     613    0.000502300
 611    5620    0.003499513
 611    5621    0.001146866
 611     602    0.000461344
 611     603    0.000255614
 611     604    0.000636342
 611     610    0.007343480
 611     611    2.030100000
 611     612    0.016971182
 611     613    0.000673082
 612    5620    0.007018145
 612    5621    0.006713520
 612     602    0.002404322
 612     603    0.000020983
 612     604    0.000304019
 612     610    0.005173631
 612     611    0.016971182
 612     612    2.049200000
 612     613    0.000069367
 613    5620    0.003373920
 613    5621    0.007551455
 613     602    0.001153321
 613     603    0.004709455
 613     604    0.001461528
 613     610    0.000502300
 613     611    0.000673082
 613     612    0.000069367
 613     613    1.955100000
