5620    5620     2.409500002
5620    5621     0.005738539
5620     602    -0.000604986
5620     603     0.005558943
5620     604     0.003203152
5620     610     0.005601123
5620     611    -0.001994256
5620     612    -0.009440201
5620     613     0.006131292
5621    5620     0.005738539
5621    5621     2.300699995
5621     602    -0.001910072
5621     603     0.020829300
5621     604     0.030054828
5621     610    -0.000580500
5621     611    -0.000141444
5621     612    -0.007095493
5621     613     0.007958061
 602    5620    -0.000604986
 602    5621    -0.001910072
 602     602     2.074500000
 602     603    -0.009553590
 602     604    -0.001819760
 602     610     0.001407247
 602     611     0.000268138
 602     612     0.002642584
 602     613     0.000893622
 603    5620     0.005558943
 603    5621     0.020829300
 603     602    -0.009553590
 603     603     2.038100000
 603     604    -0.000436019
 603     610    -0.002318591
 603     611    -0.000374504
 603     612    -0.000016731
 603     613    -0.003794108
 604    5620     0.003203152
 604    5621     0.030054828
 604     602    -0.001819760
 604     603    -0.000436019
 604     604     2.021100000
 604     610     0.000506094
 604     611     0.000765085
 604     612     0.000206362
 604     613    -0.001095341
 610    5620     0.005601123
 610    5621    -0.000580500
 610     602     0.001407247
 610     603    -0.002318591
 610     604     0.000506094
 610     610     2.008000000
 610     611    -0.007099993
 610     612    -0.008044799
 610     613     0.000699985
 611    5620    -0.001994256
 611    5621    -0.000141444
 611     602     0.000268138
 611     603    -0.000374504
 611     604     0.000765085
 611     610    -0.007099993
 611     611     1.974800000
 611     612    -0.015418135
 611     613     0.000748060
 612    5620    -0.009440201
 612    5621    -0.007095493
 612     602     0.002642584
 612     603    -0.000016731
 612     604     0.000206362
 612     610    -0.008044799
 612     611    -0.015418135
 612     612     2.046600000
 612     613    -0.000044939
 613    5620     0.006131292
 613    5621     0.007958061
 613     602     0.000893622
 613     603    -0.003794108
 613     604    -0.001095341
 613     610     0.000699985
 613     611     0.000748060
 613     612    -0.000044939
 613     613     2.024200000
