5620    5620    2.444500002
5620    5621    0.003843973
5620     602    0.000670682
5620     603    0.005987008
5620     604    0.002679982
5620     610    0.001835854
5620     611    0.003338631
5620     612    0.010432867
5620     613    0.005136796
5621    5620    0.003843973
5621    5621    2.187399995
5621     602    0.001764441
5621     603    0.025808467
5621     604    0.028587840
5621     610    0.002270142
5621     611    0.000254747
5621     612    0.006928555
5621     613    0.008953528
 602    5620    0.000670682
 602    5621    0.001764441
 602     602    2.016800000
 602     603    0.010476313
 602     604    0.001438139
 602     610    0.001878766
 602     611    0.000613762
 602     612    0.002254128
 602     613    0.000883655
 603    5620    0.005987008
 603    5621    0.025808467
 603     602    0.010476313
 603     603    1.981500000
 603     604    0.001055732
 603     610    0.002236186
 603     611    0.000196811
 603     612    0.000082979
 603     613    0.004216755
 604    5620    0.002679982
 604    5621    0.028587840
 604     602    0.001438139
 604     603    0.001055732
 604     604    2.048500000
 604     610    0.001097150
 604     611    0.000801374
 604     612    0.000364246
 604     613    0.001277547
 610    5620    0.001835854
 610    5621    0.002270142
 610     602    0.001878766
 610     603    0.002236186
 610     604    0.001097150
 610     610    2.028000000
 610     611    0.007780993
 610     612    0.005081935
 610     613    0.000518488
 611    5620    0.003338631
 611    5621    0.000254747
 611     602    0.000613762
 611     603    0.000196811
 611     604    0.000801374
 611     610    0.007780993
 611     611    2.028500000
 611     612    0.017554215
 611     613    0.000602095
 612    5620    0.010432867
 612    5621    0.006928555
 612     602    0.002254128
 612     603    0.000082979
 612     604    0.000364246
 612     610    0.005081935
 612     611    0.017554215
 612     612    2.048400000
 612     613    0.000065221
 613    5620    0.005136796
 613    5621    0.008953528
 613     602    0.000883655
 613     603    0.004216755
 613     604    0.001277547
 613     610    0.000518488
 613     611    0.000602095
 613     612    0.000065221
 613     613    2.094500000
