5620    5620     2.407800002
5620    5621     0.005378767
5620     602    -0.001433356
5620     603     0.006677086
5620     604    -0.000363462
5620     610     0.002309749
5620     611    -0.002424041
5620     612    -0.010029421
5620     613     0.004987902
5621    5620     0.005378767
5621    5621     2.282299995
5621     602    -0.004659875
5621     603     0.013375931
5621     604    -0.028754715
5621     610    -0.002108209
5621     611     0.000627288
5621     612     0.007346652
5621     613    -0.006554788
 602    5620    -0.001433356
 602    5621    -0.004659875
 602     602     2.061500000
 602     603    -0.006698122
 602     604    -0.001540566
 602     610    -0.001895766
 602     611    -0.000062906
 602     612    -0.002564205
 602     613    -0.000724248
 603    5620     0.006677086
 603    5621     0.013375931
 603     602    -0.006698122
 603     603     2.023700000
 603     604     0.000137342
 603     610     0.002405866
 603     611    -0.000271970
 603     612     0.000162556
 603     613     0.004727407
 604    5620    -0.000363462
 604    5621    -0.028754715
 604     602    -0.001540566
 604     603     0.000137342
 604     604     2.018000000
 604     610    -0.001556508
 604     611    -0.000439334
 604     612    -0.000509376
 604     613    -0.000966336
 610    5620     0.002309749
 610    5621    -0.002108209
 610     602    -0.001895766
 610     603     0.002405866
 610     604    -0.001556508
 610     610     2.052600000
 610     611    -0.005431099
 610     612     0.006429511
 610     613    -0.000394444
 611    5620    -0.002424041
 611    5621     0.000627288
 611     602    -0.000062906
 611     603    -0.000271970
 611     604    -0.000439334
 611     610    -0.005431099
 611     611     2.092200000
 611     612     0.017055253
 611     613     0.000552451
 612    5620    -0.010029421
 612    5621     0.007346652
 612     602    -0.002564205
 612     603     0.000162556
 612     604    -0.000509376
 612     610     0.006429511
 612     611     0.017055253
 612     612     2.008300000
 612     613     0.000083366
 613    5620     0.004987902
 613    5621    -0.006554788
 613     602    -0.000724248
 613     603     0.004727407
 613     604    -0.000966336
 613     610    -0.000394444
 613     611     0.000552451
 613     612     0.000083366
 613     613     2.020600000
