5620    5620     2.426500002
5620    5621     0.005313049
5620     602    -0.000098611
5620     603     0.006464072
5620     604    -0.003751145
5620     610     0.004091449
5620     611     0.001651254
5620     612    -0.016384288
5620     613     0.007405969
5621    5620     0.005313049
5621    5621     2.270999995
5621     602     0.001346718
5621     603    -0.018148396
5621     604     0.031671331
5621     610     0.002240361
5621     611    -0.000036431
5621     612    -0.007011531
5621     613     0.006485966
 602    5620    -0.000098611
 602    5621     0.001346718
 602     602     2.034800000
 602     603     0.009132209
 602     604    -0.002122072
 602     610    -0.001752632
 602     611    -0.000210450
 602     612     0.002629787
 602     613     0.001203795
 603    5620     0.006464072
 603    5621    -0.018148396
 603     602     0.009132209
 603     603     1.990900000
 603     604    -0.000495490
 603     610     0.002280236
 603     611    -0.000425461
 603     612     0.000045145
 603     613     0.003848632
 604    5620    -0.003751145
 604    5621     0.031671331
 604     602    -0.002122072
 604     603    -0.000495490
 604     604     1.939800000
 604     610    -0.001998089
 604     611     0.001020585
 604     612    -0.000321819
 604     613     0.001407915
 610    5620     0.004091449
 610    5621     0.002240361
 610     602    -0.001752632
 610     603     0.002280236
 610     604    -0.001998089
 610     610     2.012500000
 610     611    -0.006428176
 610     612     0.007836957
 610     613     0.000434289
 611    5620     0.001651254
 611    5621    -0.000036431
 611     602    -0.000210450
 611     603    -0.000425461
 611     604     0.001020585
 611     610    -0.006428176
 611     611     2.008000000
 611     612     0.019245261
 611     613     0.000839774
 612    5620    -0.016384288
 612    5621    -0.007011531
 612     602     0.002629787
 612     603     0.000045145
 612     604    -0.000321819
 612     610     0.007836957
 612     611     0.019245261
 612     612     2.033700000
 612     613    -0.000036055
 613    5620     0.007405969
 613    5621     0.006485966
 613     602     0.001203795
 613     603     0.003848632
 613     604     0.001407915
 613     610     0.000434289
 613     611     0.000839774
 613     612    -0.000036055
 613     613     2.064100000
