5620    5620    2.480600002
5620    5621    0.003563070
5620     602    0.001633548
5620     603    0.006254350
5620     604    0.000374146
5620     610    0.002959067
5620     611    0.001792668
5620     612    0.005011456
5620     613    0.007103117
5621    5620    0.003563070
5621    5621    2.318599995
5621     602    0.004197781
5621     603    0.017910166
5621     604    0.027342445
5621     610    0.003301637
5621     611    0.000211298
5621     612    0.007111582
5621     613    0.007077021
 602    5620    0.001633548
 602    5621    0.004197781
 602     602    2.006300000
 602     603    0.008074306
 602     604    0.001294735
 602     610    0.002373690
 602     611    0.000490524
 602     612    0.002428615
 602     613    0.000458261
 603    5620    0.006254350
 603    5621    0.017910166
 603     602    0.008074306
 603     603    2.116100000
 603     604    0.000054285
 603     610    0.002587908
 603     611    0.000423577
 603     612    0.000160006
 603     613    0.004709523
 604    5620    0.000374146
 604    5621    0.027342445
 604     602    0.001294735
 604     603    0.000054285
 604     604    2.102900000
 604     610    0.001669882
 604     611    0.000514719
 604     612    0.000320472
 604     613    0.001158373
 610    5620    0.002959067
 610    5621    0.003301637
 610     602    0.002373690
 610     603    0.002587908
 610     604    0.001669882
 610     610    1.963000000
 610     611    0.007695045
 610     612    0.005373400
 610     613    0.000490164
 611    5620    0.001792668
 611    5621    0.000211298
 611     602    0.000490524
 611     603    0.000423577
 611     604    0.000514719
 611     610    0.007695045
 611     611    2.034000000
 611     612    0.019214152
 611     613    0.000730991
 612    5620    0.005011456
 612    5621    0.007111582
 612     602    0.002428615
 612     603    0.000160006
 612     604    0.000320472
 612     610    0.005373400
 612     611    0.019214152
 612     612    2.062600000
 612     613    0.000209302
 613    5620    0.007103117
 613    5621    0.007077021
 613     602    0.000458261
 613     603    0.004709523
 613     604    0.001158373
 613     610    0.000490164
 613     611    0.000730991
 613     612    0.000209302
 613     613    1.923100000
