5620    5620     2.231700002
5620    5621     0.004078763
5620     602    -0.000516612
5620     603    -0.005935767
5620     604    -0.001329791
5620     610    -0.004968856
5620     611     0.001934213
5620     612    -0.008401814
5620     613     0.007302833
5621    5620     0.004078763
5621    5621     2.179799995
5621     602    -0.000606146
5621     603     0.023006010
5621     604     0.034323099
5621     610     0.003650760
5621     611    -0.000053014
5621     612     0.008189833
5621     613     0.007543281
 602    5620    -0.000516612
 602    5621    -0.000606146
 602     602     1.995800000
 602     603     0.009095961
 602     604    -0.001892476
 602     610     0.002218309
 602     611    -0.000247370
 602     612     0.002972118
 602     613     0.001023668
 603    5620    -0.005935767
 603    5621     0.023006010
 603     602     0.009095961
 603     603     2.078000000
 603     604     0.000757089
 603     610     0.002017053
 603     611     0.000330532
 603     612     0.000074743
 603     613     0.003807355
 604    5620    -0.001329791
 604    5621     0.034323099
 604     602    -0.001892476
 604     603     0.000757089
 604     604     1.996600000
 604     610    -0.002161394
 604     611    -0.000507743
 604     612     0.000841624
 604     613     0.001155507
 610    5620    -0.004968856
 610    5621     0.003650760
 610     602     0.002218309
 610     603     0.002017053
 610     604    -0.002161394
 610     610     2.033400000
 610     611     0.006629251
 610     612    -0.003853235
 610     613    -0.000384562
 611    5620     0.001934213
 611    5621    -0.000053014
 611     602    -0.000247370
 611     603     0.000330532
 611     604    -0.000507743
 611     610     0.006629251
 611     611     2.024100000
 611     612    -0.020042933
 611     613     0.000803807
 612    5620    -0.008401814
 612    5621     0.008189833
 612     602     0.002972118
 612     603     0.000074743
 612     604     0.000841624
 612     610    -0.003853235
 612     611    -0.020042933
 612     612     2.001000000
 612     613    -0.000168513
 613    5620     0.007302833
 613    5621     0.007543281
 613     602     0.001023668
 613     603     0.003807355
 613     604     0.001155507
 613     610    -0.000384562
 613     611     0.000803807
 613     612    -0.000168513
 613     613     2.033700000
