5620    5620    2.303500002
5620    5621    0.007292832
5620     602    0.001725040
5620     603    0.005331850
5620     604    0.000667365
5620     610    0.005557084
5620     611    0.001819131
5620     612    0.019864321
5620     613    0.007161395
5621    5620    0.007292832
5621    5621    2.364099995
5621     602    0.005522096
5621     603    0.025495685
5621     604    0.032271306
5621     610    0.002948803
5621     611    0.000050049
5621     612    0.007919436
5621     613    0.006566554
 602    5620    0.001725040
 602    5621    0.005522096
 602     602    2.032500000
 602     603    0.010646468
 602     604    0.001435911
 602     610    0.002249236
 602     611    0.000766161
 602     612    0.002840207
 602     613    0.000320176
 603    5620    0.005331850
 603    5621    0.025495685
 603     602    0.010646468
 603     603    2.054000000
 603     604    0.001538019
 603     610    0.002084542
 603     611    0.000403252
 603     612    0.000533063
 603     613    0.003654974
 604    5620    0.000667365
 604    5621    0.032271306
 604     602    0.001435911
 604     603    0.001538019
 604     604    2.059600000
 604     610    0.001792899
 604     611    0.000390986
 604     612    0.001093032
 604     613    0.001071627
 610    5620    0.005557084
 610    5621    0.002948803
 610     602    0.002249236
 610     603    0.002084542
 610     604    0.001792899
 610     610    2.093000000
 610     611    0.006136476
 610     612    0.006160148
 610     613    0.000400134
 611    5620    0.001819131
 611    5621    0.000050049
 611     602    0.000766161
 611     603    0.000403252
 611     604    0.000390986
 611     610    0.006136476
 611     611    1.992500000
 611     612    0.018292259
 611     613    0.000818094
 612    5620    0.019864321
 612    5621    0.007919436
 612     602    0.002840207
 612     603    0.000533063
 612     604    0.001093032
 612     610    0.006160148
 612     611    0.018292259
 612     612    1.971800000
 612     613    0.000058177
 613    5620    0.007161395
 613    5621    0.006566554
 613     602    0.000320176
 613     603    0.003654974
 613     604    0.001071627
 613     610    0.000400134
 613     611    0.000818094
 613     612    0.000058177
 613     613    2.017700000
