5620    5620     2.296700002
5620    5621     0.004626038
5620     602     0.000052011
5620     603    -0.005212917
5620     604    -0.003000435
5620     610    -0.001404092
5620     611    -0.001667917
5620     612    -0.002077281
5620     613    -0.006147174
5621    5620     0.004626038
5621    5621     2.380799995
5621     602    -0.002384356
5621     603     0.019162707
5621     604    -0.025047431
5621     610     0.002276502
5621     611     0.000055385
5621     612     0.006357713
5621     613    -0.006524493
 602    5620     0.000052011
 602    5621    -0.002384356
 602     602     2.055800000
 602     603    -0.008127626
 602     604     0.001556027
 602     610    -0.001205789
 602     611    -0.000466927
 602     612    -0.002374696
 602     613    -0.001051272
 603    5620    -0.005212917
 603    5621     0.019162707
 603     602    -0.008127626
 603     603     2.112800000
 603     604    -0.000926299
 603     610     0.001795240
 603     611    -0.000266028
 603     612    -0.000103767
 603     613     0.003001762
 604    5620    -0.003000435
 604    5621    -0.025047431
 604     602     0.001556027
 604     603    -0.000926299
 604     604     2.057500000
 604     610     0.001003738
 604     611    -0.000666879
 604     612    -0.000073874
 604     613    -0.000973419
 610    5620    -0.001404092
 610    5621     0.002276502
 610     602    -0.001205789
 610     603     0.001795240
 610     604     0.001003738
 610     610     2.086400000
 610     611     0.006736911
 610     612     0.003759572
 610     613    -0.000482088
 611    5620    -0.001667917
 611    5621     0.000055385
 611     602    -0.000466927
 611     603    -0.000266028
 611     604    -0.000666879
 611     610     0.006736911
 611     611     2.080900000
 611     612     0.019251983
 611     613     0.000688025
 612    5620    -0.002077281
 612    5621     0.006357713
 612     602    -0.002374696
 612     603    -0.000103767
 612     604    -0.000073874
 612     610     0.003759572
 612     611     0.019251983
 612     612     2.074200000
 612     613     0.000193849
 613    5620    -0.006147174
 613    5621    -0.006524493
 613     602    -0.001051272
 613     603     0.003001762
 613     604    -0.000973419
 613     610    -0.000482088
 613     611     0.000688025
 613     612     0.000193849
 613     613     2.011400000
