5620    5620     2.410800002
5620    5621     0.004472296
5620     602     0.000381959
5620     603    -0.005542469
5620     604     0.001664124
5620     610     0.005178673
5620     611     0.002475442
5620     612    -0.005788037
5620     613    -0.005632203
5621    5620     0.004472296
5621    5621     2.245199995
5621     602     0.000526475
5621     603     0.022237678
5621     604    -0.027559687
5621     610    -0.001087482
5621     611    -0.000177689
5621     612     0.005946558
5621     613     0.006306499
 602    5620     0.000381959
 602    5621     0.000526475
 602     602     2.033100000
 602     603     0.009981948
 602     604     0.001681154
 602     610    -0.001606713
 602     611    -0.000238629
 602     612    -0.002538640
 602     613    -0.000830537
 603    5620    -0.005542469
 603    5621     0.022237678
 603     602     0.009981948
 603     603     2.110200000
 603     604     0.000510348
 603     610     0.002038123
 603     611     0.000424060
 603     612    -0.000179837
 603     613    -0.003265522
 604    5620     0.001664124
 604    5621    -0.027559687
 604     602     0.001681154
 604     603     0.000510348
 604     604     2.109900000
 604     610    -0.000663486
 604     611    -0.000739720
 604     612     0.000130665
 604     613     0.000937391
 610    5620     0.005178673
 610    5621    -0.001087482
 610     602    -0.001606713
 610     603     0.002038123
 610     604    -0.000663486
 610     610     2.012800000
 610     611     0.007346001
 610     612    -0.005760483
 610     613     0.000488938
 611    5620     0.002475442
 611    5621    -0.000177689
 611     602    -0.000238629
 611     603     0.000424060
 611     604    -0.000739720
 611     610     0.007346001
 611     611     2.011600000
 611     612    -0.020302124
 611     613     0.000596228
 612    5620    -0.005788037
 612    5621     0.005946558
 612     602    -0.002538640
 612     603    -0.000179837
 612     604     0.000130665
 612     610    -0.005760483
 612     611    -0.020302124
 612     612     2.006900000
 612     613     0.000233235
 613    5620    -0.005632203
 613    5621     0.006306499
 613     602    -0.000830537
 613     603    -0.003265522
 613     604     0.000937391
 613     610     0.000488938
 613     611     0.000596228
 613     612     0.000233235
 613     613     2.105800000
