5620    5620     2.354600002
5620    5621    -0.003850508
5620     602     0.000414591
5620     603    -0.006935552
5620     604     0.005484814
5620     610     0.000097338
5620     611     0.001159372
5620     612    -0.005242255
5620     613    -0.004890621
5621    5620    -0.003850508
5621    5621     2.204799995
5621     602    -0.001591850
5621     603    -0.025457979
5621     604     0.025143048
5621     610     0.004571805
5621     611     0.000269033
5621     612    -0.006672902
5621     613    -0.007921722
 602    5620     0.000414591
 602    5621    -0.001591850
 602     602     2.081700000
 602     603    -0.007909985
 602     604     0.001545042
 602     610     0.002412079
 602     611     0.000032493
 602     612    -0.002546050
 602     613    -0.001244719
 603    5620    -0.006935552
 603    5621    -0.025457979
 603     602    -0.007909985
 603     603     1.975000000
 603     604     0.000446284
 603     610    -0.002551295
 603     611     0.000546773
 603     612     0.000272977
 603     613    -0.005073226
 604    5620     0.005484814
 604    5621     0.025143048
 604     602     0.001545042
 604     603     0.000446284
 604     604     2.119100000
 604     610     0.002068215
 604     611     0.000806730
 604     612    -0.000700372
 604     613    -0.001214586
 610    5620     0.000097338
 610    5621     0.004571805
 610     602     0.002412079
 610     603    -0.002551295
 610     604     0.002068215
 610     610     1.947400000
 610     611     0.006007186
 610     612     0.001335466
 610     613     0.000287189
 611    5620     0.001159372
 611    5621     0.000269033
 611     602     0.000032493
 611     603     0.000546773
 611     604     0.000806730
 611     610     0.006007186
 611     611     2.011300000
 611     612     0.019624657
 611     613     0.000812852
 612    5620    -0.005242255
 612    5621    -0.006672902
 612     602    -0.002546050
 612     603     0.000272977
 612     604    -0.000700372
 612     610     0.001335466
 612     611     0.019624657
 612     612     2.056600000
 612     613    -0.000187038
 613    5620    -0.004890621
 613    5621    -0.007921722
 613     602    -0.001244719
 613     603    -0.005073226
 613     604    -0.001214586
 613     610     0.000287189
 613     611     0.000812852
 613     612    -0.000187038
 613     613     2.039100000
