5620    5620     2.292800002
5620    5621     0.006227696
5620     602     0.000456572
5620     603    -0.005831176
5620     604    -0.002900775
5620     610    -0.002192120
5620     611    -0.000380539
5620     612     0.014160423
5620     613     0.005219011
5621    5620     0.006227696
5621    5621     2.294099995
5621     602     0.000428589
5621     603    -0.029948237
5621     604     0.029094370
5621     610    -0.003637991
5621     611    -0.000670926
5621     612    -0.007612151
5621     613    -0.008764308
 602    5620     0.000456572
 602    5621     0.000428589
 602     602     2.070100000
 602     603    -0.010719773
 602     604    -0.001470088
 602     610     0.001824534
 602     611    -0.000020041
 602     612    -0.002462070
 602     613     0.001032490
 603    5620    -0.005831176
 603    5621    -0.029948237
 603     602    -0.010719773
 603     603     1.986400000
 603     604     0.001302668
 603     610     0.002411320
 603     611     0.000541603
 603     612    -0.000291881
 603     613     0.003749278
 604    5620    -0.002900775
 604    5621     0.029094370
 604     602    -0.001470088
 604     603     0.001302668
 604     604     2.056500000
 604     610    -0.001523490
 604     611     0.000854843
 604     612    -0.000607619
 604     613    -0.001264673
 610    5620    -0.002192120
 610    5621    -0.003637991
 610     602     0.001824534
 610     603     0.002411320
 610     604    -0.001523490
 610     610     1.993700000
 610     611    -0.006439859
 610     612     0.004142320
 610     613     0.000374087
 611    5620    -0.000380539
 611    5621    -0.000670926
 611     602    -0.000020041
 611     603     0.000541603
 611     604     0.000854843
 611     610    -0.006439859
 611     611     1.990900000
 611     612     0.015432322
 611     613     0.000967091
 612    5620     0.014160423
 612    5621    -0.007612151
 612     602    -0.002462070
 612     603    -0.000291881
 612     604    -0.000607619
 612     610     0.004142320
 612     611     0.015432322
 612     612     2.039200000
 612     613    -0.000044729
 613    5620     0.005219011
 613    5621    -0.008764308
 613     602     0.001032490
 613     603     0.003749278
 613     604    -0.001264673
 613     610     0.000374087
 613     611     0.000967091
 613     612    -0.000044729
 613     613     2.072100000
