5620    5620    2.370800002
5620    5621    0.007068585
5620     602    0.000069549
5620     603    0.006354148
5620     604    0.000927587
5620     610    0.002606376
5620     611    0.003684257
5620     612    0.013905849
5620     613    0.003297101
5621    5620    0.007068585
5621    5621    2.377299995
5621     602    0.005950516
5621     603    0.032901546
5621     604    0.033536798
5621     610    0.005135487
5621     611    0.000177662
5621     612    0.006676679
5621     613    0.008888763
 602    5620    0.000069549
 602    5621    0.005950516
 602     602    2.130600000
 602     603    0.008207975
 602     604    0.001516766
 602     610    0.002625261
 602     611    0.000217724
 602     612    0.002501815
 602     613    0.001564216
 603    5620    0.006354148
 603    5621    0.032901546
 603     602    0.008207975
 603     603    2.042100000
 603     604    0.001224771
 603     610    0.002793502
 603     611    0.000216972
 603     612    0.000266311
 603     613    0.005034804
 604    5620    0.000927587
 604    5621    0.033536798
 604     602    0.001516766
 604     603    0.001224771
 604     604    2.062000000
 604     610    0.002896601
 604     611    0.000247524
 604     612    0.001434411
 604     613    0.001041893
 610    5620    0.002606376
 610    5621    0.005135487
 610     602    0.002625261
 610     603    0.002793502
 610     604    0.002896601
 610     610    2.026800000
 610     611    0.006588746
 610     612    0.005339468
 610     613    0.000086354
 611    5620    0.003684257
 611    5621    0.000177662
 611     602    0.000217724
 611     603    0.000216972
 611     604    0.000247524
 611     610    0.006588746
 611     611    2.049300000
 611     612    0.019069301
 611     613    0.000630272
 612    5620    0.013905849
 612    5621    0.006676679
 612     602    0.002501815
 612     603    0.000266311
 612     604    0.001434411
 612     610    0.005339468
 612     611    0.019069301
 612     612    1.996500000
 612     613    0.000098542
 613    5620    0.003297101
 613    5621    0.008888763
 613     602    0.001564216
 613     603    0.005034804
 613     604    0.001041893
 613     610    0.000086354
 613     611    0.000630272
 613     612    0.000098542
 613     613    2.013500000
