5620    5620    2.321600002
5620    5621    0.005460089
5620     602    0.000605435
5620     603    0.006609870
5620     604    0.001488631
5620     610    0.006524982
5620     611    0.002294303
5620     612    0.002365619
5620     613    0.007288401
5621    5620    0.005460089
5621    5621    2.416499995
5621     602    0.001543380
5621     603    0.022022319
5621     604    0.025641508
5621     610    0.002429693
5621     611    0.000333349
5621     612    0.006226916
5621     613    0.008447049
 602    5620    0.000605435
 602    5621    0.001543380
 602     602    2.112900000
 602     603    0.011458246
 602     604    0.001758038
 602     610    0.001974351
 602     611    0.000013506
 602     612    0.002742837
 602     613    0.000987399
 603    5620    0.006609870
 603    5621    0.022022319
 603     602    0.011458246
 603     603    2.053500000
 603     604    0.000455981
 603     610    0.002662902
 603     611    0.000343032
 603     612    0.000423659
 603     613    0.004188458
 604    5620    0.001488631
 604    5621    0.025641508
 604     602    0.001758038
 604     603    0.000455981
 604     604    2.042500000
 604     610    0.001406556
 604     611    0.000594525
 604     612    0.000179136
 604     613    0.001039084
 610    5620    0.006524982
 610    5621    0.002429693
 610     602    0.001974351
 610     603    0.002662902
 610     604    0.001406556
 610     610    1.943000000
 610     611    0.006944923
 610     612    0.004866209
 610     613    0.000559690
 611    5620    0.002294303
 611    5621    0.000333349
 611     602    0.000013506
 611     603    0.000343032
 611     604    0.000594525
 611     610    0.006944923
 611     611    2.113800000
 611     612    0.018914493
 611     613    0.000619435
 612    5620    0.002365619
 612    5621    0.006226916
 612     602    0.002742837
 612     603    0.000423659
 612     604    0.000179136
 612     610    0.004866209
 612     611    0.018914493
 612     612    2.108000000
 612     613    0.000476836
 613    5620    0.007288401
 613    5621    0.008447049
 613     602    0.000987399
 613     603    0.004188458
 613     604    0.001039084
 613     610    0.000559690
 613     611    0.000619435
 613     612    0.000476836
 613     613    1.994200000
