5620    5620    2.331600002
5620    5621    0.004554170
5620     602    0.001620018
5620     603    0.006646374
5620     604    0.000801819
5620     610    0.001657390
5620     611    0.003375939
5620     612    0.010927182
5620     613    0.007312929
5621    5620    0.004554170
5621    5621    2.315299995
5621     602    0.007374765
5621     603    0.015560154
5621     604    0.030120610
5621     610    0.003087622
5621     611    0.000846028
5621     612    0.007523558
5621     613    0.007139642
 602    5620    0.001620018
 602    5621    0.007374765
 602     602    2.035600000
 602     603    0.008901881
 602     604    0.001693139
 602     610    0.002532037
 602     611    0.000411117
 602     612    0.002850576
 602     613    0.000641316
 603    5620    0.006646374
 603    5621    0.015560154
 603     602    0.008901881
 603     603    2.026700000
 603     604    0.000792491
 603     610    0.002489234
 603     611    0.000300163
 603     612    0.000101538
 603     613    0.005035242
 604    5620    0.000801819
 604    5621    0.030120610
 604     602    0.001693139
 604     603    0.000792491
 604     604    2.094900000
 604     610    0.002102877
 604     611    0.000580904
 604     612    0.000459133
 604     613    0.001384358
 610    5620    0.001657390
 610    5621    0.003087622
 610     602    0.002532037
 610     603    0.002489234
 610     604    0.002102877
 610     610    2.030200000
 610     611    0.007144625
 610     612    0.010422766
 610     613    0.000455935
 611    5620    0.003375939
 611    5621    0.000846028
 611     602    0.000411117
 611     603    0.000300163
 611     604    0.000580904
 611     610    0.007144625
 611     611    2.090100000
 611     612    0.019770502
 611     613    0.000685097
 612    5620    0.010927182
 612    5621    0.007523558
 612     602    0.002850576
 612     603    0.000101538
 612     604    0.000459133
 612     610    0.010422766
 612     611    0.019770502
 612     612    2.020800000
 612     613    0.000077085
 613    5620    0.007312929
 613    5621    0.007139642
 613     602    0.000641316
 613     603    0.005035242
 613     604    0.001384358
 613     610    0.000455935
 613     611    0.000685097
 613     612    0.000077085
 613     613    1.956200000
