5620    5620    2.272600002
5620    5621    0.004886235
5620     602    0.000605724
5620     603    0.005708317
5620     604    0.000955736
5620     610    0.008446303
5620     611    0.002442583
5620     612    0.004041946
5620     613    0.005180010
5621    5620    0.004886235
5621    5621    2.447899995
5621     602    0.001589008
5621     603    0.024306232
5621     604    0.028633765
5621     610    0.001143418
5621     611    0.000456132
5621     612    0.006677270
5621     613    0.007711987
 602    5620    0.000605724
 602    5621    0.001589008
 602     602    2.082300000
 602     603    0.006651062
 602     604    0.001425792
 602     610    0.001232534
 602     611    0.000248765
 602     612    0.002626186
 602     613    0.000882462
 603    5620    0.005708317
 603    5621    0.024306232
 603     602    0.006651062
 603     603    2.001900000
 603     604    0.001002862
 603     610    0.002063291
 603     611    0.000315638
 603     612    0.000043369
 603     613    0.003809958
 604    5620    0.000955736
 604    5621    0.028633765
 604     602    0.001425792
 604     603    0.001002862
 604     604    2.092800000
 604     610    0.000891566
 604     611    0.000506530
 604     612    0.000578037
 604     613    0.000944202
 610    5620    0.008446303
 610    5621    0.001143418
 610     602    0.001232534
 610     603    0.002063291
 610     604    0.000891566
 610     610    2.045100000
 610     611    0.006370203
 610     612    0.006158859
 610     613    0.000647938
 611    5620    0.002442583
 611    5621    0.000456132
 611     602    0.000248765
 611     603    0.000315638
 611     604    0.000506530
 611     610    0.006370203
 611     611    2.091400000
 611     612    0.017867980
 611     613    0.000795184
 612    5620    0.004041946
 612    5621    0.006677270
 612     602    0.002626186
 612     603    0.000043369
 612     604    0.000578037
 612     610    0.006158859
 612     611    0.017867980
 612     612    2.063500000
 612     613    0.000207501
 613    5620    0.005180010
 613    5621    0.007711987
 613     602    0.000882462
 613     603    0.003809958
 613     604    0.000944202
 613     610    0.000647938
 613     611    0.000795184
 613     612    0.000207501
 613     613    1.970400000
