5620    5620     2.499900002
5620    5621    -0.003666743
5620     602    -0.000330555
5620     603    -0.004761640
5620     604    -0.000963334
5620     610     0.003046504
5620     611     0.000610710
5620     612     0.008217527
5620     613    -0.004642922
5621    5620    -0.003666743
5621    5621     2.631299995
5621     602     0.000938705
5621     603     0.022799279
5621     604    -0.029653451
5621     610    -0.002744778
5621     611     0.000087226
5621     612     0.006541909
5621     613    -0.008547446
 602    5620    -0.000330555
 602    5621     0.000938705
 602     602     2.032100000
 602     603    -0.012354135
 602     604     0.001793194
 602     610    -0.002145714
 602     611    -0.000035888
 602     612    -0.002606752
 602     613    -0.001120474
 603    5620    -0.004761640
 603    5621     0.022799279
 603     602    -0.012354135
 603     603     2.085700000
 603     604     0.001210174
 603     610    -0.002342833
 603     611    -0.000334579
 603     612     0.000218620
 603     613    -0.003585576
 604    5620    -0.000963334
 604    5621    -0.029653451
 604     602     0.001793194
 604     603     0.001210174
 604     604     1.918300000
 604     610     0.002166153
 604     611    -0.000413221
 604     612    -0.001325180
 604     613     0.001211563
 610    5620     0.003046504
 610    5621    -0.002744778
 610     602    -0.002145714
 610     603    -0.002342833
 610     604     0.002166153
 610     610     1.967000000
 610     611    -0.006893823
 610     612    -0.003254411
 610     613    -0.000420668
 611    5620     0.000610710
 611    5621     0.000087226
 611     602    -0.000035888
 611     603    -0.000334579
 611     604    -0.000413221
 611     610    -0.006893823
 611     611     2.057600000
 611     612     0.020429381
 611     613    -0.000941516
 612    5620     0.008217527
 612    5621     0.006541909
 612     602    -0.002606752
 612     603     0.000218620
 612     604    -0.001325180
 612     610    -0.003254411
 612     611     0.020429381
 612     612     2.033000000
 612     613     0.000105883
 613    5620    -0.004642922
 613    5621    -0.008547446
 613     602    -0.001120474
 613     603    -0.003585576
 613     604     0.001211563
 613     610    -0.000420668
 613     611    -0.000941516
 613     612     0.000105883
 613     613     1.995000000
