5620    5620     2.387000002
5620    5621    -0.001968621
5620     602     0.000523796
5620     603     0.005519359
5620     604    -0.000339061
5620     610     0.000530433
5620     611     0.000967789
5620     612     0.006638605
5620     613     0.004754501
5621    5620    -0.001968621
5621    5621     2.209299995
5621     602     0.001524436
5621     603    -0.021634712
5621     604     0.023657264
5621     610    -0.002915837
5621     611    -0.000405813
5621     612    -0.007822341
5621     613    -0.007072835
 602    5620     0.000523796
 602    5621     0.001524436
 602     602     2.028400000
 602     603     0.009534397
 602     604    -0.001393892
 602     610    -0.001568304
 602     611    -0.000236885
 602     612     0.002767464
 602     613    -0.001393149
 603    5620     0.005519359
 603    5621    -0.021634712
 603     602     0.009534397
 603     603     2.004100000
 603     604     0.000571140
 603     610    -0.002091335
 603     611    -0.000247719
 603     612    -0.000092936
 603     613     0.004037318
 604    5620    -0.000339061
 604    5621     0.023657264
 604     602    -0.001393892
 604     603     0.000571140
 604     604     2.175900000
 604     610    -0.001274603
 604     611    -0.000333397
 604     612    -0.000430313
 604     613     0.000791974
 610    5620     0.000530433
 610    5621    -0.002915837
 610     602    -0.001568304
 610     603    -0.002091335
 610     604    -0.001274603
 610     610     2.051300000
 610     611    -0.005931123
 610     612    -0.003958838
 610     613     0.000420497
 611    5620     0.000967789
 611    5621    -0.000405813
 611     602    -0.000236885
 611     603    -0.000247719
 611     604    -0.000333397
 611     610    -0.005931123
 611     611     1.993100000
 611     612    -0.019357970
 611     613     0.000700105
 612    5620     0.006638605
 612    5621    -0.007822341
 612     602     0.002767464
 612     603    -0.000092936
 612     604    -0.000430313
 612     610    -0.003958838
 612     611    -0.019357970
 612     612     2.055500000
 612     613    -0.000288982
 613    5620     0.004754501
 613    5621    -0.007072835
 613     602    -0.001393149
 613     603     0.004037318
 613     604     0.000791974
 613     610     0.000420497
 613     611     0.000700105
 613     612    -0.000288982
 613     613     2.022600000
