5620    5620     2.334400002
5620    5621    -0.005562447
5620     602     0.000723030
5620     603     0.006080718
5620     604     0.008607608
5620     610     0.003947707
5620     611    -0.000032174
5620     612    -0.016060300
5620     613     0.009935296
5621    5620    -0.005562447
5621    5621     2.209499995
5621     602     0.003182054
5621     603     0.024138784
5621     604    -0.025147925
5621     610     0.002072052
5621     611    -0.000038928
5621     612     0.008596100
5621     613     0.006231432
 602    5620     0.000723030
 602    5621     0.003182054
 602     602     2.091500000
 602     603     0.011883838
 602     604    -0.001444393
 602     610     0.001111600
 602     611     0.000507329
 602     612     0.002477587
 602     613    -0.001316054
 603    5620     0.006080718
 603    5621     0.024138784
 603     602     0.011883838
 603     603     2.040700000
 603     604    -0.001214388
 603     610    -0.002061146
 603     611     0.000564684
 603     612    -0.000354163
 603     613    -0.003536026
 604    5620     0.008607608
 604    5621    -0.025147925
 604     602    -0.001444393
 604     603    -0.001214388
 604     604     1.988200000
 604     610     0.000992728
 604     611    -0.001099383
 604     612     0.002027816
 604     613     0.001338622
 610    5620     0.003947707
 610    5621     0.002072052
 610     602     0.001111600
 610     603    -0.002061146
 610     604     0.000992728
 610     610     2.060700000
 610     611    -0.005048952
 610     612     0.005850540
 610     613     0.000501606
 611    5620    -0.000032174
 611    5621    -0.000038928
 611     602     0.000507329
 611     603     0.000564684
 611     604    -0.001099383
 611     610    -0.005048952
 611     611     2.040200000
 611     612    -0.017641950
 611     613    -0.001005599
 612    5620    -0.016060300
 612    5621     0.008596100
 612     602     0.002477587
 612     603    -0.000354163
 612     604     0.002027816
 612     610     0.005850540
 612     611    -0.017641950
 612     612     1.974500000
 612     613     0.000154053
 613    5620     0.009935296
 613    5621     0.006231432
 613     602    -0.001316054
 613     603    -0.003536026
 613     604     0.001338622
 613     610     0.000501606
 613     611    -0.001005599
 613     612     0.000154053
 613     613     2.032800000
