5620    5620    2.535400002
5620    5621    0.005187325
5620     602    0.000664185
5620     603    0.005822354
5620     604    0.000717754
5620     610    0.000732010
5620     611    0.000960330
5620     612    0.001504296
5620     613    0.004012626
5621    5620    0.005187325
5621    5621    2.293699995
5621     602    0.001034711
5621     603    0.026298206
5621     604    0.031010802
5621     610    0.003933919
5621     611    0.000261671
5621     612    0.006605388
5621     613    0.009544997
 602    5620    0.000664185
 602    5621    0.001034711
 602     602    2.134600000
 602     603    0.007132058
 602     604    0.001435360
 602     610    0.002169442
 602     611    0.000484561
 602     612    0.002431511
 602     613    0.000815362
 603    5620    0.005822354
 603    5621    0.026298206
 603     602    0.007132058
 603     603    2.070700000
 603     604    0.000468594
 603     610    0.002193187
 603     611    0.000355722
 603     612    0.000022132
 603     613    0.004520044
 604    5620    0.000717754
 604    5621    0.031010802
 604     602    0.001435360
 604     603    0.000468594
 604     604    2.083900000
 604     610    0.001919072
 604     611    0.000606325
 604     612    0.000406052
 604     613    0.001200612
 610    5620    0.000732010
 610    5621    0.003933919
 610     602    0.002169442
 610     603    0.002193187
 610     604    0.001919072
 610     610    1.975600000
 610     611    0.006176770
 610     612    0.004358395
 610     613    0.000301356
 611    5620    0.000960330
 611    5621    0.000261671
 611     602    0.000484561
 611     603    0.000355722
 611     604    0.000606325
 611     610    0.006176770
 611     611    2.087300000
 611     612    0.020178800
 611     613    0.000693069
 612    5620    0.001504296
 612    5621    0.006605388
 612     602    0.002431511
 612     603    0.000022132
 612     604    0.000406052
 612     610    0.004358395
 612     611    0.020178800
 612     612    2.012600000
 612     613    0.000052167
 613    5620    0.004012626
 613    5621    0.009544997
 613     602    0.000815362
 613     603    0.004520044
 613     604    0.001200612
 613     610    0.000301356
 613     611    0.000693069
 613     612    0.000052167
 613     613    2.043000000
