5620    5620    2.396700002
5620    5621    0.003595240
5620     602    0.001801627
5620     603    0.006099450
5620     604    0.001600616
5620     610    0.000879025
5620     611    0.000588406
5620     612    0.007889969
5620     613    0.005239827
5621    5620    0.003595240
5621    5621    2.504299995
5621     602    0.001809543
5621     603    0.026309312
5621     604    0.026704397
5621     610    0.002188468
5621     611    0.000200440
5621     612    0.006697235
5621     613    0.007433868
 602    5620    0.001801627
 602    5621    0.001809543
 602     602    1.995200000
 602     603    0.007745849
 602     604    0.001288332
 602     610    0.002596203
 602     611    0.000866715
 602     612    0.002659277
 602     613    0.000265321
 603    5620    0.006099450
 603    5621    0.026309312
 603     602    0.007745849
 603     603    1.971300000
 603     604    0.001053307
 603     610    0.002342734
 603     611    0.000357273
 603     612    0.000291829
 603     613    0.004516243
 604    5620    0.001600616
 604    5621    0.026704397
 604     602    0.001288332
 604     603    0.001053307
 604     604    2.114400000
 604     610    0.001091713
 604     611    0.000682818
 604     612    0.000579576
 604     613    0.001172256
 610    5620    0.000879025
 610    5621    0.002188468
 610     602    0.002596203
 610     603    0.002342734
 610     604    0.001091713
 610     610    1.985400000
 610     611    0.007608587
 610     612    0.006824445
 610     613    0.000491748
 611    5620    0.000588406
 611    5621    0.000200440
 611     602    0.000866715
 611     603    0.000357273
 611     604    0.000682818
 611     610    0.007608587
 611     611    2.027600000
 611     612    0.017860061
 611     613    0.000876383
 612    5620    0.007889969
 612    5621    0.006697235
 612     602    0.002659277
 612     603    0.000291829
 612     604    0.000579576
 612     610    0.006824445
 612     611    0.017860061
 612     612    2.004400000
 612     613    0.000065782
 613    5620    0.005239827
 613    5621    0.007433868
 613     602    0.000265321
 613     603    0.004516243
 613     604    0.001172256
 613     610    0.000491748
 613     611    0.000876383
 613     612    0.000065782
 613     613    2.052900000
