5620    5620    2.294100002
5620    5621    0.004458250
5620     602    0.001435059
5620     603    0.006136090
5620     604    0.002098068
5620     610    0.000517793
5620     611    0.001210429
5620     612    0.009943487
5620     613    0.003873531
5621    5620    0.004458250
5621    5621    2.364999995
5621     602    0.000322002
5621     603    0.029558476
5621     604    0.035916814
5621     610    0.003072382
5621     611    0.000071251
5621     612    0.007712285
5621     613    0.009060936
 602    5620    0.001435059
 602    5621    0.000322002
 602     602    2.069200000
 602     603    0.010177363
 602     604    0.001712851
 602     610    0.002507129
 602     611    0.000674243
 602     612    0.002885103
 602     613    0.000658667
 603    5620    0.006136090
 603    5621    0.029558476
 603     602    0.010177363
 603     603    1.968400000
 603     604    0.001239888
 603     610    0.002331305
 603     611    0.000365671
 603     612    0.000345755
 603     613    0.004222936
 604    5620    0.002098068
 604    5621    0.035916814
 604     602    0.001712851
 604     603    0.001239888
 604     604    2.066200000
 604     610    0.002110577
 604     611    0.000381247
 604     612    0.001730174
 604     613    0.001066597
 610    5620    0.000517793
 610    5621    0.003072382
 610     602    0.002507129
 610     603    0.002331305
 610     604    0.002110577
 610     610    2.037200000
 610     611    0.006374659
 610     612    0.006859816
 610     613    0.000242062
 611    5620    0.001210429
 611    5621    0.000071251
 611     602    0.000674243
 611     603    0.000365671
 611     604    0.000381247
 611     610    0.006374659
 611     611    2.100600000
 611     612    0.018041256
 611     613    0.000651748
 612    5620    0.009943487
 612    5621    0.007712285
 612     602    0.002885103
 612     603    0.000345755
 612     604    0.001730174
 612     610    0.006859816
 612     611    0.018041256
 612     612    1.979200000
 612     613    0.000193186
 613    5620    0.003873531
 613    5621    0.009060936
 613     602    0.000658667
 613     603    0.004222936
 613     604    0.001066597
 613     610    0.000242062
 613     611    0.000651748
 613     612    0.000193186
 613     613    2.097900000
