5620    5620    2.289400002
5620    5621    0.004364109
5620     602    0.000776500
5620     603    0.006349445
5620     604    0.001866805
5620     610    0.006151310
5620     611    0.002972075
5620     612    0.002471161
5620     613    0.006099146
5621    5620    0.004364109
5621    5621    2.174699995
5621     602    0.003491661
5621     603    0.025594008
5621     604    0.035769068
5621     610    0.002075964
5621     611    0.000254245
5621     612    0.007127177
5621     613    0.010276609
 602    5620    0.000776500
 602    5621    0.003491661
 602     602    2.085000000
 602     603    0.008528792
 602     604    0.001525181
 602     610    0.001712548
 602     611    0.000182103
 602     612    0.002728229
 602     613    0.000906723
 603    5620    0.006349445
 603    5621    0.025594008
 603     602    0.008528792
 603     603    2.022700000
 603     604    0.000567045
 603     610    0.002325635
 603     611    0.000310044
 603     612    0.000188764
 603     613    0.004628935
 604    5620    0.001866805
 604    5621    0.035769068
 604     602    0.001525181
 604     603    0.000567045
 604     604    2.017600000
 604     610    0.001296835
 604     611    0.000394947
 604     612    0.001206408
 604     613    0.001021956
 610    5620    0.006151310
 610    5621    0.002075964
 610     602    0.001712548
 610     603    0.002325635
 610     604    0.001296835
 610     610    2.059900000
 610     611    0.007208408
 610     612    0.003860439
 610     613    0.000572869
 611    5620    0.002972075
 611    5621    0.000254245
 611     602    0.000182103
 611     603    0.000310044
 611     604    0.000394947
 611     610    0.007208408
 611     611    2.084000000
 611     612    0.020094183
 611     613    0.000643755
 612    5620    0.002471161
 612    5621    0.007127177
 612     602    0.002728229
 612     603    0.000188764
 612     604    0.001206408
 612     610    0.003860439
 612     611    0.020094183
 612     612    2.077100000
 612     613    0.000250391
 613    5620    0.006099146
 613    5621    0.010276609
 613     602    0.000906723
 613     603    0.004628935
 613     604    0.001021956
 613     610    0.000572869
 613     611    0.000643755
 613     612    0.000250391
 613     613    2.011700000
