5620    5620     2.488100002
5620    5621     0.006306662
5620     602    -0.001224246
5620     603     0.004886450
5620     604    -0.002059353
5620     610     0.012986324
5620     611    -0.003117992
5620     612     0.011712584
5620     613    -0.007401424
5621    5620     0.006306662
5621    5621     2.245099995
5621     602     0.002846678
5621     603     0.014392329
5621     604    -0.027284509
5621     610     0.000566601
5621     611    -0.000461418
5621     612    -0.007716702
5621     613    -0.008307932
 602    5620    -0.001224246
 602    5621     0.002846678
 602     602     2.072800000
 602     603     0.004457759
 602     604     0.001234866
 602     610     0.001237955
 602     611     0.000158947
 602     612     0.002335366
 602     613    -0.000333060
 603    5620     0.004886450
 603    5621     0.014392329
 603     602     0.004457759
 603     603     2.046800000
 603     604    -0.000504636
 603     610    -0.002265300
 603     611    -0.000492943
 603     612    -0.000247178
 603     613    -0.003540940
 604    5620    -0.002059353
 604    5621    -0.027284509
 604     602     0.001234866
 604     603    -0.000504636
 604     604     2.088600000
 604     610     0.000238426
 604     611    -0.000600074
 604     612    -0.000050786
 604     613     0.000945976
 610    5620     0.012986324
 610    5621     0.000566601
 610     602     0.001237955
 610     603    -0.002265300
 610     604     0.000238426
 610     610     2.021500000
 610     611     0.006396741
 610     612    -0.008622865
 610     613     0.000760671
 611    5620    -0.003117992
 611    5621    -0.000461418
 611     602     0.000158947
 611     603    -0.000492943
 611     604    -0.000600074
 611     610     0.006396741
 611     611     2.066100000
 611     612    -0.016294960
 611     613    -0.000738236
 612    5620     0.011712584
 612    5621    -0.007716702
 612     602     0.002335366
 612     603    -0.000247178
 612     604    -0.000050786
 612     610    -0.008622865
 612     611    -0.016294960
 612     612     1.950200000
 612     613    -0.000113690
 613    5620    -0.007401424
 613    5621    -0.008307932
 613     602    -0.000333060
 613     603    -0.003540940
 613     604     0.000945976
 613     610     0.000760671
 613     611    -0.000738236
 613     612    -0.000113690
 613     613     2.010400000
