5620    5620     2.361300002
5620    5621     0.002882040
5620     602     0.001520721
5620     603     0.006650583
5620     604    -0.001664488
5620     610     0.002173907
5620     611    -0.002143519
5620     612     0.000150653
5620     613    -0.005070570
5621    5620     0.002882040
5621    5621     2.171099995
5621     602    -0.006893260
5621     603     0.023255510
5621     604    -0.030010394
5621     610    -0.001703103
5621     611     0.000688216
5621     612     0.007560583
5621     613    -0.009046300
 602    5620     0.001520721
 602    5621    -0.006893260
 602     602     2.024200000
 602     603     0.006101446
 602     604     0.001579815
 602     610     0.002043867
 602     611    -0.000575362
 602     612     0.002433011
 602     613     0.000400056
 603    5620     0.006650583
 603    5621     0.023255510
 603     602     0.006101446
 603     603     2.041700000
 603     604    -0.001069585
 603     610    -0.002273127
 603     611     0.000295467
 603     612    -0.000182635
 603     613    -0.004709179
 604    5620    -0.001664488
 604    5621    -0.030010394
 604     602     0.001579815
 604     603    -0.001069585
 604     604     2.076400000
 604     610     0.001261155
 604     611     0.000449150
 604     612     0.000696421
 604     613    -0.001005264
 610    5620     0.002173907
 610    5621    -0.001703103
 610     602     0.002043867
 610     603    -0.002273127
 610     604     0.001261155
 610     610     2.030400000
 610     611     0.006836264
 610     612    -0.003661270
 610     613     0.000548540
 611    5620    -0.002143519
 611    5621     0.000688216
 611     602    -0.000575362
 611     603     0.000295467
 611     604     0.000449150
 611     610     0.006836264
 611     611     2.033200000
 611     612    -0.015994949
 611     613     0.000793913
 612    5620     0.000150653
 612    5621     0.007560583
 612     602     0.002433011
 612     603    -0.000182635
 612     604     0.000696421
 612     610    -0.003661270
 612     611    -0.015994949
 612     612     2.060600000
 612     613     0.000247669
 613    5620    -0.005070570
 613    5621    -0.009046300
 613     602     0.000400056
 613     603    -0.004709179
 613     604    -0.001005264
 613     610     0.000548540
 613     611     0.000793913
 613     612     0.000247669
 613     613     1.988800000
