5620    5620     2.348800002
5620    5621     0.002046851
5620     602    -0.000462582
5620     603    -0.004473050
5620     604     0.000934003
5620     610     0.005328960
5620     611    -0.003863927
5620     612    -0.016249054
5620     613     0.006882988
5621    5620     0.002046851
5621    5621     2.255899995
5621     602     0.001238781
5621     603    -0.017963065
5621     604    -0.024225123
5621     610    -0.002808306
5621     611     0.000137637
5621     612     0.007128446
5621     613     0.006515184
 602    5620    -0.000462582
 602    5621     0.001238781
 602     602     2.019600000
 602     603    -0.011460674
 602     604    -0.001548469
 602     610     0.001737531
 602     611    -0.000061896
 602     612     0.002704925
 602     613    -0.001693706
 603    5620    -0.004473050
 603    5621    -0.017963065
 603     602    -0.011460674
 603     603     2.065400000
 603     604     0.000862703
 603     610     0.002000295
 603     611    -0.000306040
 603     612    -0.000189832
 603     613     0.003398023
 604    5620     0.000934003
 604    5621    -0.024225123
 604     602    -0.001548469
 604     603     0.000862703
 604     604     2.073100000
 604     610    -0.001962860
 604     611     0.000314130
 604     612    -0.000899451
 604     613     0.000805728
 610    5620     0.005328960
 610    5621    -0.002808306
 610     602     0.001737531
 610     603     0.002000295
 610     604    -0.001962860
 610     610     2.061100000
 610     611     0.006950591
 610     612     0.007351205
 610     613    -0.000476104
 611    5620    -0.003863927
 611    5621     0.000137637
 611     602    -0.000061896
 611     603    -0.000306040
 611     604     0.000314130
 611     610     0.006950591
 611     611     2.025700000
 611     612     0.018721245
 611     613    -0.000846634
 612    5620    -0.016249054
 612    5621     0.007128446
 612     602     0.002704925
 612     603    -0.000189832
 612     604    -0.000899451
 612     610     0.007351205
 612     611     0.018721245
 612     612     2.020400000
 612     613    -0.000200381
 613    5620     0.006882988
 613    5621     0.006515184
 613     602    -0.001693706
 613     603     0.003398023
 613     604     0.000805728
 613     610    -0.000476104
 613     611    -0.000846634
 613     612    -0.000200381
 613     613     2.001400000
