5620    5620    2.348200002
5620    5621    0.004458143
5620     602    0.000397955
5620     603    0.006146052
5620     604    0.003633405
5620     610    0.008143346
5620     611    0.002337833
5620     612    0.017332665
5620     613    0.011998788
5621    5620    0.004458143
5621    5621    2.383499995
5621     602    0.003431439
5621     603    0.018404940
5621     604    0.027235210
5621     610    0.001394370
5621     611    0.000149436
5621     612    0.007643766
5621     613    0.004794583
 602    5620    0.000397955
 602    5621    0.003431439
 602     602    2.097400000
 602     603    0.008311644
 602     604    0.001744591
 602     610    0.001729244
 602     611    0.000360320
 602     612    0.002727111
 602     613    0.000628016
 603    5620    0.006146052
 603    5621    0.018404940
 603     602    0.008311644
 603     603    2.033900000
 603     604    0.000578882
 603     610    0.002151608
 603     611    0.000448512
 603     612    0.000022480
 603     613    0.003363202
 604    5620    0.003633405
 604    5621    0.027235210
 604     602    0.001744591
 604     603    0.000578882
 604     604    2.069400000
 604     610    0.000750446
 604     611    0.000856029
 604     612    0.000671568
 604     613    0.000996772
 610    5620    0.008143346
 610    5621    0.001394370
 610     602    0.001729244
 610     603    0.002151608
 610     604    0.000750446
 610     610    2.059000000
 610     611    0.006865190
 610     612    0.006116938
 610     613    0.000782735
 611    5620    0.002337833
 611    5621    0.000149436
 611     602    0.000360320
 611     603    0.000448512
 611     604    0.000856029
 611     610    0.006865190
 611     611    2.004600000
 611     612    0.017520567
 611     613    0.000854640
 612    5620    0.017332665
 612    5621    0.007643766
 612     602    0.002727111
 612     603    0.000022480
 612     604    0.000671568
 612     610    0.006116938
 612     611    0.017520567
 612     612    2.057800000
 612     613    0.000237765
 613    5620    0.011998788
 613    5621    0.004794583
 613     602    0.000628016
 613     603    0.003363202
 613     604    0.000996772
 613     610    0.000782735
 613     611    0.000854640
 613     612    0.000237765
 613     613    2.004000000
