5620    5620     2.301500002
5620    5621     0.006155334
5620     602    -0.000991027
5620     603     0.005416684
5620     604     0.002288646
5620     610    -0.010288451
5620     611     0.001240068
5620     612     0.018944387
5620     613     0.010368296
5621    5620     0.006155334
5621    5621     2.385199995
5621     602    -0.000490257
5621     603     0.021425455
5621     604     0.033364757
5621     610     0.000541887
5621     611    -0.000667866
5621     612     0.006426891
5621     613    -0.007266204
 602    5620    -0.000991027
 602    5621    -0.000490257
 602     602     2.061700000
 602     603    -0.006255688
 602     604    -0.001481381
 602     610     0.001102572
 602     611    -0.000435702
 602     612     0.002249203
 602     613     0.000442801
 603    5620     0.005416684
 603    5621     0.021425455
 603     602    -0.006255688
 603     603     2.041300000
 603     604    -0.000176841
 603     610     0.002012820
 603     611     0.000693736
 603     612    -0.000095961
 603     613     0.003779200
 604    5620     0.002288646
 604    5621     0.033364757
 604     602    -0.001481381
 604     603    -0.000176841
 604     604     2.063300000
 604     610     0.000206185
 604     611     0.000748361
 604     612     0.000251139
 604     613     0.001068849
 610    5620    -0.010288451
 610    5621     0.000541887
 610     602     0.001102572
 610     603     0.002012820
 610     604     0.000206185
 610     610     2.056200000
 610     611     0.005413977
 610     612    -0.007327597
 610     613    -0.000807428
 611    5620     0.001240068
 611    5621    -0.000667866
 611     602    -0.000435702
 611     603     0.000693736
 611     604     0.000748361
 611     610     0.005413977
 611     611     1.967400000
 611     612    -0.014503565
 611     613     0.001175981
 612    5620     0.018944387
 612    5621     0.006426891
 612     602     0.002249203
 612     603    -0.000095961
 612     604     0.000251139
 612     610    -0.007327597
 612     611    -0.014503565
 612     612     2.063000000
 612     613    -0.000236510
 613    5620     0.010368296
 613    5621    -0.007266204
 613     602     0.000442801
 613     603     0.003779200
 613     604     0.001068849
 613     610    -0.000807428
 613     611     0.001175981
 613     612    -0.000236510
 613     613     1.970600000
