5620    5620     2.331100002
5620    5621     0.004105376
5620     602    -0.000811062
5620     603    -0.005734240
5620     604     0.005240652
5620     610    -0.000276540
5620     611     0.003173803
5620     612     0.012419601
5620     613     0.005235820
5621    5620     0.004105376
5621    5621     2.263899995
5621     602     0.002169009
5621     603    -0.017393785
5621     604    -0.023251097
5621     610     0.003468148
5621     611    -0.000280555
5621     612     0.006483568
5621     613     0.008530114
 602    5620    -0.000811062
 602    5621     0.002169009
 602     602     2.076400000
 602     603     0.008213054
 602     604     0.001355958
 602     610     0.002258749
 602     611     0.000243963
 602     612    -0.002422945
 602     613    -0.000806306
 603    5620    -0.005734240
 603    5621    -0.017393785
 603     602     0.008213054
 603     603     2.082400000
 603     604    -0.000005958
 603     610     0.002075092
 603     611     0.000343114
 603     612    -0.000285194
 603     613    -0.004757992
 604    5620     0.005240652
 604    5621    -0.023251097
 604     602     0.001355958
 604     603    -0.000005958
 604     604     2.088500000
 604     610    -0.001549490
 604     611     0.000891749
 604     612    -0.001575488
 604     613    -0.001278251
 610    5620    -0.000276540
 610    5621     0.003468148
 610     602     0.002258749
 610     603     0.002075092
 610     604    -0.001549490
 610     610     1.990700000
 610     611     0.007157011
 610     612     0.006508476
 610     613    -0.000315056
 611    5620     0.003173803
 611    5621    -0.000280555
 611     602     0.000243963
 611     603     0.000343114
 611     604     0.000891749
 611     610     0.007157011
 611     611     2.019800000
 611     612     0.018682196
 611     613     0.000607637
 612    5620     0.012419601
 612    5621     0.006483568
 612     602    -0.002422945
 612     603    -0.000285194
 612     604    -0.001575488
 612     610     0.006508476
 612     611     0.018682196
 612     612     2.043400000
 612     613    -0.000261823
 613    5620     0.005235820
 613    5621     0.008530114
 613     602    -0.000806306
 613     603    -0.004757992
 613     604    -0.001278251
 613     610    -0.000315056
 613     611     0.000607637
 613     612    -0.000261823
 613     613     1.962700000
