5620    5620     2.252500002
5620    5621     0.005782302
5620     602     0.001138315
5620     603     0.005418952
5620     604    -0.001049126
5620     610    -0.007762642
5620     611     0.002810413
5620     612     0.010355636
5620     613    -0.001273252
5621    5620     0.005782302
5621    5621     2.355999995
5621     602     0.001818345
5621     603     0.022668318
5621     604    -0.031795051
5621     610     0.000380884
5621     611    -0.000568513
5621     612     0.006982587
5621     613    -0.008452068
 602    5620     0.001138315
 602    5621     0.001818345
 602     602     2.027800000
 602     603     0.008695750
 602     604    -0.002079626
 602     610    -0.001454103
 602     611     0.000006693
 602     612    -0.002877701
 602     613     0.001042656
 603    5620     0.005418952
 603    5621     0.022668318
 603     602     0.008695750
 603     603     2.102600000
 603     604     0.001248544
 603     610     0.001830546
 603     611    -0.000173091
 603     612    -0.000099725
 603     613    -0.003643682
 604    5620    -0.001049126
 604    5621    -0.031795051
 604     602    -0.002079626
 604     603     0.001248544
 604     604     2.029900000
 604     610    -0.001203680
 604     611    -0.000583400
 604     612    -0.000523867
 604     613     0.001313226
 610    5620    -0.007762642
 610    5621     0.000380884
 610     602    -0.001454103
 610     603     0.001830546
 610     604    -0.001203680
 610     610     2.061000000
 610     611    -0.006229427
 610     612    -0.007953729
 610     613     0.000354769
 611    5620     0.002810413
 611    5621    -0.000568513
 611     602     0.000006693
 611     603    -0.000173091
 611     604    -0.000583400
 611     610    -0.006229427
 611     611     2.049500000
 611     612     0.018757378
 611     613    -0.000552304
 612    5620     0.010355636
 612    5621     0.006982587
 612     602    -0.002877701
 612     603    -0.000099725
 612     604    -0.000523867
 612     610    -0.007953729
 612     611     0.018757378
 612     612     2.063900000
 612     613     0.000037597
 613    5620    -0.001273252
 613    5621    -0.008452068
 613     602     0.001042656
 613     603    -0.003643682
 613     604     0.001313226
 613     610     0.000354769
 613     611    -0.000552304
 613     612     0.000037597
 613     613     2.020400000
