5620    5620    2.310700002
5620    5621    0.004637638
5620     602    0.002681859
5620     603    0.006653812
5620     604    0.002135200
5620     610    0.001396241
5620     611    0.000460563
5620     612    0.001560188
5620     613    0.004649639
5621    5620    0.004637638
5621    5621    2.478599995
5621     602    0.006025177
5621     603    0.012476481
5621     604    0.026626211
5621     610    0.001686899
5621     611    0.000288485
5621     612    0.005747092
5621     613    0.008778492
 602    5620    0.002681859
 602    5621    0.006025177
 602     602    2.010000000
 602     603    0.003732156
 602     604    0.001452399
 602     610    0.002392938
 602     611    0.001296410
 602     612    0.002143704
 602     613    0.000057001
 603    5620    0.006653812
 603    5621    0.012476481
 603     602    0.003732156
 603     603    1.986200000
 603     604    0.000627624
 603     610    0.002359657
 603     611    0.000782311
 603     612    0.000651393
 603     613    0.005274710
 604    5620    0.002135200
 604    5621    0.026626211
 604     602    0.001452399
 604     603    0.000627624
 604     604    2.022600000
 604     610    0.001568123
 604     611    0.000877136
 604     612    0.000191273
 604     613    0.001481802
 610    5620    0.001396241
 610    5621    0.001686899
 610     602    0.002392938
 610     603    0.002359657
 610     604    0.001568123
 610     610    2.021800000
 610     611    0.006751384
 610     612    0.007314166
 610     613    0.000390250
 611    5620    0.000460563
 611    5621    0.000288485
 611     602    0.001296410
 611     603    0.000782311
 611     604    0.000877136
 611     610    0.006751384
 611     611    1.989800000
 611     612    0.018807802
 611     613    0.001019191
 612    5620    0.001560188
 612    5621    0.005747092
 612     602    0.002143704
 612     603    0.000651393
 612     604    0.000191273
 612     610    0.007314166
 612     611    0.018807802
 612     612    2.034400000
 612     613    0.000254696
 613    5620    0.004649639
 613    5621    0.008778492
 613     602    0.000057001
 613     603    0.005274710
 613     604    0.001481802
 613     610    0.000390250
 613     611    0.001019191
 613     612    0.000254696
 613     613    1.994000000
