5620    5620     2.358200002
5620    5621     0.004322947
5620     602    -0.001217110
5620     603    -0.004793361
5620     604     0.000831661
5620     610     0.000617948
5620     611    -0.001760060
5620     612     0.008400003
5620     613     0.007817377
5621    5620     0.004322947
5621    5621     2.364199995
5621     602    -0.001731112
5621     603    -0.021798781
5621     604     0.028303308
5621     610    -0.003276071
5621     611    -0.000010001
5621     612     0.007131100
5621     613    -0.006089098
 602    5620    -0.001217110
 602    5621    -0.001731112
 602     602     2.048200000
 602     603    -0.007951853
 602     604    -0.001257023
 602     610    -0.002022922
 602     611     0.000752947
 602     612    -0.002630406
 602     613     0.000366035
 603    5620    -0.004793361
 603    5621    -0.021798781
 603     602    -0.007951853
 603     603     2.022700000
 603     604     0.000782726
 603     610    -0.001721844
 603     611    -0.000256797
 603     612     0.000221897
 603     613    -0.002966512
 604    5620     0.000831661
 604    5621     0.028303308
 604     602    -0.001257023
 604     603     0.000782726
 604     604     2.073600000
 604     610    -0.001252016
 604     611    -0.000593276
 604     612    -0.000119134
 604     613     0.000922281
 610    5620     0.000617948
 610    5621    -0.003276071
 610     602    -0.002022922
 610     603    -0.001721844
 610     604    -0.001252016
 610     610     2.111000000
 610     611    -0.006224531
 610     612     0.005226476
 610     613     0.000427743
 611    5620    -0.001760060
 611    5621    -0.000010001
 611     602     0.000752947
 611     603    -0.000256797
 611     604    -0.000593276
 611     610    -0.006224531
 611     611     1.965900000
 611     612     0.018334872
 611     613    -0.000788402
 612    5620     0.008400003
 612    5621     0.007131100
 612     602    -0.002630406
 612     603     0.000221897
 612     604    -0.000119134
 612     610     0.005226476
 612     611     0.018334872
 612     612     2.056500000
 612     613     0.000284602
 613    5620     0.007817377
 613    5621    -0.006089098
 613     602     0.000366035
 613     603    -0.002966512
 613     604     0.000922281
 613     610     0.000427743
 613     611    -0.000788402
 613     612     0.000284602
 613     613     2.015400000
