5620    5620    2.442300002
5620    5621    0.003970969
5620     602    0.000155429
5620     603    0.005933171
5620     604    0.003615461
5620     610    0.000607679
5620     611    0.000516767
5620     612    0.000618091
5620     613    0.008791301
5621    5620    0.003970969
5621    5621    2.220799995
5621     602    0.005962960
5621     603    0.028044279
5621     604    0.036105455
5621     610    0.001366987
5621     611    0.000283794
5621     612    0.005958461
5621     613    0.006621100
 602    5620    0.000155429
 602    5621    0.005962960
 602     602    2.055400000
 602     603    0.008868079
 602     604    0.001956124
 602     610    0.001257237
 602     611    0.000278904
 602     612    0.002357031
 602     613    0.001023509
 603    5620    0.005933171
 603    5621    0.028044279
 603     602    0.008868079
 603     603    2.005800000
 603     604    0.001145662
 603     610    0.001938773
 603     611    0.000345823
 603     612    0.000100386
 603     613    0.003797239
 604    5620    0.003615461
 604    5621    0.036105455
 604     602    0.001956124
 604     603    0.001145662
 604     604    1.974400000
 604     610    0.001536891
 604     611    0.000213019
 604     612    0.001508135
 604     613    0.000734877
 610    5620    0.000607679
 610    5621    0.001366987
 610     602    0.001257237
 610     603    0.001938773
 610     604    0.001536891
 610     610    2.059900000
 610     611    0.005898076
 610     612    0.003712716
 610     613    0.000663412
 611    5620    0.000516767
 611    5621    0.000283794
 611     602    0.000278904
 611     603    0.000345823
 611     604    0.000213019
 611     610    0.005898076
 611     611    2.080800000
 611     612    0.012628174
 611     613    0.000769906
 612    5620    0.000618091
 612    5621    0.005958461
 612     602    0.002357031
 612     603    0.000100386
 612     604    0.001508135
 612     610    0.003712716
 612     611    0.012628174
 612     612    2.069200000
 612     613    0.000467126
 613    5620    0.008791301
 613    5621    0.006621100
 613     602    0.001023509
 613     603    0.003797239
 613     604    0.000734877
 613     610    0.000663412
 613     611    0.000769906
 613     612    0.000467126
 613     613    2.010600000
