5620    5620     2.490700002
5620    5621     0.005741485
5620     602    -0.002151058
5620     603     0.006062591
5620     604    -0.001123341
5620     610     0.000884633
5620     611    -0.003334680
5620     612    -0.010979562
5620     613    -0.004798195
5621    5620     0.005741485
5621    5621     2.350799995
5621     602     0.001745590
5621     603     0.018745118
5621     604     0.031215947
5621     610     0.002618664
5621     611    -0.000597496
5621     612     0.006477044
5621     613     0.008350685
 602    5620    -0.002151058
 602    5621     0.001745590
 602     602     2.003200000
 602     603    -0.003521135
 602     604     0.001402909
 602     610     0.002266230
 602     611    -0.000241566
 602     612     0.002427916
 602     613    -0.000073192
 603    5620     0.006062591
 603    5621     0.018745118
 603     602    -0.003521135
 603     603     2.032700000
 603     604    -0.000235216
 603     610     0.002167081
 603     611     0.000073519
 603     612     0.000130591
 603     613    -0.004847197
 604    5620    -0.001123341
 604    5621     0.031215947
 604     602     0.001402909
 604     603    -0.000235216
 604     604     2.076900000
 604     610    -0.001630247
 604     611     0.000559362
 604     612     0.000015599
 604     613     0.001238674
 610    5620     0.000884633
 610    5621     0.002618664
 610     602     0.002266230
 610     603     0.002167081
 610     604    -0.001630247
 610     610     2.065900000
 610     611     0.006578402
 610     612     0.008063219
 610     613    -0.000386065
 611    5620    -0.003334680
 611    5621    -0.000597496
 611     602    -0.000241566
 611     603     0.000073519
 611     604     0.000559362
 611     610     0.006578402
 611     611     2.165400000
 611     612     0.016996342
 611     613     0.000484755
 612    5620    -0.010979562
 612    5621     0.006477044
 612     602     0.002427916
 612     603     0.000130591
 612     604     0.000015599
 612     610     0.008063219
 612     611     0.016996342
 612     612     2.118200000
 612     613    -0.000106602
 613    5620    -0.004798195
 613    5621     0.008350685
 613     602    -0.000073192
 613     603    -0.004847197
 613     604     0.001238674
 613     610    -0.000386065
 613     611     0.000484755
 613     612    -0.000106602
 613     613     2.037900000
