5620    5620     2.327500002
5620    5621     0.003689293
5620     602    -0.001554761
5620     603    -0.005304184
5620     604    -0.001280419
5620     610     0.003436477
5620     611    -0.000080435
5620     612     0.003518059
5620     613    -0.001569987
5621    5620     0.003689293
5621    5621     2.536599995
5621     602     0.007129115
5621     603     0.016074460
5621     604    -0.024809881
5621     610     0.001725434
5621     611     0.000046649
5621     612     0.006308948
5621     613     0.006571413
 602    5620    -0.001554761
 602    5621     0.007129115
 602     602     2.015500000
 602     603    -0.009020540
 602     604    -0.001543994
 602     610    -0.002123603
 602     611    -0.001073770
 602     612    -0.002453731
 602     613    -0.000433740
 603    5620    -0.005304184
 603    5621     0.016074460
 603     602    -0.009020540
 603     603     2.107100000
 603     604     0.000634711
 603     610    -0.002007779
 603     611    -0.000545109
 603     612     0.000011514
 603     613    -0.003231960
 604    5620    -0.001280419
 604    5621    -0.024809881
 604     602    -0.001543994
 604     603     0.000634711
 604     604     2.053900000
 604     610     0.001454853
 604     611    -0.000657196
 604     612    -0.000480609
 604     613    -0.001077456
 610    5620     0.003436477
 610    5621     0.001725434
 610     602    -0.002123603
 610     603    -0.002007779
 610     604     0.001454853
 610     610     2.046700000
 610     611     0.006796519
 610     612     0.005903194
 610     613     0.000289633
 611    5620    -0.000080435
 611    5621     0.000046649
 611     602    -0.001073770
 611     603    -0.000545109
 611     604    -0.000657196
 611     610     0.006796519
 611     611     2.049100000
 611     612    -0.016085424
 611     613     0.000705033
 612    5620     0.003518059
 612    5621     0.006308948
 612     602    -0.002453731
 612     603     0.000011514
 612     604    -0.000480609
 612     610     0.005903194
 612     611    -0.016085424
 612     612     2.075700000
 612     613    -0.000105166
 613    5620    -0.001569987
 613    5621     0.006571413
 613     602    -0.000433740
 613     603    -0.003231960
 613     604    -0.001077456
 613     610     0.000289633
 613     611     0.000705033
 613     612    -0.000105166
 613     613     2.069600000
