5620    5620     2.432900002
5620    5621    -0.005618638
5620     602     0.002639001
5620     603     0.005764153
5620     604     0.001117558
5620     610     0.007222413
5620     611     0.003117593
5620     612    -0.012403911
5620     613    -0.007023103
5621    5620    -0.005618638
5621    5621     2.474399995
5621     602    -0.000759650
5621     603     0.031016622
5621     604    -0.030397175
5621     610    -0.000254396
5621     611     0.000301028
5621     612    -0.006596072
5621     613    -0.008165914
 602    5620     0.002639001
 602    5621    -0.000759650
 602     602     1.999800000
 602     603     0.010056433
 602     604    -0.001327907
 602     610     0.002202294
 602     611     0.000835309
 602     612     0.002800288
 602     613    -0.000247618
 603    5620     0.005764153
 603    5621     0.031016622
 603     602     0.010056433
 603     603     2.050400000
 603     604    -0.001276831
 603     610     0.002154508
 603     611    -0.000122629
 603     612    -0.000391086
 603     613     0.004103467
 604    5620     0.001117558
 604    5621    -0.030397175
 604     602    -0.001327907
 604     603    -0.001276831
 604     604     2.030200000
 604     610     0.000324891
 604     611     0.000521291
 604     612    -0.000159596
 604     613     0.001063033
 610    5620     0.007222413
 610    5621    -0.000254396
 610     602     0.002202294
 610     603     0.002154508
 610     604     0.000324891
 610     610     2.171100000
 610     611    -0.005623929
 610     612    -0.007731568
 610     613     0.000698478
 611    5620     0.003117593
 611    5621     0.000301028
 611     602     0.000835309
 611     603    -0.000122629
 611     604     0.000521291
 611     610    -0.005623929
 611     611     2.110400000
 611     612    -0.016034370
 611     613     0.000482106
 612    5620    -0.012403911
 612    5621    -0.006596072
 612     602     0.002800288
 612     603    -0.000391086
 612     604    -0.000159596
 612     610    -0.007731568
 612     611    -0.016034370
 612     612     2.031000000
 612     613    -0.000011487
 613    5620    -0.007023103
 613    5621    -0.008165914
 613     602    -0.000247618
 613     603     0.004103467
 613     604     0.001063033
 613     610     0.000698478
 613     611     0.000482106
 613     612    -0.000011487
 613     613     2.030700000
