5620    5620     2.383600002
5620    5621     0.006090865
5620     602     0.002615424
5620     603    -0.005589791
5620     604    -0.001373961
5620     610    -0.005986528
5620     611     0.000821134
5620     612     0.010014042
5620     613     0.005713924
5621    5620     0.006090865
5621    5621     2.286499995
5621     602     0.004132016
5621     603     0.022962927
5621     604    -0.028779666
5621     610     0.001872413
5621     611    -0.000365544
5621     612    -0.007228469
5621     613     0.009899461
 602    5620     0.002615424
 602    5621     0.004132016
 602     602     2.009700000
 602     603    -0.005323227
 602     604    -0.001181334
 602     610    -0.002052017
 602     611     0.000947582
 602     612    -0.002518282
 602     613     0.000274121
 603    5620    -0.005589791
 603    5621     0.022962927
 603     602    -0.005323227
 603     603     2.064900000
 603     604     0.000590673
 603     610     0.001964785
 603     611    -0.000571063
 603     612     0.000032236
 603     613    -0.004514301
 604    5620    -0.001373961
 604    5621    -0.028779666
 604     602    -0.001181334
 604     603     0.000590673
 604     604     2.109800000
 604     610     0.001093021
 604     611    -0.000558952
 604     612    -0.000153522
 604     613    -0.001144677
 610    5620    -0.005986528
 610    5621     0.001872413
 610     602    -0.002052017
 610     603     0.001964785
 610     604     0.001093021
 610     610     2.063300000
 610     611    -0.005541849
 610     612     0.004917422
 610     613    -0.000445793
 611    5620     0.000821134
 611    5621    -0.000365544
 611     602     0.000947582
 611     603    -0.000571063
 611     604    -0.000558952
 611     610    -0.005541849
 611     611     2.076000000
 611     612    -0.017272641
 611     613    -0.001013445
 612    5620     0.010014042
 612    5621    -0.007228469
 612     602    -0.002518282
 612     603     0.000032236
 612     604    -0.000153522
 612     610     0.004917422
 612     611    -0.017272641
 612     612     2.006400000
 612     613     0.000167023
 613    5620     0.005713924
 613    5621     0.009899461
 613     602     0.000274121
 613     603    -0.004514301
 613     604    -0.001144677
 613     610    -0.000445793
 613     611    -0.001013445
 613     612     0.000167023
 613     613     1.951700000
