5620    5620     2.434500002
5620    5621     0.004059056
5620     602    -0.000067268
5620     603     0.006670532
5620     604     0.000947780
5620     610    -0.005209408
5620     611    -0.001366396
5620     612     0.007614623
5620     613     0.008808694
5621    5620     0.004059056
5621    5621     2.151899995
5621     602     0.004434540
5621     603     0.026728509
5621     604     0.029874375
5621     610     0.000946163
5621     611    -0.000462098
5621     612     0.006626645
5621     613     0.007557787
 602    5620    -0.000067268
 602    5621     0.004434540
 602     602     2.075900000
 602     603    -0.008332367
 602     604    -0.001533118
 602     610     0.001065466
 602     611     0.000390016
 602     612     0.002574983
 602     613     0.000899460
 603    5620     0.006670532
 603    5621     0.026728509
 603     602    -0.008332367
 603     603     2.066100000
 603     604    -0.000192932
 603     610     0.002360617
 603     611    -0.000704336
 603     612     0.000226717
 603     613    -0.003667584
 604    5620     0.000947780
 604    5621     0.029874375
 604     602    -0.001533118
 604     603    -0.000192932
 604     604     2.073800000
 604     610     0.000445390
 604     611    -0.000430579
 604     612    -0.000571354
 604     613     0.000800037
 610    5620    -0.005209408
 610    5621     0.000946163
 610     602     0.001065466
 610     603     0.002360617
 610     604     0.000445390
 610     610     2.066800000
 610     611    -0.006374505
 610     612     0.004681912
 610     613    -0.000732920
 611    5620    -0.001366396
 611    5621    -0.000462098
 611     602     0.000390016
 611     603    -0.000704336
 611     604    -0.000430579
 611     610    -0.006374505
 611     611     2.102300000
 611     612    -0.014904342
 611     613    -0.001034305
 612    5620     0.007614623
 612    5621     0.006626645
 612     602     0.002574983
 612     603     0.000226717
 612     604    -0.000571354
 612     610     0.004681912
 612     611    -0.014904342
 612     612     2.066500000
 612     613    -0.000306128
 613    5620     0.008808694
 613    5621     0.007557787
 613     602     0.000899460
 613     603    -0.003667584
 613     604     0.000800037
 613     610    -0.000732920
 613     611    -0.001034305
 613     612    -0.000306128
 613     613     2.055300000
