5620    5620    2.358400002
5620    5621    0.006534725
5620     602    0.001744567
5620     603    0.005066192
5620     604    0.004001486
5620     610    0.002396236
5620     611    0.004096640
5620     612    0.017766156
5620     613    0.009184531
5621    5620    0.006534725
5621    5621    2.199499995
5621     602    0.003727187
5621     603    0.026769449
5621     604    0.028089256
5621     610    0.003711038
5621     611    0.000667741
5621     612    0.007745613
5621     613    0.007261537
 602    5620    0.001744567
 602    5621    0.003727187
 602     602    2.014700000
 602     603    0.008314847
 602     604    0.001499269
 602     610    0.002597978
 602     611    0.000306979
 602     612    0.002723358
 602     613    0.000038652
 603    5620    0.005066192
 603    5621    0.026769449
 603     602    0.008314847
 603     603    2.093500000
 603     604    0.000891941
 603     610    0.002187759
 603     611    0.000304712
 603     612    0.000175103
 603     613    0.003123149
 604    5620    0.004001486
 604    5621    0.028089256
 604     602    0.001499269
 604     603    0.000891941
 604     604    2.090500000
 604     610    0.001906169
 604     611    0.000704450
 604     612    0.000509454
 604     613    0.000867218
 610    5620    0.002396236
 610    5621    0.003711038
 610     602    0.002597978
 610     603    0.002187759
 610     604    0.001906169
 610     610    2.051200000
 610     611    0.006169699
 610     612    0.006178408
 610     613    0.000455209
 611    5620    0.004096640
 611    5621    0.000667741
 611     602    0.000306979
 611     603    0.000304712
 611     604    0.000704450
 611     610    0.006169699
 611     611    2.105200000
 611     612    0.019897216
 611     613    0.000542472
 612    5620    0.017766156
 612    5621    0.007745613
 612     602    0.002723358
 612     603    0.000175103
 612     604    0.000509454
 612     610    0.006178408
 612     611    0.019897216
 612     612    2.039400000
 612     613    0.000113312
 613    5620    0.009184531
 613    5621    0.007261537
 613     602    0.000038652
 613     603    0.003123149
 613     604    0.000867218
 613     610    0.000455209
 613     611    0.000542472
 613     612    0.000113312
 613     613    1.972900000
