5620    5620    2.357200002
5620    5621    0.009310505
5620     602    0.000023368
5620     603    0.005388257
5620     604    0.000824696
5620     610    0.009113965
5620     611    0.004229637
5620     612    0.016372702
5620     613    0.011117870
5621    5620    0.009310505
5621    5621    2.439599995
5621     602    0.006983765
5621     603    0.015249737
5621     604    0.030271563
5621     610    0.001689321
5621     611    0.000489759
5621     612    0.006743609
5621     613    0.006868880
 602    5620    0.000023368
 602    5621    0.006983765
 602     602    2.073100000
 602     603    0.005431292
 602     604    0.001784635
 602     610    0.001395769
 602     611    0.000279046
 602     612    0.002569732
 602     613    0.001127675
 603    5620    0.005388257
 603    5621    0.015249737
 603     602    0.005431292
 603     603    2.100100000
 603     604    0.000357658
 603     610    0.001832991
 603     611    0.000163276
 603     612    0.000427251
 603     613    0.003201472
 604    5620    0.000824696
 604    5621    0.030271563
 604     602    0.001784635
 604     603    0.000357658
 604     604    2.052300000
 604     610    0.001531431
 604     611    0.000477481
 604     612    0.000574881
 604     613    0.000763285
 610    5620    0.009113965
 610    5621    0.001689321
 610     602    0.001395769
 610     603    0.001832991
 610     604    0.001531431
 610     610    2.046100000
 610     611    0.006196922
 610     612    0.002733498
 610     613    0.000632432
 611    5620    0.004229637
 611    5621    0.000489759
 611     602    0.000279046
 611     603    0.000163276
 611     604    0.000477481
 611     610    0.006196922
 611     611    2.082000000
 611     612    0.019133959
 611     613    0.000527693
 612    5620    0.016372702
 612    5621    0.006743609
 612     602    0.002569732
 612     603    0.000427251
 612     604    0.000574881
 612     610    0.002733498
 612     611    0.019133959
 612     612    2.127200000
 612     613    0.000477544
 613    5620    0.011117870
 613    5621    0.006868880
 613     602    0.001127675
 613     603    0.003201472
 613     604    0.000763285
 613     610    0.000632432
 613     611    0.000527693
 613     612    0.000477544
 613     613    1.948200000
