5620    5620    2.483600002
5620    5621    0.006794395
5620     602    0.001235114
5620     603    0.005302259
5620     604    0.002186320
5620     610    0.002682594
5620     611    0.002520292
5620     612    0.008401113
5620     613    0.006214580
5621    5620    0.006794395
5621    5621    2.243999995
5621     602    0.002235220
5621     603    0.023097686
5621     604    0.032304857
5621     610    0.002380433
5621     611    0.000589416
5621     612    0.007810467
5621     613    0.008702034
 602    5620    0.001235114
 602    5621    0.002235220
 602     602    2.064700000
 602     603    0.008630046
 602     604    0.001581359
 602     610    0.001905282
 602     611    0.000121149
 602     612    0.002525709
 602     613    0.000436176
 603    5620    0.005302259
 603    5621    0.023097686
 603     602    0.008630046
 603     603    2.039600000
 603     604    0.000368588
 603     610    0.002225389
 603     611    0.000283890
 603     612    0.000075768
 603     613    0.003526410
 604    5620    0.002186320
 604    5621    0.032304857
 604     602    0.001581359
 604     603    0.000368588
 604     604    2.059700000
 604     610    0.001323372
 604     611    0.000557784
 604     612    0.000108551
 604     613    0.000985622
 610    5620    0.002682594
 610    5621    0.002380433
 610     602    0.001905282
 610     603    0.002225389
 610     604    0.001323372
 610     610    2.046800000
 610     611    0.006683691
 610     612    0.005090341
 610     613    0.000578440
 611    5620    0.002520292
 611    5621    0.000589416
 611     602    0.000121149
 611     603    0.000283890
 611     604    0.000557784
 611     610    0.006683691
 611     611    2.063200000
 611     612    0.017440985
 611     613    0.000488869
 612    5620    0.008401113
 612    5621    0.007810467
 612     602    0.002525709
 612     603    0.000075768
 612     604    0.000108551
 612     610    0.005090341
 612     611    0.017440985
 612     612    2.008200000
 612     613    0.000051010
 613    5620    0.006214580
 613    5621    0.008702034
 613     602    0.000436176
 613     603    0.003526410
 613     604    0.000985622
 613     610    0.000578440
 613     611    0.000488869
 613     612    0.000051010
 613     613    2.084400000
