5620    5620     2.249600002
5620    5621     0.007023673
5620     602    -0.000054795
5620     603     0.007018775
5620     604    -0.001021502
5620     610    -0.010322756
5620     611     0.004450537
5620     612     0.018166402
5620     613     0.006589628
5621    5620     0.007023673
5621    5621     2.250299995
5621     602     0.001020751
5621     603     0.029568243
5621     604     0.033360531
5621     610     0.001678911
5621     611    -0.000664476
5621     612     0.007738848
5621     613    -0.008615261
 602    5620    -0.000054795
 602    5621     0.001020751
 602     602     2.080300000
 602     603     0.008940473
 602     604    -0.001552420
 602     610    -0.001278092
 602     611     0.000076575
 602     612     0.002305065
 602     613    -0.001315305
 603    5620     0.007018775
 603    5621     0.029568243
 603     602     0.008940473
 603     603     1.867200000
 603     604     0.000769491
 603     610     0.002873437
 603     611     0.000223380
 603     612    -0.000049358
 603     613    -0.005140370
 604    5620    -0.001021502
 604    5621     0.033360531
 604     602    -0.001552420
 604     603     0.000769491
 604     604     2.006600000
 604     610    -0.001117090
 604     611     0.000394359
 604     612    -0.000569144
 604     613    -0.001101190
 610    5620    -0.010322756
 610    5621     0.001678911
 610     602    -0.001278092
 610     603     0.002873437
 610     604    -0.001117090
 610     610     1.999700000
 610     611    -0.007096085
 610     612     0.008927220
 610     613    -0.000712165
 611    5620     0.004450537
 611    5621    -0.000664476
 611     602     0.000076575
 611     603     0.000223380
 611     604     0.000394359
 611     610    -0.007096085
 611     611     2.095400000
 611     612    -0.018491071
 611     613     0.000612041
 612    5620     0.018166402
 612    5621     0.007738848
 612     602     0.002305065
 612     603    -0.000049358
 612     604    -0.000569144
 612     610     0.008927220
 612     611    -0.018491071
 612     612     1.988600000
 612     613     0.000114878
 613    5620     0.006589628
 613    5621    -0.008615261
 613     602    -0.001315305
 613     603    -0.005140370
 613     604    -0.001101190
 613     610    -0.000712165
 613     611     0.000612041
 613     612     0.000114878
 613     613     1.976500000
