5620    5620    2.296300002
5620    5621    0.004308408
5620     602    0.000241840
5620     603    0.007338074
5620     604    0.000730321
5620     610    0.004020771
5620     611    0.001409594
5620     612    0.011412179
5620     613    0.004059664
5621    5620    0.004308408
5621    5621    2.545299995
5621     602    0.002393934
5621     603    0.022269663
5621     604    0.025188060
5621     610    0.001135058
5621     611    0.000102405
5621     612    0.006262470
5621     613    0.009602897
 602    5620    0.000241840
 602    5621    0.002393934
 602     602    2.081700000
 602     603    0.008039426
 602     604    0.001521190
 602     610    0.001372549
 602     611    0.000297035
 602     612    0.002726608
 602     613    0.001437417
 603    5620    0.007338074
 603    5621    0.022269663
 603     602    0.008039426
 603     603    1.950000000
 603     604    0.000052013
 603     610    0.002133659
 603     611    0.000465547
 603     612    0.000392126
 603     613    0.005781711
 604    5620    0.000730321
 604    5621    0.025188060
 604     602    0.001521190
 604     603    0.000052013
 604     604    2.104700000
 604     610    0.000748051
 604     611    0.000363374
 604     612    0.000504601
 604     613    0.001044310
 610    5620    0.004020771
 610    5621    0.001135058
 610     602    0.001372549
 610     603    0.002133659
 610     604    0.000748051
 610     610    2.079400000
 610     611    0.004836963
 610     612    0.003434115
 610     613    0.000363690
 611    5620    0.001409594
 611    5621    0.000102405
 611     602    0.000297035
 611     603    0.000465547
 611     604    0.000363374
 611     610    0.004836963
 611     611    2.121900000
 611     612    0.015803741
 611     613    0.000727242
 612    5620    0.011412179
 612    5621    0.006262470
 612     602    0.002726608
 612     603    0.000392126
 612     604    0.000504601
 612     610    0.003434115
 612     611    0.015803741
 612     612    2.066300000
 612     613    0.000124724
 613    5620    0.004059664
 613    5621    0.009602897
 613     602    0.001437417
 613     603    0.005781711
 613     604    0.001044310
 613     610    0.000363690
 613     611    0.000727242
 613     612    0.000124724
 613     613    1.972900000
