5620    5620    2.291700002
5620    5621    0.003232406
5620     602    0.000168709
5620     603    0.005737341
5620     604    0.001917068
5620     610    0.006328303
5620     611    0.001452764
5620     612    0.013047050
5620     613    0.008227780
5621    5620    0.003232406
5621    5621    2.376099995
5621     602    0.001735319
5621     603    0.022384425
5621     604    0.032965048
5621     610    0.000777904
5621     611    0.000320307
5621     612    0.006782855
5621     613    0.006544737
 602    5620    0.000168709
 602    5621    0.001735319
 602     602    2.115300000
 602     603    0.009181008
 602     604    0.001835048
 602     610    0.001058643
 602     611    0.000504696
 602     612    0.002413967
 602     613    0.001096694
 603    5620    0.005737341
 603    5621    0.022384425
 603     602    0.009181008
 603     603    1.981900000
 603     604    0.000491255
 603     610    0.001940789
 603     611    0.000524681
 603     612    0.000070858
 603     613    0.003973425
 604    5620    0.001917068
 604    5621    0.032965048
 604     602    0.001835048
 604     603    0.000491255
 604     604    1.974700000
 604     610    0.000839410
 604     611    0.000424019
 604     612    0.001547625
 604     613    0.001071593
 610    5620    0.006328303
 610    5621    0.000777904
 610     602    0.001058643
 610     603    0.001940789
 610     604    0.000839410
 610     610    2.119100000
 610     611    0.005895919
 610     612    0.003980012
 610     613    0.000615007
 611    5620    0.001452764
 611    5621    0.000320307
 611     602    0.000504696
 611     603    0.000524681
 611     604    0.000424019
 611     610    0.005895919
 611     611    2.018200000
 611     612    0.017979821
 611     613    0.000995002
 612    5620    0.013047050
 612    5621    0.006782855
 612     602    0.002413967
 612     603    0.000070858
 612     604    0.001547625
 612     610    0.003980012
 612     611    0.017979821
 612     612    2.015200000
 612     613    0.000184891
 613    5620    0.008227780
 613    5621    0.006544737
 613     602    0.001096694
 613     603    0.003973425
 613     604    0.001071593
 613     610    0.000615007
 613     611    0.000995002
 613     612    0.000184891
 613     613    1.980200000
