5620    5620    2.442700002
5620    5621    0.005037787
5620     602    0.000616737
5620     603    0.006646372
5620     604    0.001086144
5620     610    0.002136572
5620     611    0.000115942
5620     612    0.001227642
5620     613    0.006177110
5621    5620    0.005037787
5621    5621    2.239999995
5621     602    0.004712880
5621     603    0.020054914
5621     604    0.030641027
5621     610    0.001898004
5621     611    0.000218797
5621     612    0.006404312
5621     613    0.008557382
 602    5620    0.000616737
 602    5621    0.004712880
 602     602    2.023300000
 602     603    0.007744824
 602     604    0.001642600
 602     610    0.001270033
 602     611    0.000328779
 602     612    0.002711143
 602     613    0.001731633
 603    5620    0.006646372
 603    5621    0.020054914
 603     602    0.007744824
 603     603    2.059700000
 603     604    0.000296989
 603     610    0.002377153
 603     611    0.000504212
 603     612    0.000422789
 603     613    0.004906753
 604    5620    0.001086144
 604    5621    0.030641027
 604     602    0.001642600
 604     603    0.000296989
 604     604    2.038200000
 604     610    0.001334527
 604     611    0.000403725
 604     612    0.000419198
 604     613    0.001014263
 610    5620    0.002136572
 610    5621    0.001898004
 610     602    0.001270033
 610     603    0.002377153
 610     604    0.001334527
 610     610    1.973000000
 610     611    0.005928661
 610     612    0.005898870
 610     613    0.000543874
 611    5620    0.000115942
 611    5621    0.000218797
 611     602    0.000328779
 611     603    0.000504212
 611     604    0.000403725
 611     610    0.005928661
 611     611    2.061900000
 611     612    0.017722631
 611     613    0.000829553
 612    5620    0.001227642
 612    5621    0.006404312
 612     602    0.002711143
 612     603    0.000422789
 612     604    0.000419198
 612     610    0.005898870
 612     611    0.017722631
 612     612    2.070300000
 612     613    0.000394492
 613    5620    0.006177110
 613    5621    0.008557382
 613     602    0.001731633
 613     603    0.004906753
 613     604    0.001014263
 613     610    0.000543874
 613     611    0.000829553
 613     612    0.000394492
 613     613    1.995600000
