5620    5620    2.363100002
5620    5621    0.003003157
5620     602    0.001548938
5620     603    0.005073570
5620     604    0.001008447
5620     610    0.002823007
5620     611    0.003470030
5620     612    0.002220904
5620     613    0.009117398
5621    5620    0.003003157
5621    5621    2.372999995
5621     602    0.000523010
5621     603    0.020225235
5621     604    0.031686632
5621     610    0.001056529
5621     611    0.000281781
5621     612    0.005906523
5621     613    0.005591237
 602    5620    0.001548938
 602    5621    0.000523010
 602     602    2.072300000
 602     603    0.006023129
 602     604    0.001631700
 602     610    0.001817529
 602     611    0.000290197
 602     612    0.002600230
 602     613    0.000212466
 603    5620    0.005073570
 603    5621    0.020225235
 603     602    0.006023129
 603     603    2.011000000
 603     604    0.000419827
 603     610    0.001790585
 603     611    0.000305866
 603     612    0.000300313
 603     613    0.003214800
 604    5620    0.001008447
 604    5621    0.031686632
 604     602    0.001631700
 604     603    0.000419827
 604     604    2.061400000
 604     610    0.001478705
 604     611    0.000272843
 604     612    0.001200041
 604     613    0.000712662
 610    5620    0.002823007
 610    5621    0.001056529
 610     602    0.001817529
 610     603    0.001790585
 610     604    0.001478705
 610     610    1.986600000
 610     611    0.006700375
 610     612    0.007170824
 610     613    0.000700176
 611    5620    0.003470030
 611    5621    0.000281781
 611     602    0.000290197
 611     603    0.000305866
 611     604    0.000272843
 611     610    0.006700375
 611     611    2.071900000
 611     612    0.022041769
 611     613    0.000701212
 612    5620    0.002220904
 612    5621    0.005906523
 612     602    0.002600230
 612     603    0.000300313
 612     604    0.001200041
 612     610    0.007170824
 612     611    0.022041769
 612     612    2.052400000
 612     613    0.000652452
 613    5620    0.009117398
 613    5621    0.005591237
 613     602    0.000212466
 613     603    0.003214800
 613     604    0.000712662
 613     610    0.000700176
 613     611    0.000701212
 613     612    0.000652452
 613     613    2.008700000
