5620    5620    2.206200002
5620    5621    0.002711149
5620     602    0.000908102
5620     603    0.005767462
5620     604    0.003482493
5620     610    0.003822611
5620     611    0.001809454
5620     612    0.013971708
5620     613    0.004947719
5621    5620    0.002711149
5621    5621    2.276999995
5621     602    0.003663711
5621     603    0.028697842
5621     604    0.028270507
5621     610    0.002632252
5621     611    0.000419165
5621     612    0.005745177
5621     613    0.005906245
 602    5620    0.000908102
 602    5621    0.003663711
 602     602    1.980600000
 602     603    0.013358850
 602     604    0.001600825
 602     610    0.002035676
 602     611    0.000311868
 602     612    0.002163635
 602     613    0.000664613
 603    5620    0.005767462
 603    5621    0.028697842
 603     602    0.013358850
 603     603    1.972500000
 603     604    0.001922350
 603     610    0.002183788
 603     611    0.000347469
 603     612    0.000360807
 603     613    0.003513200
 604    5620    0.003482493
 604    5621    0.028270507
 604     602    0.001600825
 604     603    0.001922350
 604     604    2.061000000
 604     610    0.001898157
 604     611    0.000152130
 604     612    0.001581891
 604     613    0.000750509
 610    5620    0.003822611
 610    5621    0.002632252
 610     602    0.002035676
 610     603    0.002183788
 610     604    0.001898157
 610     610    2.020600000
 610     611    0.005992709
 610     612    0.005147150
 610     613    0.000406617
 611    5620    0.001809454
 611    5621    0.000419165
 611     602    0.000311868
 611     603    0.000347469
 611     604    0.000152130
 611     610    0.005992709
 611     611    2.048400000
 611     612    0.012323336
 611     613    0.000767914
 612    5620    0.013971708
 612    5621    0.005745177
 612     602    0.002163635
 612     603    0.000360807
 612     604    0.001581891
 612     610    0.005147150
 612     611    0.012323336
 612     612    2.026600000
 612     613    0.000017386
 613    5620    0.004947719
 613    5621    0.005906245
 613     602    0.000664613
 613     603    0.003513200
 613     604    0.000750509
 613     610    0.000406617
 613     611    0.000767914
 613     612    0.000017386
 613     613    2.065300000
