5620    5620     2.300900002
5620    5621    -0.004403984
5620     602     0.001940993
5620     603     0.005835629
5620     604     0.000954317
5620     610    -0.008562742
5620     611     0.001882287
5620     612    -0.020643959
5620     613    -0.004840034
5621    5620    -0.004403984
5621    5621     2.456399995
5621     602     0.005336138
5621     603     0.022505375
5621     604    -0.035666188
5621     610     0.000987004
5621     611    -0.000308005
5621     612     0.006119428
5621     613     0.007751520
 602    5620     0.001940993
 602    5621     0.005336138
 602     602     2.039700000
 602     603    -0.006215247
 602     604    -0.001749951
 602     610    -0.001947755
 602     611    -0.000123318
 602     612    -0.002548393
 602     613    -0.000130051
 603    5620     0.005835629
 603    5621     0.022505375
 603     602    -0.006215247
 603     603     2.066700000
 603     604    -0.000427961
 603     610     0.002182418
 603     611    -0.000609592
 603     612     0.000274403
 603     613    -0.003968071
 604    5620     0.000954317
 604    5621    -0.035666188
 604     602    -0.001749951
 604     603    -0.000427961
 604     604     1.980500000
 604     610     0.001084115
 604     611     0.000539918
 604     612     0.000550964
 604     613    -0.001077849
 610    5620    -0.008562742
 610    5621     0.000987004
 610     602    -0.001947755
 610     603     0.002182418
 610     604     0.001084115
 610     610     1.992600000
 610     611    -0.006788728
 610     612     0.012309574
 610     613     0.000523104
 611    5620     0.001882287
 611    5621    -0.000308005
 611     602    -0.000123318
 611     603    -0.000609592
 611     604     0.000539918
 611     610    -0.006788728
 611     611     2.064300000
 611     612    -0.015227296
 611     613    -0.000753219
 612    5620    -0.020643959
 612    5621     0.006119428
 612     602    -0.002548393
 612     603     0.000274403
 612     604     0.000550964
 612     610     0.012309574
 612     611    -0.015227296
 612     612     2.085400000
 612     613    -0.000215284
 613    5620    -0.004840034
 613    5621     0.007751520
 613     602    -0.000130051
 613     603    -0.003968071
 613     604    -0.001077849
 613     610     0.000523104
 613     611    -0.000753219
 613     612    -0.000215284
 613     613     2.056000000
