5620    5620     2.255800002
5620    5621    -0.004299977
5620     602     0.001720008
5620     603    -0.006522622
5620     604     0.000500758
5620     610     0.002967345
5620     611    -0.000748067
5620     612     0.012957869
5620     613     0.008538862
5621    5620    -0.004299977
5621    5621     2.368599995
5621     602     0.003674320
5621     603     0.029430284
5621     604     0.033877988
5621     610    -0.001808217
5621     611     0.000227802
5621     612    -0.007474941
5621     613     0.005583183
 602    5620     0.001720008
 602    5621     0.003674320
 602     602     1.990200000
 602     603    -0.004917550
 602     604    -0.001476037
 602     610     0.002099554
 602     611    -0.000461757
 602     612    -0.002437189
 602     613     0.000000571
 603    5620    -0.006522622
 603    5621     0.029430284
 603     602    -0.004917550
 603     603     1.979800000
 603     604    -0.001404804
 603     610    -0.002306214
 603     611     0.000391428
 603     612     0.000326679
 603     613    -0.003724221
 604    5620     0.000500758
 604    5621     0.033877988
 604     602    -0.001476037
 604     603    -0.001404804
 604     604     2.059900000
 604     610    -0.001339174
 604     611    -0.000521090
 604     612    -0.001171756
 604     613     0.000851753
 610    5620     0.002967345
 610    5621    -0.001808217
 610     602     0.002099554
 610     603    -0.002306214
 610     604    -0.001339174
 610     610     2.026100000
 610     611    -0.006664328
 610     612     0.004361425
 610     613    -0.000625490
 611    5620    -0.000748067
 611    5621     0.000227802
 611     602    -0.000461757
 611     603     0.000391428
 611     604    -0.000521090
 611     610    -0.006664328
 611     611     1.962900000
 611     612     0.016394036
 611     613     0.000852693
 612    5620     0.012957869
 612    5621    -0.007474941
 612     602    -0.002437189
 612     603     0.000326679
 612     604    -0.001171756
 612     610     0.004361425
 612     611     0.016394036
 612     612     2.028000000
 612     613     0.000057649
 613    5620     0.008538862
 613    5621     0.005583183
 613     602     0.000000571
 613     603    -0.003724221
 613     604     0.000851753
 613     610    -0.000625490
 613     611     0.000852693
 613     612     0.000057649
 613     613     2.043400000
