5620    5620     2.424800002
5620    5621    -0.002210235
5620     602     0.000888441
5620     603     0.005607789
5620     604     0.001899054
5620     610     0.003743885
5620     611    -0.000245304
5620     612    -0.004204757
5620     613     0.007328184
5621    5620    -0.002210235
5621    5621     2.214699995
5621     602    -0.000355566
5621     603    -0.024338905
5621     604     0.035068408
5621     610    -0.000521822
5621     611    -0.000693787
5621     612    -0.007521500
5621     613    -0.008164281
 602    5620     0.000888441
 602    5621    -0.000355566
 602     602     1.995500000
 602     603    -0.005795769
 602     604    -0.001605103
 602     610     0.001508409
 602     611     0.000488471
 602     612     0.002894796
 602     613    -0.000430788
 603    5620     0.005607789
 603    5621    -0.024338905
 603     602    -0.005795769
 603     603     2.020300000
 603     604    -0.000270602
 603     610     0.001932417
 603     611     0.000551790
 603     612    -0.000196417
 603     613    -0.003790169
 604    5620     0.001899054
 604    5621     0.035068408
 604     602    -0.001605103
 604     603    -0.000270602
 604     604     2.092300000
 604     610    -0.000596480
 604     611     0.000443353
 604     612     0.001256450
 604     613     0.000834877
 610    5620     0.003743885
 610    5621    -0.000521822
 610     602     0.001508409
 610     603     0.001932417
 610     604    -0.000596480
 610     610     2.015000000
 610     611    -0.006888855
 610     612     0.004046553
 610     613    -0.000702833
 611    5620    -0.000245304
 611    5621    -0.000693787
 611     602     0.000488471
 611     603     0.000551790
 611     604     0.000443353
 611     610    -0.006888855
 611     611     2.004800000
 611     612     0.018829413
 611     613     0.000995581
 612    5620    -0.004204757
 612    5621    -0.007521500
 612     602     0.002894796
 612     603    -0.000196417
 612     604     0.001256450
 612     610     0.004046553
 612     611     0.018829413
 612     612     1.951900000
 612     613     0.000314808
 613    5620     0.007328184
 613    5621    -0.008164281
 613     602    -0.000430788
 613     603    -0.003790169
 613     604     0.000834877
 613     610    -0.000702833
 613     611     0.000995581
 613     612     0.000314808
 613     613     1.980600000
