5620    5620    2.246200002
5620    5621    0.004721783
5620     602    0.001679642
5620     603    0.005769850
5620     604    0.000596273
5620     610    0.002146050
5620     611    0.004009974
5620     612    0.008877014
5620     613    0.005854529
5621    5620    0.004721783
5621    5621    2.259899995
5621     602    0.001268577
5621     603    0.018527641
5621     604    0.031860222
5621     610    0.003134410
5621     611    0.000128991
5621     612    0.006594008
5621     613    0.008246296
 602    5620    0.001679642
 602    5621    0.001268577
 602     602    2.035300000
 602     603    0.004480164
 602     604    0.001239384
 602     610    0.002587422
 602     611    0.000697576
 602     612    0.002676059
 602     613    0.000231826
 603    5620    0.005769850
 603    5621    0.018527641
 603     602    0.004480164
 603     603    2.052200000
 603     604    0.000336260
 603     610    0.002230598
 603     611    0.000325727
 603     612    0.000324945
 603     613    0.003813374
 604    5620    0.000596273
 604    5621    0.031860222
 604     602    0.001239384
 604     603    0.000336260
 604     604    2.062300000
 604     610    0.001404568
 604     611    0.000524994
 604     612    0.000308031
 604     613    0.001031511
 610    5620    0.002146050
 610    5621    0.003134410
 610     602    0.002587422
 610     603    0.002230598
 610     604    0.001404568
 610     610    1.955300000
 610     611    0.007769128
 610     612    0.003606660
 610     613    0.000415771
 611    5620    0.004009974
 611    5621    0.000128991
 611     602    0.000697576
 611     603    0.000325727
 611     604    0.000524994
 611     610    0.007769128
 611     611    2.086100000
 611     612    0.019928013
 611     613    0.000644178
 612    5620    0.008877014
 612    5621    0.006594008
 612     602    0.002676059
 612     603    0.000324945
 612     604    0.000308031
 612     610    0.003606660
 612     611    0.019928013
 612     612    2.015900000
 612     613    0.000156176
 613    5620    0.005854529
 613    5621    0.008246296
 613     602    0.000231826
 613     603    0.003813374
 613     604    0.001031511
 613     610    0.000415771
 613     611    0.000644178
 613     612    0.000156176
 613     613    2.117600000
