5620    5620     2.264600002
5620    5621     0.004057205
5620     602     0.001687629
5620     603    -0.006152819
5620     604    -0.001476007
5620     610     0.001860316
5620     611     0.000462430
5620     612    -0.009923942
5620     613    -0.007164035
5621    5620     0.004057205
5621    5621     2.172499995
5621     602    -0.000630737
5621     603     0.031683891
5621     604     0.032095645
5621     610     0.003064068
5621     611    -0.000507387
5621     612     0.006361246
5621     613     0.007184359
 602    5620     0.001687629
 602    5621    -0.000630737
 602     602     2.038800000
 602     603    -0.007917049
 602     604    -0.001335587
 602     610     0.002396933
 602     611    -0.000639320
 602     612    -0.002547543
 602     613     0.000277922
 603    5620    -0.006152819
 603    5621     0.031683891
 603     602    -0.007917049
 603     603     2.018500000
 603     604     0.000783043
 603     610     0.002220051
 603     611    -0.000630242
 603     612     0.000153499
 603     613    -0.003644131
 604    5620    -0.001476007
 604    5621     0.032095645
 604     602    -0.001335587
 604     603     0.000783043
 604     604     2.106000000
 604     610     0.001054115
 604     611     0.000754632
 604     612     0.000418626
 604     613    -0.001082834
 610    5620     0.001860316
 610    5621     0.003064068
 610     602     0.002396933
 610     603     0.002220051
 610     604     0.001054115
 610     610     2.023700000
 610     611    -0.007262278
 610     612    -0.005905057
 610     613    -0.000476330
 611    5620     0.000462430
 611    5621    -0.000507387
 611     602    -0.000639320
 611     603    -0.000630242
 611     604     0.000754632
 611     610    -0.007262278
 611     611     2.028200000
 611     612    -0.017914853
 611     613    -0.000972185
 612    5620    -0.009923942
 612    5621     0.006361246
 612     602    -0.002547543
 612     603     0.000153499
 612     604     0.000418626
 612     610    -0.005905057
 612     611    -0.017914853
 612     612     2.019000000
 612     613    -0.000193286
 613    5620    -0.007164035
 613    5621     0.007184359
 613     602     0.000277922
 613     603    -0.003644131
 613     604    -0.001082834
 613     610    -0.000476330
 613     611    -0.000972185
 613     612    -0.000193286
 613     613     2.024200000
