5620    5620    2.432700002
5620    5621    0.003240701
5620     602    0.000324896
5620     603    0.005271509
5620     604    0.000935519
5620     610    0.001450772
5620     611    0.002143663
5620     612    0.004062640
5620     613    0.003397556
5621    5620    0.003240701
5621    5621    2.493899995
5621     602    0.001373398
5621     603    0.016006859
5621     604    0.025698043
5621     610    0.003270681
5621     611    0.000953239
5621     612    0.007365073
5621     613    0.007028375
 602    5620    0.000324896
 602    5621    0.001373398
 602     602    2.085000000
 602     603    0.007887972
 602     604    0.001580569
 602     610    0.001987016
 602     611    0.000020542
 602     612    0.002941668
 602     613    0.001259077
 603    5620    0.005271509
 603    5621    0.016006859
 603     602    0.007887972
 603     603    2.027200000
 603     604    0.000374224
 603     610    0.001825802
 603     611    0.000239183
 603     612    0.000202390
 603     613    0.003918095
 604    5620    0.000935519
 604    5621    0.025698043
 604     602    0.001580569
 604     603    0.000374224
 604     604    2.061300000
 604     610    0.001740172
 604     611    0.000546473
 604     612    0.000279627
 604     613    0.001130444
 610    5620    0.001450772
 610    5621    0.003270681
 610     602    0.001987016
 610     603    0.001825802
 610     604    0.001740172
 610     610    2.049900000
 610     611    0.006895772
 610     612    0.003602568
 610     613    0.000381184
 611    5620    0.002143663
 611    5621    0.000953239
 611     602    0.000020542
 611     603    0.000239183
 611     604    0.000546473
 611     610    0.006895772
 611     611    2.069600000
 611     612    0.018509093
 611     613    0.000674518
 612    5620    0.004062640
 612    5621    0.007365073
 612     602    0.002941668
 612     603    0.000202390
 612     604    0.000279627
 612     610    0.003602568
 612     611    0.018509093
 612     612    2.023000000
 612     613    0.000133470
 613    5620    0.003397556
 613    5621    0.007028375
 613     602    0.001259077
 613     603    0.003918095
 613     604    0.001130444
 613     610    0.000381184
 613     611    0.000674518
 613     612    0.000133470
 613     613    2.062900000
