5620    5620    2.405100002
5620    5621    0.005139228
5620     602    0.001670266
5620     603    0.005450147
5620     604    0.001196859
5620     610    0.006000287
5620     611    0.003571365
5620     612    0.010302121
5620     613    0.005598534
5621    5620    0.005139228
5621    5621    2.357399995
5621     602    0.003457759
5621     603    0.023884263
5621     604    0.031984197
5621     610    0.001321274
5621     611    0.000770736
5621     612    0.007347012
5621     613    0.006215257
 602    5620    0.001670266
 602    5621    0.003457759
 602     602    2.034000000
 602     603    0.009513753
 602     604    0.001623961
 602     610    0.002067962
 602     611    0.000649261
 602     612    0.003019746
 602     613    0.000409269
 603    5620    0.005450147
 603    5621    0.023884263
 603     602    0.009513753
 603     603    2.042900000
 603     604    0.000863504
 603     610    0.001912132
 603     611    0.000117433
 603     612    0.000165961
 603     613    0.003474157
 604    5620    0.001196859
 604    5621    0.031984197
 604     602    0.001623961
 604     603    0.000863504
 604     604    2.064000000
 604     610    0.000818952
 604     611    0.000567534
 604     612    0.000076201
 604     613    0.001076880
 610    5620    0.006000287
 610    5621    0.001321274
 610     602    0.002067962
 610     603    0.001912132
 610     604    0.000818952
 610     610    2.072800000
 610     611    0.006125222
 610     612    0.010496427
 610     613    0.000482672
 611    5620    0.003571365
 611    5621    0.000770736
 611     602    0.000649261
 611     603    0.000117433
 611     604    0.000567534
 611     610    0.006125222
 611     611    2.005100000
 611     612    0.022744202
 611     613    0.000442019
 612    5620    0.010302121
 612    5621    0.007347012
 612     602    0.003019746
 612     603    0.000165961
 612     604    0.000076201
 612     610    0.010496427
 612     611    0.022744202
 612     612    2.059800000
 612     613    0.000182441
 613    5620    0.005598534
 613    5621    0.006215257
 613     602    0.000409269
 613     603    0.003474157
 613     604    0.001076880
 613     610    0.000482672
 613     611    0.000442019
 613     612    0.000182441
 613     613    2.041600000
