5620    5620     2.273900002
5620    5621     0.002174469
5620     602     0.000852182
5620     603     0.005989830
5620     604     0.000716281
5620     610     0.002463141
5620     611     0.000532898
5620     612     0.006500798
5620     613     0.006426786
5621    5620     0.002174469
5621    5621     2.468999995
5621     602    -0.003699121
5621     603    -0.021109932
5621     604    -0.031878666
5621     610     0.002973509
5621     611     0.000327398
5621     612    -0.008364513
5621     613     0.006990613
 602    5620     0.000852182
 602    5621    -0.003699121
 602     602     2.067800000
 602     603    -0.008755892
 602     604    -0.001548040
 602     610    -0.002087059
 602     611    -0.000327264
 602     612     0.002727561
 602     613     0.000484280
 603    5620     0.005989830
 603    5621    -0.021109932
 603     602    -0.008755892
 603     603     1.968300000
 603     604     0.000972625
 603     610    -0.002243147
 603     611    -0.000608195
 603     612     0.000119238
 603     613    -0.004189317
 604    5620     0.000716281
 604    5621    -0.031878666
 604     602    -0.001548040
 604     603     0.000972625
 604     604     1.974000000
 604     610     0.001781460
 604     611    -0.000842397
 604     612    -0.000725252
 604     613    -0.001432676
 610    5620     0.002463141
 610    5621     0.002973509
 610     602    -0.002087059
 610     603    -0.002243147
 610     604     0.001781460
 610     610     2.058100000
 610     611    -0.005951578
 610     612     0.006618373
 610     613    -0.000464677
 611    5620     0.000532898
 611    5621     0.000327398
 611     602    -0.000327264
 611     603    -0.000608195
 611     604    -0.000842397
 611     610    -0.005951578
 611     611     1.971700000
 611     612    -0.016966006
 611     613    -0.001079350
 612    5620     0.006500798
 612    5621    -0.008364513
 612     602     0.002727561
 612     603     0.000119238
 612     604    -0.000725252
 612     610     0.006618373
 612     611    -0.016966006
 612     612     1.993000000
 612     613    -0.000214526
 613    5620     0.006426786
 613    5621     0.006990613
 613     602     0.000484280
 613     603    -0.004189317
 613     604    -0.001432676
 613     610    -0.000464677
 613     611    -0.001079350
 613     612    -0.000214526
 613     613     2.009500000
