5620    5620    2.372800002
5620    5621    0.003917267
5620     602    0.001122722
5620     603    0.005326320
5620     604    0.003408137
5620     610    0.003149449
5620     611    0.000936272
5620     612    0.004300387
5620     613    0.008492572
5621    5620    0.003917267
5621    5621    2.515699995
5621     602    0.002084210
5621     603    0.010112864
5621     604    0.027031898
5621     610    0.001667405
5621     611    0.000166471
5621     612    0.006377765
5621     613    0.006576416
 602    5620    0.001122722
 602    5621    0.002084210
 602     602    2.034100000
 602     603    0.006380126
 602     604    0.001737140
 602     610    0.002069048
 602     611    0.000648471
 602     612    0.002894843
 602     613    0.000424227
 603    5620    0.005326320
 603    5621    0.010112864
 603     602    0.006380126
 603     603    2.073100000
 603     604    0.000521879
 603     610    0.001867185
 603     611    0.000542961
 603     612    0.000378713
 603     613    0.003227542
 604    5620    0.003408137
 604    5621    0.027031898
 604     602    0.001737140
 604     603    0.000521879
 604     604    1.999100000
 604     610    0.001090834
 604     611    0.000872998
 604     612    0.000328675
 604     613    0.001136253
 610    5620    0.003149449
 610    5621    0.001667405
 610     602    0.002069048
 610     603    0.001867185
 610     604    0.001090834
 610     610    2.062700000
 610     611    0.006647065
 610     612    0.005691269
 610     613    0.000610483
 611    5620    0.000936272
 611    5621    0.000166471
 611     602    0.000648471
 611     603    0.000542961
 611     604    0.000872998
 611     610    0.006647065
 611     611    2.012400000
 611     612    0.018029888
 611     613    0.000887369
 612    5620    0.004300387
 612    5621    0.006377765
 612     602    0.002894843
 612     603    0.000378713
 612     604    0.000328675
 612     610    0.005691269
 612     611    0.018029888
 612     612    2.069500000
 612     613    0.000313905
 613    5620    0.008492572
 613    5621    0.006576416
 613     602    0.000424227
 613     603    0.003227542
 613     604    0.001136253
 613     610    0.000610483
 613     611    0.000887369
 613     612    0.000313905
 613     613    1.988900000
