5620    5620     2.481600002
5620    5621    -0.006637040
5620     602     0.000612802
5620     603     0.006290841
5620     604     0.001844354
5620     610    -0.001641449
5620     611    -0.000724639
5620     612     0.011850209
5620     613     0.007259262
5621    5620    -0.006637040
5621    5621     2.360799995
5621     602    -0.001251269
5621     603     0.023029456
5621     604     0.029176726
5621     610    -0.001692211
5621     611    -0.000169237
5621     612     0.007518411
5621     613    -0.007414806
 602    5620     0.000612802
 602    5621    -0.001251269
 602     602     2.066600000
 602     603     0.008746802
 602     604     0.001766894
 602     610     0.001836561
 602     611     0.000023037
 602     612     0.002839344
 602     613    -0.000844528
 603    5620     0.006290841
 603    5621     0.023029456
 603     602     0.008746802
 603     603     2.023100000
 603     604    -0.000263603
 603     610    -0.002410543
 603     611     0.000533727
 603     612     0.000097472
 603     613    -0.004049884
 604    5620     0.001844354
 604    5621     0.029176726
 604     602     0.001766894
 604     603    -0.000263603
 604     604     2.079800000
 604     610     0.001047628
 604     611    -0.000578406
 604     612     0.000430808
 604     613     0.000909332
 610    5620    -0.001641449
 610    5621    -0.001692211
 610     602     0.001836561
 610     603    -0.002410543
 610     604     0.001047628
 610     610     2.011100000
 610     611    -0.007701388
 610     612     0.005065252
 610     613    -0.000641534
 611    5620    -0.000724639
 611    5621    -0.000169237
 611     602     0.000023037
 611     603     0.000533727
 611     604    -0.000578406
 611     610    -0.007701388
 611     611     2.034700000
 611     612    -0.019015222
 611     613    -0.000785271
 612    5620     0.011850209
 612    5621     0.007518411
 612     602     0.002839344
 612     603     0.000097472
 612     604     0.000430808
 612     610     0.005065252
 612     611    -0.019015222
 612     612     2.013200000
 612     613     0.000062330
 613    5620     0.007259262
 613    5621    -0.007414806
 613     602    -0.000844528
 613     603    -0.004049884
 613     604     0.000909332
 613     610    -0.000641534
 613     611    -0.000785271
 613     612     0.000062330
 613     613     2.073200000
