5620    5620    2.458100002
5620    5621    0.003601681
5620     602    0.000489232
5620     603    0.006183425
5620     604    0.000490427
5620     610    0.007179108
5620     611    0.003990180
5620     612    0.019830394
5620     613    0.009602552
5621    5620    0.003601681
5621    5621    2.368599995
5621     602    0.002043336
5621     603    0.018428420
5621     604    0.034641552
5621     610    0.001180011
5621     611    0.000615283
5621     612    0.006947663
5621     613    0.006757055
 602    5620    0.000489232
 602    5621    0.002043336
 602     602    2.070700000
 602     603    0.005579948
 602     604    0.001697450
 602     610    0.001247169
 602     611    0.000190623
 602     612    0.002548383
 602     613    0.000818156
 603    5620    0.006183425
 603    5621    0.018428420
 603     602    0.005579948
 603     603    2.092100000
 603     604    0.000182856
 603     610    0.002109239
 603     611    0.000265021
 603     612    0.000009143
 603     613    0.004339383
 604    5620    0.000490427
 604    5621    0.034641552
 604     602    0.001697450
 604     603    0.000182856
 604     604    2.027200000
 604     610    0.000773507
 604     611    0.000593588
 604     612    0.000244891
 604     613    0.001267327
 610    5620    0.007179108
 610    5621    0.001180011
 610     602    0.001247169
 610     603    0.002109239
 610     604    0.000773507
 610     610    2.103100000
 610     611    0.007011543
 610     612    0.009479684
 610     613    0.000724967
 611    5620    0.003990180
 611    5621    0.000615283
 611     602    0.000190623
 611     603    0.000265021
 611     604    0.000593588
 611     610    0.007011543
 611     611    2.017800000
 611     612    0.021246800
 611     613    0.000652609
 612    5620    0.019830394
 612    5621    0.006947663
 612     602    0.002548383
 612     603    0.000009143
 612     604    0.000244891
 612     610    0.009479684
 612     611    0.021246800
 612     612    2.017000000
 612     613    0.000120183
 613    5620    0.009602552
 613    5621    0.006757055
 613     602    0.000818156
 613     603    0.004339383
 613     604    0.001267327
 613     610    0.000724967
 613     611    0.000652609
 613     612    0.000120183
 613     613    1.983800000
