5620    5620     2.237900002
5620    5621     0.005277602
5620     602    -0.001249438
5620     603     0.005680186
5620     604    -0.002058217
5620     610     0.004670896
5620     611     0.003530336
5620     612     0.015058857
5620     613    -0.007523677
5621    5620     0.005277602
5621    5621     2.438099995
5621     602    -0.000017177
5621     603     0.027819561
5621     604    -0.030706839
5621     610    -0.001895505
5621     611     0.000335719
5621     612    -0.005910710
5621     613    -0.007225841
 602    5620    -0.001249438
 602    5621    -0.000017177
 602     602     2.000400000
 602     603    -0.010642081
 602     604    -0.001574436
 602     610    -0.002215989
 602     611     0.000819234
 602     612    -0.002357265
 602     613    -0.000180824
 603    5620     0.005680186
 603    5621     0.027819561
 603     602    -0.010642081
 603     603     2.041000000
 603     604     0.001289943
 603     610     0.001996220
 603     611     0.000288619
 603     612     0.000193171
 603     613    -0.003763717
 604    5620    -0.002058217
 604    5621    -0.030706839
 604     602    -0.001574436
 604     603     0.001289943
 604     604     1.992600000
 604     610     0.001639490
 604     611    -0.000658307
 604     612     0.000226100
 604     613    -0.000985289
 610    5620     0.004670896
 610    5621    -0.001895505
 610     602    -0.002215989
 610     603     0.001996220
 610     604     0.001639490
 610     610     1.975000000
 610     611    -0.007099498
 610     612    -0.008159658
 610     613     0.000503406
 611    5620     0.003530336
 611    5621     0.000335719
 611     602     0.000819234
 611     603     0.000288619
 611     604    -0.000658307
 611     610    -0.007099498
 611     611     1.972200000
 611     612     0.016087510
 611     613    -0.000743871
 612    5620     0.015058857
 612    5621    -0.005910710
 612     602    -0.002357265
 612     603     0.000193171
 612     604     0.000226100
 612     610    -0.008159658
 612     611     0.016087510
 612     612     2.064300000
 612     613     0.000142330
 613    5620    -0.007523677
 613    5621    -0.007225841
 613     602    -0.000180824
 613     603    -0.003763717
 613     604    -0.000985289
 613     610     0.000503406
 613     611    -0.000743871
 613     612     0.000142330
 613     613     1.954900000
