5620    5620    2.276500002
5620    5621    0.003629296
5620     602    0.001311486
5620     603    0.005407286
5620     604    0.000501374
5620     610    0.005179173
5620     611    0.004279257
5620     612    0.000783352
5620     613    0.006382128
5621    5620    0.003629296
5621    5621    2.278599995
5621     602    0.001074868
5621     603    0.020596874
5621     604    0.032113046
5621     610    0.000715714
5621     611    0.000187216
5621     612    0.006625350
5621     613    0.007808979
 602    5620    0.001311486
 602    5621    0.001074868
 602     602    2.059600000
 602     603    0.004581018
 602     604    0.001473061
 602     610    0.001557014
 602     611    0.000556903
 602     612    0.002619311
 602     613    0.000504633
 603    5620    0.005407286
 603    5621    0.020596874
 603     602    0.004581018
 603     603    2.132800000
 603     604    0.000185017
 603     610    0.001789930
 603     611    0.000059652
 603     612    0.000300232
 603     613    0.003974603
 604    5620    0.000501374
 604    5621    0.032113046
 604     602    0.001473061
 604     603    0.000185017
 604     604    2.078900000
 604     610    0.000523832
 604     611    0.000530867
 604     612    0.000366083
 604     613    0.001217870
 610    5620    0.005179173
 610    5621    0.000715714
 610     602    0.001557014
 610     603    0.001789930
 610     604    0.000523832
 610     610    2.124900000
 610     611    0.006869560
 610     612    0.005297850
 610     613    0.000604237
 611    5620    0.004279257
 611    5621    0.000187216
 611     602    0.000556903
 611     603    0.000059652
 611     604    0.000530867
 611     610    0.006869560
 611     611    2.040500000
 611     612    0.021015344
 611     613    0.000541844
 612    5620    0.000783352
 612    5621    0.006625350
 612     602    0.002619311
 612     603    0.000300232
 612     604    0.000366083
 612     610    0.005297850
 612     611    0.021015344
 612     612    2.051200000
 612     613    0.000503379
 613    5620    0.006382128
 613    5621    0.007808979
 613     602    0.000504633
 613     603    0.003974603
 613     604    0.001217870
 613     610    0.000604237
 613     611    0.000541844
 613     612    0.000503379
 613     613    1.924100000
