5620    5620    2.524100002
5620    5621    0.006176471
5620     602    0.001899145
5620     603    0.005824298
5620     604    0.001317910
5620     610    0.003115970
5620     611    0.001185474
5620     612    0.004124686
5620     613    0.006301642
5621    5620    0.006176471
5621    5621    2.395499995
5621     602    0.001992201
5621     603    0.020905428
5621     604    0.029742170
5621     610    0.003142630
5621     611    0.000260719
5621     612    0.006760319
5621     613    0.006650863
 602    5620    0.001899145
 602    5621    0.001992201
 602     602    2.099300000
 602     603    0.000904010
 602     604    0.001275924
 602     610    0.002275507
 602     611    0.001114623
 602     612    0.002339421
 602     613    0.000053214
 603    5620    0.005824298
 603    5621    0.020905428
 603     602    0.000904010
 603     603    2.037200000
 603     604    0.000488480
 603     610    0.002009661
 603     611    0.000560678
 603     612    0.000605650
 603     613    0.003591137
 604    5620    0.001317910
 604    5621    0.029742170
 604     602    0.001275924
 604     603    0.000488480
 604     604    2.140400000
 604     610    0.001424128
 604     611    0.000701424
 604     612    0.000081149
 604     613    0.000981887
 610    5620    0.003115970
 610    5621    0.003142630
 610     602    0.002275507
 610     603    0.002009661
 610     604    0.001424128
 610     610    2.039500000
 610     611    0.006713236
 610     612    0.002427118
 610     613    0.000470077
 611    5620    0.001185474
 611    5621    0.000260719
 611     602    0.001114623
 611     603    0.000560678
 611     604    0.000701424
 611     610    0.006713236
 611     611    2.002900000
 611     612    0.016788951
 611     613    0.000762767
 612    5620    0.004124686
 612    5621    0.006760319
 612     602    0.002339421
 612     603    0.000605650
 612     604    0.000081149
 612     610    0.002427118
 612     611    0.016788951
 612     612    2.096700000
 612     613    0.000299196
 613    5620    0.006301642
 613    5621    0.006650863
 613     602    0.000053214
 613     603    0.003591137
 613     604    0.000981887
 613     610    0.000470077
 613     611    0.000762767
 613     612    0.000299196
 613     613    2.099900000
