5620    5620    2.535700002
5620    5621    0.003940993
5620     602    0.001518928
5620     603    0.005364799
5620     604    0.000040686
5620     610    0.005341785
5620     611    0.002868367
5620     612    0.007122723
5620     613    0.006890779
5621    5620    0.003940993
5621    5621    2.333399995
5621     602    0.003201148
5621     603    0.025124429
5621     604    0.024333798
5621     610    0.000182018
5621     611    0.000248379
5621     612    0.006558971
5621     613    0.006810829
 602    5620    0.001518928
 602    5621    0.003201148
 602     602    2.005200000
 602     603    0.007502422
 602     604    0.001145020
 602     610    0.001612467
 602     611    0.000663647
 602     612    0.002524606
 602     613    0.000029736
 603    5620    0.005364799
 603    5621    0.025124429
 603     602    0.007502422
 603     603    2.024400000
 603     604    0.000616090
 603     610    0.001855859
 603     611    0.000190050
 603     612    0.000422850
 603     613    0.003443294
 604    5620    0.000040686
 604    5621    0.024333798
 604     602    0.001145020
 604     603    0.000616090
 604     604    2.148100000
 604     610    0.000215668
 604     611    0.000371146
 604     612    0.000180680
 604     613    0.000691093
 610    5620    0.005341785
 610    5621    0.000182018
 610     602    0.001612467
 610     603    0.001855859
 610     604    0.000215668
 610     610    2.023000000
 610     611    0.005807133
 610     612    0.006138201
 610     613    0.000682091
 611    5620    0.002868367
 611    5621    0.000248379
 611     602    0.000663647
 611     603    0.000190050
 611     604    0.000371146
 611     610    0.005807133
 611     611    2.122100000
 611     612    0.019416469
 611     613    0.000365713
 612    5620    0.007122723
 612    5621    0.006558971
 612     602    0.002524606
 612     603    0.000422850
 612     604    0.000180680
 612     610    0.006138201
 612     611    0.019416469
 612     612    1.988300000
 612     613    0.000600665
 613    5620    0.006890779
 613    5621    0.006810829
 613     602    0.000029736
 613     603    0.003443294
 613     604    0.000691093
 613     610    0.000682091
 613     611    0.000365713
 613     612    0.000600665
 613     613    2.094600000
