5620    5620     2.292300002
5620    5621     0.006012801
5620     602    -0.000653839
5620     603    -0.005277403
5620     604    -0.001836472
5620     610    -0.005665091
5620     611     0.001051702
5620     612     0.008898658
5620     613    -0.004432773
5621    5620     0.006012801
5621    5621     2.350499995
5621     602    -0.001919223
5621     603    -0.022006706
5621     604     0.029362287
5621     610    -0.000972157
5621     611    -0.000041279
5621     612     0.006861672
5621     613     0.007508636
 602    5620    -0.000653839
 602    5621    -0.001919223
 602     602     1.979100000
 602     603     0.013455291
 602     604     0.001535767
 602     610     0.001347787
 602     611     0.000094947
 602     612    -0.002661451
 602     613    -0.001134999
 603    5620    -0.005277403
 603    5621    -0.022006706
 603     602     0.013455291
 603     603     2.022700000
 603     604    -0.000697716
 603     610    -0.001879717
 603     611     0.000487143
 603     612     0.000012580
 603     613     0.003886480
 604    5620    -0.001836472
 604    5621     0.029362287
 604     602     0.001535767
 604     603    -0.000697716
 604     604     2.084800000
 604     610     0.000848499
 604     611     0.000255251
 604     612    -0.000850578
 604     613    -0.000874316
 610    5620    -0.005665091
 610    5621    -0.000972157
 610     602     0.001347787
 610     603    -0.001879717
 610     604     0.000848499
 610     610     2.073400000
 610     611     0.006314578
 610     612     0.006805490
 610     613    -0.000484340
 611    5620     0.001051702
 611    5621    -0.000041279
 611     602     0.000094947
 611     603     0.000487143
 611     604     0.000255251
 611     610     0.006314578
 611     611     2.069000000
 611     612    -0.015628741
 611     613    -0.000774485
 612    5620     0.008898658
 612    5621     0.006861672
 612     602    -0.002661451
 612     603     0.000012580
 612     604    -0.000850578
 612     610     0.006805490
 612     611    -0.015628741
 612     612     2.102200000
 612     613     0.000167559
 613    5620    -0.004432773
 613    5621     0.007508636
 613     602    -0.001134999
 613     603     0.003886480
 613     604    -0.000874316
 613     610    -0.000484340
 613     611    -0.000774485
 613     612     0.000167559
 613     613     1.933200000
