5620    5620    2.448000002
5620    5621    0.004975450
5620     602    0.001460563
5620     603    0.004481714
5620     604    0.000934046
5620     610    0.003619485
5620     611    0.003430377
5620     612    0.009450081
5620     613    0.007386113
5621    5620    0.004975450
5621    5621    2.196199995
5621     602    0.000303985
5621     603    0.024107868
5621     604    0.031753381
5621     610    0.003402441
5621     611    0.001076355
5621     612    0.008285643
5621     613    0.008524823
 602    5620    0.001460563
 602    5621    0.000303985
 602     602    2.051700000
 602     603    0.010567077
 602     604    0.001489892
 602     610    0.002420376
 602     611    0.000322894
 602     612    0.002717197
 602     613    0.000009048
 603    5620    0.004481714
 603    5621    0.024107868
 603     602    0.010567077
 603     603    2.044900000
 603     604    0.001061455
 603     610    0.002147819
 603     611    0.000255039
 603     612    0.000066364
 603     613    0.003522391
 604    5620    0.000934046
 604    5621    0.031753381
 604     602    0.001489892
 604     603    0.001061455
 604     604    1.940400000
 604     610    0.001974291
 604     611    0.000311926
 604     612    0.000953275
 604     613    0.000656418
 610    5620    0.003619485
 610    5621    0.003402441
 610     602    0.002420376
 610     603    0.002147819
 610     604    0.001974291
 610     610    2.043900000
 610     611    0.006982537
 610     612    0.006058946
 610     613    0.000627620
 611    5620    0.003430377
 611    5621    0.001076355
 611     602    0.000322894
 611     603    0.000255039
 611     604    0.000311926
 611     610    0.006982537
 611     611    2.065200000
 611     612    0.016797290
 611     613    0.000549398
 612    5620    0.009450081
 612    5621    0.008285643
 612     602    0.002717197
 612     603    0.000066364
 612     604    0.000953275
 612     610    0.006058946
 612     611    0.016797290
 612     612    1.958400000
 612     613    0.000200005
 613    5620    0.007386113
 613    5621    0.008524823
 613     602    0.000009048
 613     603    0.003522391
 613     604    0.000656418
 613     610    0.000627620
 613     611    0.000549398
 613     612    0.000200005
 613     613    1.952600000
