5620    5620     2.366300002
5620    5621    -0.004818244
5620     602    -0.000264432
5620     603    -0.005541138
5620     604    -0.001424521
5620     610     0.008705780
5620     611     0.001574495
5620     612    -0.011971057
5620     613     0.005576956
5621    5620    -0.004818244
5621    5621     2.261999995
5621     602     0.002673887
5621     603     0.030601477
5621     604     0.037502734
5621     610    -0.001268654
5621     611    -0.000306302
5621     612    -0.006732952
5621     613    -0.006735655
 602    5620    -0.000264432
 602    5621     0.002673887
 602     602     2.079000000
 602     603     0.009944602
 602     604    -0.001725010
 602     610    -0.001076301
 602     611     0.000513600
 602     612     0.002072161
 602     613    -0.001184725
 603    5620    -0.005541138
 603    5621     0.030601477
 603     602     0.009944602
 603     603     1.991200000
 603     604     0.001678953
 603     610     0.002028579
 603     611    -0.000261741
 603     612    -0.000275661
 603     613     0.003640852
 604    5620    -0.001424521
 604    5621     0.037502734
 604     602    -0.001725010
 604     603     0.001678953
 604     604     2.059800000
 604     610    -0.000846307
 604     611    -0.000642801
 604     612     0.000340543
 604     613    -0.001134713
 610    5620     0.008705780
 610    5621    -0.001268654
 610     602    -0.001076301
 610     603     0.002028579
 610     604    -0.000846307
 610     610     2.107900000
 610     611    -0.006212299
 610     612    -0.003584090
 610     613     0.000507854
 611    5620     0.001574495
 611    5621    -0.000306302
 611     602     0.000513600
 611     603    -0.000261741
 611     604    -0.000642801
 611     610    -0.006212299
 611     611     2.037400000
 611     612    -0.016255519
 611     613     0.000640255
 612    5620    -0.011971057
 612    5621    -0.006732952
 612     602     0.002072161
 612     603    -0.000275661
 612     604     0.000340543
 612     610    -0.003584090
 612     611    -0.016255519
 612     612     2.179200000
 612     613    -0.000031228
 613    5620     0.005576956
 613    5621    -0.006735655
 613     602    -0.001184725
 613     603     0.003640852
 613     604    -0.001134713
 613     610     0.000507854
 613     611     0.000640255
 613     612    -0.000031228
 613     613     2.021900000
