5620    5620    2.460200002
5620    5621    0.004204381
5620     602    0.000803093
5620     603    0.005792522
5620     604    0.002309801
5620     610    0.005622630
5620     611    0.001939074
5620     612    0.005013133
5620     613    0.005755312
5621    5620    0.004204381
5621    5621    2.422099995
5621     602    0.002128641
5621     603    0.001768675
5621     604    0.027071627
5621     610    0.002433704
5621     611    0.000080521
5621     612    0.007339237
5621     613    0.007321168
 602    5620    0.000803093
 602    5621    0.002128641
 602     602    2.065800000
 602     603    0.002320539
 602     604    0.001237972
 602     610    0.001773025
 602     611    0.000609191
 602     612    0.002367840
 602     613    0.000619209
 603    5620    0.005792522
 603    5621    0.001768675
 603     602    0.002320539
 603     603    2.059100000
 603     604    0.000583417
 603     610    0.002271400
 603     611    0.000539239
 603     612    0.000596964
 603     613    0.004225358
 604    5620    0.002309801
 604    5621    0.027071627
 604     602    0.001237972
 604     603    0.000583417
 604     604    2.114600000
 604     610    0.001649542
 604     611    0.000662640
 604     612    0.000012359
 604     613    0.001168159
 610    5620    0.005622630
 610    5621    0.002433704
 610     602    0.001773025
 610     603    0.002271400
 610     604    0.001649542
 610     610    2.067200000
 610     611    0.006399074
 610     612    0.006115484
 610     613    0.000501609
 611    5620    0.001939074
 611    5621    0.000080521
 611     602    0.000609191
 611     603    0.000539239
 611     604    0.000662640
 611     610    0.006399074
 611     611    1.998700000
 611     612    0.018820014
 611     613    0.000916383
 612    5620    0.005013133
 612    5621    0.007339237
 612     602    0.002367840
 612     603    0.000596964
 612     604    0.000012359
 612     610    0.006115484
 612     611    0.018820014
 612     612    2.021900000
 612     613    0.000231971
 613    5620    0.005755312
 613    5621    0.007321168
 613     602    0.000619209
 613     603    0.004225358
 613     604    0.001168159
 613     610    0.000501609
 613     611    0.000916383
 613     612    0.000231971
 613     613    1.984100000
