5620    5620    2.333200002
5620    5621    0.003436193
5620     602    0.000240386
5620     603    0.005022427
5620     604    0.003306125
5620     610    0.005707247
5620     611    0.001439315
5620     612    0.009147902
5620     613    0.004337064
5621    5620    0.003436193
5621    5621    2.171499995
5621     602    0.006628584
5621     603    0.025895929
5621     604    0.029171268
5621     610    0.002108051
5621     611    0.000348255
5621     612    0.007082485
5621     613    0.008866618
 602    5620    0.000240386
 602    5621    0.006628584
 602     602    2.036500000
 602     603    0.011502290
 602     604    0.001512924
 602     610    0.001804640
 602     611    0.000381887
 602     612    0.002642335
 602     613    0.001398701
 603    5620    0.005022427
 603    5621    0.025895929
 603     602    0.011502290
 603     603    2.068300000
 603     604    0.001151162
 603     610    0.002037669
 603     611    0.000345009
 603     612    0.000208836
 603     613    0.003984658
 604    5620    0.003306125
 604    5621    0.029171268
 604     602    0.001512924
 604     603    0.001151162
 604     604    2.067600000
 604     610    0.001135302
 604     611    0.000804861
 604     612    0.000797978
 604     613    0.001296858
 610    5620    0.005707247
 610    5621    0.002108051
 610     602    0.001804640
 610     603    0.002037669
 610     604    0.001135302
 610     610    2.035900000
 610     611    0.006691651
 610     612    0.006701548
 610     613    0.000446629
 611    5620    0.001439315
 611    5621    0.000348255
 611     602    0.000381887
 611     603    0.000345009
 611     604    0.000804861
 611     610    0.006691651
 611     611    2.046300000
 611     612    0.016125806
 611     613    0.000783939
 612    5620    0.009147902
 612    5621    0.007082485
 612     602    0.002642335
 612     603    0.000208836
 612     604    0.000797978
 612     610    0.006701548
 612     611    0.016125806
 612     612    2.042700000
 612     613    0.000054727
 613    5620    0.004337064
 613    5621    0.008866618
 613     602    0.001398701
 613     603    0.003984658
 613     604    0.001296858
 613     610    0.000446629
 613     611    0.000783939
 613     612    0.000054727
 613     613    2.010200000
