5620    5620     2.406200002
5620    5621     0.004627364
5620     602    -0.001065519
5620     603     0.005009933
5620     604    -0.002018671
5620     610    -0.009861175
5620     611    -0.001251979
5620     612    -0.016187921
5620     613     0.005860203
5621    5620     0.004627364
5621    5621     2.253399995
5621     602     0.000622331
5621     603     0.020176434
5621     604     0.033591327
5621     610    -0.000046625
5621     611    -0.000031483
5621     612     0.007509188
5621     613     0.007916400
 602    5620    -0.001065519
 602    5621     0.000622331
 602     602     2.115400000
 602     603    -0.004922896
 602     604    -0.001339248
 602     610     0.001300250
 602     611    -0.000188555
 602     612     0.002415633
 602     613     0.000282918
 603    5620     0.005009933
 603    5621     0.020176434
 603     602    -0.004922896
 603     603     2.103100000
 603     604    -0.000046328
 603     610    -0.001910648
 603     611     0.000483341
 603     612    -0.000073672
 603     613     0.003234081
 604    5620    -0.002018671
 604    5621     0.033591327
 604     602    -0.001339248
 604     603    -0.000046328
 604     604     2.116600000
 604     610    -0.000847018
 604     611     0.000276853
 604     612     0.001375673
 604     613     0.000707107
 610    5620    -0.009861175
 610    5621    -0.000046625
 610     602     0.001300250
 610     603    -0.001910648
 610     604    -0.000847018
 610     610     2.057300000
 610     611    -0.007050791
 610     612    -0.009456880
 610     613     0.000713672
 611    5620    -0.001251979
 611    5621    -0.000031483
 611     602    -0.000188555
 611     603     0.000483341
 611     604     0.000276853
 611     610    -0.007050791
 611     611     2.051300000
 611     612     0.017904101
 611     613     0.000853323
 612    5620    -0.016187921
 612    5621     0.007509188
 612     602     0.002415633
 612     603    -0.000073672
 612     604     0.001375673
 612     610    -0.009456880
 612     611     0.017904101
 612     612     2.051600000
 612     613    -0.000196528
 613    5620     0.005860203
 613    5621     0.007916400
 613     602     0.000282918
 613     603     0.003234081
 613     604     0.000707107
 613     610     0.000713672
 613     611     0.000853323
 613     612    -0.000196528
 613     613     2.023300000
