5620    5620    2.452500002
5620    5621    0.002885762
5620     602    0.000990565
5620     603    0.006195590
5620     604    0.001264547
5620     610    0.000419482
5620     611    0.001135041
5620     612    0.005670773
5620     613    0.003441175
5621    5620    0.002885762
5621    5621    2.494799995
5621     602    0.002217727
5621     603    0.022236325
5621     604    0.028120539
5621     610    0.002370841
5621     611    0.000324498
5621     612    0.006614521
5621     613    0.008528947
 602    5620    0.000990565
 602    5621    0.002217727
 602     602    2.072900000
 602     603    0.008904612
 602     604    0.001578132
 602     610    0.001936696
 602     611    0.000108523
 602     612    0.002704758
 602     613    0.000864036
 603    5620    0.006195590
 603    5621    0.022236325
 603     602    0.008904612
 603     603    2.066400000
 603     604    0.001109348
 603     610    0.002324679
 603     611    0.000251892
 603     612    0.000189639
 603     613    0.005021555
 604    5620    0.001264547
 604    5621    0.028120539
 604     602    0.001578132
 604     603    0.001109348
 604     604    2.068100000
 604     610    0.001598230
 604     611    0.000390207
 604     612    0.001088389
 604     613    0.001041729
 610    5620    0.000419482
 610    5621    0.002370841
 610     602    0.001936696
 610     603    0.002324679
 610     604    0.001598230
 610     610    2.086600000
 610     611    0.007354967
 610     612    0.006583983
 610     613    0.000431963
 611    5620    0.001135041
 611    5621    0.000324498
 611     602    0.000108523
 611     603    0.000251892
 611     604    0.000390207
 611     610    0.007354967
 611     611    2.025000000
 611     612    0.019944387
 611     613    0.000746876
 612    5620    0.005670773
 612    5621    0.006614521
 612     602    0.002704758
 612     603    0.000189639
 612     604    0.001088389
 612     610    0.006583983
 612     611    0.019944387
 612     612    2.012400000
 612     613    0.000071565
 613    5620    0.003441175
 613    5621    0.008528947
 613     602    0.000864036
 613     603    0.005021555
 613     604    0.001041729
 613     610    0.000431963
 613     611    0.000746876
 613     612    0.000071565
 613     613    2.014000000
