5620    5620    2.358700002
5620    5621    0.004221746
5620     602    0.000497217
5620     603    0.005487450
5620     604    0.002430386
5620     610    0.005508021
5620     611    0.000805800
5620     612    0.015644288
5620     613    0.006606651
5621    5620    0.004221746
5621    5621    2.490999995
5621     602    0.002976743
5621     603    0.025832375
5621     604    0.027573232
5621     610    0.002905353
5621     611    0.000058036
5621     612    0.007145949
5621     613    0.008160587
 602    5620    0.000497217
 602    5621    0.002976743
 602     602    2.100900000
 602     603    0.013265568
 602     604    0.001606703
 602     610    0.001815464
 602     611    0.000394165
 602     612    0.002856082
 602     613    0.001659178
 603    5620    0.005487450
 603    5621    0.025832375
 603     602    0.013265568
 603     603    1.994500000
 603     604    0.001426226
 603     610    0.002315671
 603     611    0.000495104
 603     612    0.000391673
 603     613    0.004286860
 604    5620    0.002430386
 604    5621    0.027573232
 604     602    0.001606703
 604     603    0.001426226
 604     604    2.073300000
 604     610    0.002243618
 604     611    0.000167279
 604     612    0.001713054
 604     613    0.000817317
 610    5620    0.005508021
 610    5621    0.002905353
 610     602    0.001815464
 610     603    0.002315671
 610     604    0.002243618
 610     610    2.023900000
 610     611    0.006148468
 610     612    0.009261828
 610     613    0.000477341
 611    5620    0.000805800
 611    5621    0.000058036
 611     602    0.000394165
 611     603    0.000495104
 611     604    0.000167279
 611     610    0.006148468
 611     611    2.081300000
 611     612    0.016773702
 611     613    0.000947357
 612    5620    0.015644288
 612    5621    0.007145949
 612     602    0.002856082
 612     603    0.000391673
 612     604    0.001713054
 612     610    0.009261828
 612     611    0.016773702
 612     612    2.026600000
 612     613    0.000057562
 613    5620    0.006606651
 613    5621    0.008160587
 613     602    0.001659178
 613     603    0.004286860
 613     604    0.000817317
 613     610    0.000477341
 613     611    0.000947357
 613     612    0.000057562
 613     613    2.025200000
