5620    5620     2.425200002
5620    5621     0.006519252
5620     602    -0.001933763
5620     603    -0.004720590
5620     604    -0.000891127
5620     610    -0.002380278
5620     611     0.001103689
5620     612     0.012377616
5620     613     0.006310003
5621    5620     0.006519252
5621    5621     2.201399995
5621     602    -0.007163926
5621     603    -0.021571859
5621     604    -0.033373745
5621     610     0.002791347
5621     611    -0.000343962
5621     612     0.008940191
5621     613     0.006777159
 602    5620    -0.001933763
 602    5621    -0.007163926
 602     602     2.062800000
 602     603    -0.008407416
 602     604     0.001374549
 602     610    -0.002122743
 602     611     0.000417856
 602     612    -0.002719415
 602     613     0.000031485
 603    5620    -0.004720590
 603    5621    -0.021571859
 603     602    -0.008407416
 603     603     2.161200000
 603     604     0.001000603
 603     610     0.001932084
 603     611     0.000437776
 603     612     0.000222023
 603     613    -0.002755795
 604    5620    -0.000891127
 604    5621    -0.033373745
 604     602     0.001374549
 604     603     0.001000603
 604     604     2.035400000
 604     610     0.001315442
 604     611    -0.000637906
 604     612     0.000250483
 604     613    -0.001070309
 610    5620    -0.002380278
 610    5621     0.002791347
 610     602    -0.002122743
 610     603     0.001932084
 610     604     0.001315442
 610     610     2.024300000
 610     611     0.006043252
 610     612     0.008674327
 610     613     0.000490116
 611    5620     0.001103689
 611    5621    -0.000343962
 611     602     0.000417856
 611     603     0.000437776
 611     604    -0.000637906
 611     610     0.006043252
 611     611     2.026800000
 611     612     0.017881888
 611     613     0.000754921
 612    5620     0.012377616
 612    5621     0.008940191
 612     602    -0.002719415
 612     603     0.000222023
 612     604     0.000250483
 612     610     0.008674327
 612     611     0.017881888
 612     612     2.011300000
 612     613     0.000074767
 613    5620     0.006310003
 613    5621     0.006777159
 613     602     0.000031485
 613     603    -0.002755795
 613     604    -0.001070309
 613     610     0.000490116
 613     611     0.000754921
 613     612     0.000074767
 613     613     2.053000000
