5620    5620    2.260400002
5620    5621    0.003755977
5620     602    0.000032091
5620     603    0.005663715
5620     604    0.000461315
5620     610    0.007664153
5620     611    0.003958284
5620     612    0.028371866
5620     613    0.010557304
5621    5620    0.003755977
5621    5621    2.351999995
5621     602    0.005332848
5621     603    0.027627749
5621     604    0.031908722
5621     610    0.001630553
5621     611    0.000283010
5621     612    0.007119530
5621     613    0.005238171
 602    5620    0.000032091
 602    5621    0.005332848
 602     602    2.078000000
 602     603    0.010646217
 602     604    0.001853354
 602     610    0.001429726
 602     611    0.000212459
 602     612    0.002727560
 602     613    0.000504215
 603    5620    0.005663715
 603    5621    0.027627749
 603     602    0.010646217
 603     603    2.062900000
 603     604    0.000535449
 603     610    0.001941026
 603     611    0.000278120
 603     612    0.000429676
 603     613    0.002634124
 604    5620    0.000461315
 604    5621    0.031908722
 604     602    0.001853354
 604     603    0.000535449
 604     604    2.002600000
 604     610    0.001134972
 604     611    0.000555603
 604     612    0.000689595
 604     613    0.000708243
 610    5620    0.007664153
 610    5621    0.001630553
 610     602    0.001429726
 610     603    0.001941026
 610     604    0.001134972
 610     610    2.054200000
 610     611    0.006465326
 610     612    0.010374273
 610     613    0.000678017
 611    5620    0.003958284
 611    5621    0.000283010
 611     602    0.000212459
 611     603    0.000278120
 611     604    0.000555603
 611     610    0.006465326
 611     611    2.021300000
 611     612    0.019448196
 611     613    0.000490216
 612    5620    0.028371866
 612    5621    0.007119530
 612     602    0.002727560
 612     603    0.000429676
 612     604    0.000689595
 612     610    0.010374273
 612     611    0.019448196
 612     612    1.978600000
 612     613    0.000278918
 613    5620    0.010557304
 613    5621    0.005238171
 613     602    0.000504215
 613     603    0.002634124
 613     604    0.000708243
 613     610    0.000678017
 613     611    0.000490216
 613     612    0.000278918
 613     613    2.053300000
