5620    5620    2.320400002
5620    5621    0.005510688
5620     602    0.000188516
5620     603    0.005121409
5620     604    0.001168738
5620     610    0.003886003
5620     611    0.003511458
5620     612    0.008888057
5620     613    0.008901590
5621    5620    0.005510688
5621    5621    2.208799995
5621     602    0.003131795
5621     603    0.021668277
5621     604    0.038383096
5621     610    0.003247301
5621     611    0.000003274
5621     612    0.005902562
5621     613    0.007842881
 602    5620    0.000188516
 602    5621    0.003131795
 602     602    2.049200000
 602     603    0.008032534
 602     604    0.001780157
 602     610    0.001884478
 602     611    0.000120026
 602     612    0.002441232
 602     613    0.000836280
 603    5620    0.005121409
 603    5621    0.021668277
 603     602    0.008032534
 603     603    2.046800000
 603     604    0.000052644
 603     610    0.001949940
 603     611    0.000296477
 603     612    0.000229490
 603     613    0.002952510
 604    5620    0.001168738
 604    5621    0.038383096
 604     602    0.001780157
 604     603    0.000052644
 604     604    2.004300000
 604     610    0.001447730
 604     611    0.000559595
 604     612    0.000201615
 604     613    0.000943293
 610    5620    0.003886003
 610    5621    0.003247301
 610     602    0.001884478
 610     603    0.001949940
 610     604    0.001447730
 610     610    2.062900000
 610     611    0.007226426
 610     612    0.004786605
 610     613    0.000605180
 611    5620    0.003511458
 611    5621    0.000003274
 611     602    0.000120026
 611     603    0.000296477
 611     604    0.000559595
 611     610    0.007226426
 611     611    2.051300000
 611     612    0.013482690
 611     613    0.000688127
 612    5620    0.008888057
 612    5621    0.005902562
 612     602    0.002441232
 612     603    0.000229490
 612     604    0.000201615
 612     610    0.004786605
 612     611    0.013482690
 612     612    2.074200000
 612     613    0.000474672
 613    5620    0.008901590
 613    5621    0.007842881
 613     602    0.000836280
 613     603    0.002952510
 613     604    0.000943293
 613     610    0.000605180
 613     611    0.000688127
 613     612    0.000474672
 613     613    2.056800000
