5620    5620     2.294700002
5620    5621     0.005530851
5620     602    -0.001893225
5620     603    -0.006234107
5620     604    -0.002711850
5620     610    -0.004477455
5620     611    -0.000400069
5620     612     0.012500142
5620     613     0.007681626
5621    5620     0.005530851
5621    5621     2.297199995
5621     602     0.000086250
5621     603    -0.029681588
5621     604     0.036299024
5621     610     0.001441377
5621     611     0.000531266
5621     612    -0.006261094
5621     613     0.008605243
 602    5620    -0.001893225
 602    5621     0.000086250
 602     602     2.069400000
 602     603     0.005633558
 602     604    -0.001480726
 602     610    -0.001828987
 602     611     0.000622328
 602     612    -0.002423667
 602     613     0.000009853
 603    5620    -0.006234107
 603    5621    -0.029681588
 603     602     0.005633558
 603     603     1.960700000
 603     604    -0.000432691
 603     610     0.001984901
 603     611     0.000548327
 603     612     0.000095664
 603     613    -0.003676312
 604    5620    -0.002711850
 604    5621     0.036299024
 604     602    -0.001480726
 604     603    -0.000432691
 604     604     2.058000000
 604     610    -0.000928215
 604     611    -0.000442056
 604     612    -0.000873291
 604     613    -0.000901905
 610    5620    -0.004477455
 610    5621     0.001441377
 610     602    -0.001828987
 610     603     0.001984901
 610     604    -0.000928215
 610     610     2.035800000
 610     611    -0.005768594
 610     612    -0.005355010
 610     613    -0.000554884
 611    5620    -0.000400069
 611    5621     0.000531266
 611     602     0.000622328
 611     603     0.000548327
 611     604    -0.000442056
 611     610    -0.005768594
 611     611     2.047300000
 611     612    -0.018349548
 611     613     0.000890717
 612    5620     0.012500142
 612    5621    -0.006261094
 612     602    -0.002423667
 612     603     0.000095664
 612     604    -0.000873291
 612     610    -0.005355010
 612     611    -0.018349548
 612     612     2.048100000
 612     613    -0.000221286
 613    5620     0.007681626
 613    5621     0.008605243
 613     602     0.000009853
 613     603    -0.003676312
 613     604    -0.000901905
 613     610    -0.000554884
 613     611     0.000890717
 613     612    -0.000221286
 613     613     1.995100000
