5620    5620     2.366300002
5620    5621     0.004846060
5620     602    -0.001658631
5620     603     0.006154794
5620     604     0.000231507
5620     610     0.009662226
5620     611    -0.000491190
5620     612     0.002745081
5620     613    -0.007322822
5621    5620     0.004846060
5621    5621     2.364499995
5621     602    -0.001730867
5621     603     0.024716617
5621     604     0.030593374
5621     610     0.000017199
5621     611    -0.000211462
5621     612     0.007039636
5621     613     0.006501248
 602    5620    -0.001658631
 602    5621    -0.001730867
 602     602     2.056000000
 602     603     0.007019639
 602     604    -0.001680423
 602     610     0.001516634
 602     611     0.000657685
 602     612    -0.002690020
 602     613     0.000343123
 603    5620     0.006154794
 603    5621     0.024716617
 603     602     0.007019639
 603     603     1.992700000
 603     604     0.000958745
 603     610    -0.001954957
 603     611    -0.000322602
 603     612    -0.000027711
 603     613     0.003735314
 604    5620     0.000231507
 604    5621     0.030593374
 604     602    -0.001680423
 604     603     0.000958745
 604     604     2.079200000
 604     610     0.000508453
 604     611    -0.000600701
 604     612    -0.000604036
 604     613    -0.001016183
 610    5620     0.009662226
 610    5621     0.000017199
 610     602     0.001516634
 610     603    -0.001954957
 610     604     0.000508453
 610     610     2.044900000
 610     611    -0.006228171
 610     612    -0.007415351
 610     613    -0.000730272
 611    5620    -0.000491190
 611    5621    -0.000211462
 611     602     0.000657685
 611     603    -0.000322602
 611     604    -0.000600701
 611     610    -0.006228171
 611     611     2.025000000
 611     612    -0.015967733
 611     613     0.000728587
 612    5620     0.002745081
 612    5621     0.007039636
 612     602    -0.002690020
 612     603    -0.000027711
 612     604    -0.000604036
 612     610    -0.007415351
 612     611    -0.015967733
 612     612     2.028200000
 612     613    -0.000291718
 613    5620    -0.007322822
 613    5621     0.006501248
 613     602     0.000343123
 613     603     0.003735314
 613     604    -0.001016183
 613     610    -0.000730272
 613     611     0.000728587
 613     612    -0.000291718
 613     613     2.077300000
