5620    5620    2.477000002
5620    5621    0.004409810
5620     602    0.000895781
5620     603    0.006094093
5620     604    0.000206490
5620     610    0.002862296
5620     611    0.000625464
5620     612    0.004654586
5620     613    0.003341829
5621    5620    0.004409810
5621    5621    2.333299995
5621     602    0.001014979
5621     603    0.018772428
5621     604    0.029103362
5621     610    0.002696315
5621     611    0.000156973
5621     612    0.006866192
5621     613    0.008258962
 602    5620    0.000895781
 602    5621    0.001014979
 602     602    2.065500000
 602     603    0.008930686
 602     604    0.001523347
 602     610    0.002220599
 602     611    0.000226526
 602     612    0.002536379
 602     613    0.000851350
 603    5620    0.006094093
 603    5621    0.018772428
 603     602    0.008930686
 603     603    2.024200000
 603     604    0.000194569
 603     610    0.002438261
 603     611    0.000520839
 603     612    0.000074579
 603     613    0.004360878
 604    5620    0.000206490
 604    5621    0.029103362
 604     602    0.001523347
 604     603    0.000194569
 604     604    2.121100000
 604     610    0.001533540
 604     611    0.000609449
 604     612    0.000104432
 604     613    0.001093525
 610    5620    0.002862296
 610    5621    0.002696315
 610     602    0.002220599
 610     603    0.002438261
 610     604    0.001533540
 610     610    1.963300000
 610     611    0.007251271
 610     612    0.006846299
 610     613    0.000329345
 611    5620    0.000625464
 611    5621    0.000156973
 611     602    0.000226526
 611     603    0.000520839
 611     604    0.000609449
 611     610    0.007251271
 611     611    2.035100000
 611     612    0.014918188
 611     613    0.000773271
 612    5620    0.004654586
 612    5621    0.006866192
 612     602    0.002536379
 612     603    0.000074579
 612     604    0.000104432
 612     610    0.006846299
 612     611    0.014918188
 612     612    2.027800000
 612     613    0.000037697
 613    5620    0.003341829
 613    5621    0.008258962
 613     602    0.000851350
 613     603    0.004360878
 613     604    0.001093525
 613     610    0.000329345
 613     611    0.000773271
 613     612    0.000037697
 613     613    2.043800000
