5620    5620     2.267500002
5620    5621    -0.005219001
5620     602     0.001889175
5620     603    -0.005703324
5620     604    -0.003193232
5620     610     0.009745743
5620     611    -0.002558517
5620     612     0.025495912
5620     613     0.008868762
5621    5620    -0.005219001
5621    5621     2.450299995
5621     602     0.001473972
5621     603     0.021228620
5621     604     0.033466068
5621     610    -0.001606718
5621     611     0.000259500
5621     612    -0.006854488
5621     613    -0.008450116
 602    5620     0.001889175
 602    5621     0.001473972
 602     602     2.111000000
 602     603    -0.001880236
 602     604     0.001390463
 602     610    -0.002079744
 602     611     0.000627375
 602     612     0.002474900
 602     613    -0.000279028
 603    5620    -0.005703324
 603    5621     0.021228620
 603     602    -0.001880236
 603     603     2.091300000
 603     604    -0.000226543
 603     610     0.002110001
 603     611    -0.000530201
 603     612    -0.000058418
 603     613    -0.004108786
 604    5620    -0.003193232
 604    5621     0.033466068
 604     602     0.001390463
 604     603    -0.000226543
 604     604     1.988200000
 604     610     0.000974521
 604     611    -0.000917691
 604     612     0.000647787
 604     613     0.001481104
 610    5620     0.009745743
 610    5621    -0.001606718
 610     602    -0.002079744
 610     603     0.002110001
 610     604     0.000974521
 610     610     2.054900000
 610     611    -0.006437934
 610     612    -0.011401799
 610     613     0.000697777
 611    5620    -0.002558517
 611    5621     0.000259500
 611     602     0.000627375
 611     603    -0.000530201
 611     604    -0.000917691
 611     610    -0.006437934
 611     611     2.058600000
 611     612    -0.020577066
 611     613     0.000972627
 612    5620     0.025495912
 612    5621    -0.006854488
 612     602     0.002474900
 612     603    -0.000058418
 612     604     0.000647787
 612     610    -0.011401799
 612     611    -0.020577066
 612     612     2.006800000
 612     613     0.000123684
 613    5620     0.008868762
 613    5621    -0.008450116
 613     602    -0.000279028
 613     603    -0.004108786
 613     604     0.001481104
 613     610     0.000697777
 613     611     0.000972627
 613     612     0.000123684
 613     613     2.026000000
