5620    5620    2.388600002
5620    5621    0.005748669
5620     602    0.000633287
5620     603    0.006251122
5620     604    0.000538823
5620     610    0.001632057
5620     611    0.000902762
5620     612    0.001218717
5620     613    0.006811201
5621    5620    0.005748669
5621    5621    2.429599995
5621     602    0.002381171
5621     603    0.022927423
5621     604    0.033568862
5621     610    0.001499077
5621     611    0.000207034
5621     612    0.007345648
5621     613    0.008881801
 602    5620    0.000633287
 602    5621    0.002381171
 602     602    2.084000000
 602     603    0.006473865
 602     604    0.001526137
 602     610    0.001555378
 602     611    0.000001655
 602     612    0.002459573
 602     613    0.000798406
 603    5620    0.006251122
 603    5621    0.022927423
 603     602    0.006473865
 603     603    2.028000000
 603     604    0.000272732
 603     610    0.002047070
 603     611    0.000381992
 603     612    0.000382184
 603     613    0.004328283
 604    5620    0.000538823
 604    5621    0.033568862
 604     602    0.001526137
 604     603    0.000272732
 604     604    2.043700000
 604     610    0.001210104
 604     611    0.000402221
 604     612    0.000548275
 604     613    0.000971880
 610    5620    0.001632057
 610    5621    0.001499077
 610     602    0.001555378
 610     603    0.002047070
 610     604    0.001210104
 610     610    2.029700000
 610     611    0.005515884
 610     612    0.002442581
 610     613    0.000523259
 611    5620    0.000902762
 611    5621    0.000207034
 611     602    0.000001655
 611     603    0.000381992
 611     604    0.000402221
 611     610    0.005515884
 611     611    2.058200000
 611     612    0.013832986
 611     613    0.000686434
 612    5620    0.001218717
 612    5621    0.007345648
 612     602    0.002459573
 612     603    0.000382184
 612     604    0.000548275
 612     610    0.002442581
 612     611    0.013832986
 612     612    2.093500000
 612     613    0.000395131
 613    5620    0.006811201
 613    5621    0.008881801
 613     602    0.000798406
 613     603    0.004328283
 613     604    0.000971880
 613     610    0.000523259
 613     611    0.000686434
 613     612    0.000395131
 613     613    1.934200000
