5620    5620    2.205600002
5620    5621    0.004896172
5620     602    0.001467747
5620     603    0.006702769
5620     604    0.001960626
5620     610    0.004061813
5620     611    0.000023685
5620     612    0.002047465
5620     613    0.004236396
5621    5620    0.004896172
5621    5621    2.208399995
5621     602    0.001324805
5621     603    0.028343785
5621     604    0.037370130
5621     610    0.000813877
5621     611    0.000364814
5621     612    0.007147916
5621     613    0.009415748
 602    5620    0.001467747
 602    5621    0.001324805
 602     602    2.072100000
 602     603    0.009182201
 602     604    0.001510776
 602     610    0.001484946
 602     611    0.000439035
 602     612    0.002289267
 602     613    0.000528661
 603    5620    0.006702769
 603    5621    0.028343785
 603     602    0.009182201
 603     603    2.019200000
 603     604    0.000457606
 603     610    0.002064482
 603     611    0.000437703
 603     612    0.000165185
 603     613    0.004199162
 604    5620    0.001960626
 604    5621    0.037370130
 604     602    0.001510776
 604     603    0.000457606
 604     604    2.050500000
 604     610    0.000632016
 604     611    0.000546223
 604     612    0.000554269
 604     613    0.001119693
 610    5620    0.004061813
 610    5621    0.000813877
 610     602    0.001484946
 610     603    0.002064482
 610     604    0.000632016
 610     610    2.029100000
 610     611    0.006608541
 610     612    0.002718482
 610     613    0.000420428
 611    5620    0.000023685
 611    5621    0.000364814
 611     602    0.000439035
 611     603    0.000437703
 611     604    0.000546223
 611     610    0.006608541
 611     611    1.962600000
 611     612    0.018685014
 611     613    0.000815094
 612    5620    0.002047465
 612    5621    0.007147916
 612     602    0.002289267
 612     603    0.000165185
 612     604    0.000554269
 612     610    0.002718482
 612     611    0.018685014
 612     612    2.067000000
 612     613    0.000128330
 613    5620    0.004236396
 613    5621    0.009415748
 613     602    0.000528661
 613     603    0.004199162
 613     604    0.001119693
 613     610    0.000420428
 613     611    0.000815094
 613     612    0.000128330
 613     613    2.045300000
