5620    5620    2.335400002
5620    5621    0.004565721
5620     602    0.001800769
5620     603    0.004590468
5620     604    0.001440588
5620     610    0.002284372
5620     611    0.005184323
5620     612    0.008727963
5620     613    0.007256750
5621    5620    0.004565721
5621    5621    2.210499995
5621     602    0.004258182
5621     603    0.021089265
5621     604    0.033265830
5621     610    0.003862597
5621     611    0.000524644
5621     612    0.006809989
5621     613    0.007618603
 602    5620    0.001800769
 602    5621    0.004258182
 602     602    2.052400000
 602     603    0.009097788
 602     604    0.001535894
 602     610    0.002716717
 602     611    0.000504586
 602     612    0.002752461
 602     613    0.000041057
 603    5620    0.004590468
 603    5621    0.021089265
 603     602    0.009097788
 603     603    2.088100000
 603     604    0.000569957
 603     610    0.001724431
 603     611    0.000153961
 603     612    0.000094517
 603     613    0.002876581
 604    5620    0.001440588
 604    5621    0.033265830
 604     602    0.001535894
 604     603    0.000569957
 604     604    2.063600000
 604     610    0.001758473
 604     611    0.000424532
 604     612    0.000441859
 604     613    0.000868404
 610    5620    0.002284372
 610    5621    0.003862597
 610     602    0.002716717
 610     603    0.001724431
 610     604    0.001758473
 610     610    2.048000000
 610     611    0.006768142
 610     612    0.001365429
 610     613    0.000341984
 611    5620    0.005184323
 611    5621    0.000524644
 611     602    0.000504586
 611     603    0.000153961
 611     604    0.000424532
 611     610    0.006768142
 611     611    2.169900000
 611     612    0.020403570
 611     613    0.000475655
 612    5620    0.008727963
 612    5621    0.006809989
 612     602    0.002752461
 612     603    0.000094517
 612     604    0.000441859
 612     610    0.001365429
 612     611    0.020403570
 612     612    2.060500000
 612     613    0.000423926
 613    5620    0.007256750
 613    5621    0.007618603
 613     602    0.000041057
 613     603    0.002876581
 613     604    0.000868404
 613     610    0.000341984
 613     611    0.000475655
 613     612    0.000423926
 613     613    2.005500000
