5620    5620    2.386800002
5620    5621    0.004830636
5620     602    0.000598250
5620     603    0.006093711
5620     604    0.002780544
5620     610    0.001891884
5620     611    0.001861890
5620     612    0.007632054
5620     613    0.005265151
5621    5620    0.004830636
5621    5621    2.422299995
5621     602    0.000688936
5621     603    0.026763706
5621     604    0.037477419
5621     610    0.002446256
5621     611    0.000206832
5621     612    0.007349455
5621     613    0.007470934
 602    5620    0.000598250
 602    5621    0.000688936
 602     602    2.024600000
 602     603    0.012089327
 602     604    0.002039104
 602     610    0.002196845
 602     611    0.000293870
 602     612    0.003078819
 602     613    0.000938971
 603    5620    0.006093711
 603    5621    0.026763706
 603     602    0.012089327
 603     603    1.974000000
 603     604    0.001092473
 603     610    0.002350443
 603     611    0.000218101
 603     612    0.000193198
 603     613    0.003787785
 604    5620    0.002780544
 604    5621    0.037477419
 604     602    0.002039104
 604     603    0.001092473
 604     604    2.036700000
 604     610    0.001802026
 604     611    0.000333591
 604     612    0.001601833
 604     613    0.001015660
 610    5620    0.001891884
 610    5621    0.002446256
 610     602    0.002196845
 610     603    0.002350443
 610     604    0.001802026
 610     610    1.971500000
 610     611    0.006815513
 610     612    0.007551471
 610     613    0.000450114
 611    5620    0.001861890
 611    5621    0.000206832
 611     602    0.000293870
 611     603    0.000218101
 611     604    0.000333591
 611     610    0.006815513
 611     611    2.139300000
 611     612    0.017629609
 611     613    0.000562883
 612    5620    0.007632054
 612    5621    0.007349455
 612     602    0.003078819
 612     603    0.000193198
 612     604    0.001601833
 612     610    0.007551471
 612     611    0.017629609
 612     612    2.033700000
 612     613    0.000023509
 613    5620    0.005265151
 613    5621    0.007470934
 613     602    0.000938971
 613     603    0.003787785
 613     604    0.001015660
 613     610    0.000450114
 613     611    0.000562883
 613     612    0.000023509
 613     613    2.049700000
