5620    5620    2.419800002
5620    5621    0.001897302
5620     602    0.001599401
5620     603    0.005742767
5620     604    0.002130235
5620     610    0.002372648
5620     611    0.000726976
5620     612    0.012013002
5620     613    0.002844332
5621    5620    0.001897302
5621    5621    2.432899995
5621     602    0.001925698
5621     603    0.017898644
5621     604    0.023989033
5621     610    0.000515885
5621     611    0.000572892
5621     612    0.007404039
5621     613    0.009915585
 602    5620    0.001599401
 602    5621    0.001925698
 602     602    1.962200000
 602     603    0.008290662
 602     604    0.001485323
 602     610    0.002125937
 602     611    0.000852726
 602     612    0.002756348
 602     613    0.000715071
 603    5620    0.005742767
 603    5621    0.017898644
 603     602    0.008290662
 603     603    2.097900000
 603     604    0.000511803
 603     610    0.002186313
 603     611    0.000249363
 603     612    0.000266915
 603     613    0.004735075
 604    5620    0.002130235
 604    5621    0.023989033
 604     602    0.001485323
 604     603    0.000511803
 604     604    2.106200000
 604     610    0.000662306
 604     611    0.000780428
 604     612    0.000572960
 604     613    0.001399724
 610    5620    0.002372648
 610    5621    0.000515885
 610     602    0.002125937
 610     603    0.002186313
 610     604    0.000662306
 610     610    2.036300000
 610     611    0.006874949
 610     612    0.005140191
 610     613    0.000522813
 611    5620    0.000726976
 611    5621    0.000572892
 611     602    0.000852726
 611     603    0.000249363
 611     604    0.000780428
 611     610    0.006874949
 611     611    2.088000000
 611     612    0.019024260
 611     613    0.000697499
 612    5620    0.012013002
 612    5621    0.007404039
 612     602    0.002756348
 612     603    0.000266915
 612     604    0.000572960
 612     610    0.005140191
 612     611    0.019024260
 612     612    2.019600000
 612     613    0.000090061
 613    5620    0.002844332
 613    5621    0.009915585
 613     602    0.000715071
 613     603    0.004735075
 613     604    0.001399724
 613     610    0.000522813
 613     611    0.000697499
 613     612    0.000090061
 613     613    1.994000000
