5620    5620     2.394700002
5620    5621    -0.006227399
5620     602    -0.000261785
5620     603     0.005186527
5620     604     0.000245901
5620     610    -0.002034459
5620     611     0.002347769
5620     612     0.017622382
5620     613    -0.007072450
5621    5620    -0.006227399
5621    5621     2.404299995
5621     602    -0.002028209
5621     603     0.020885736
5621     604    -0.032356162
5621     610     0.002533318
5621     611     0.000482308
5621     612     0.007038411
5621     613    -0.007513731
 602    5620    -0.000261785
 602    5621    -0.002028209
 602     602     2.040900000
 602     603    -0.010026380
 602     604     0.001891873
 602     610     0.001556949
 602     611     0.000611605
 602     612    -0.002600929
 602     613    -0.001100889
 603    5620     0.005186527
 603    5621     0.020885736
 603     602    -0.010026380
 603     603     2.086000000
 603     604    -0.000722617
 603     610    -0.001833792
 603     611     0.000321558
 603     612    -0.000147473
 603     613     0.003824466
 604    5620     0.000245901
 604    5621    -0.032356162
 604     602     0.001891873
 604     603    -0.000722617
 604     604     2.045500000
 604     610     0.001447803
 604     611     0.000526679
 604     612    -0.000583136
 604     613     0.001156420
 610    5620    -0.002034459
 610    5621     0.002533318
 610     602     0.001556949
 610     603    -0.001833792
 610     604     0.001447803
 610     610     2.103400000
 610     611    -0.005425128
 610     612    -0.003921150
 610     613     0.000461067
 611    5620     0.002347769
 611    5621     0.000482308
 611     602     0.000611605
 611     603     0.000321558
 611     604     0.000526679
 611     610    -0.005425128
 611     611     2.044000000
 611     612     0.017903812
 611     613    -0.000780543
 612    5620     0.017622382
 612    5621     0.007038411
 612     602    -0.002600929
 612     603    -0.000147473
 612     604    -0.000583136
 612     610    -0.003921150
 612     611     0.017903812
 612     612     2.026400000
 612     613     0.000011076
 613    5620    -0.007072450
 613    5621    -0.007513731
 613     602    -0.001100889
 613     603     0.003824466
 613     604     0.001156420
 613     610     0.000461067
 613     611    -0.000780543
 613     612     0.000011076
 613     613     2.043200000
