5620    5620    2.391200002
5620    5621    0.003399196
5620     602    0.002481387
5620     603    0.006085253
5620     604    0.001660353
5620     610    0.002756455
5620     611    0.000480718
5620     612    0.010010987
5620     613    0.005974264
5621    5620    0.003399196
5621    5621    2.369499995
5621     602    0.002985540
5621     603    0.025815121
5621     604    0.032385286
5621     610    0.001568054
5621     611    0.000013650
5621     612    0.006116935
5621     613    0.008089766
 602    5620    0.002481387
 602    5621    0.002985540
 602     602    2.003300000
 602     603    0.010347849
 602     604    0.001830987
 602     610    0.002575237
 602     611    0.000881702
 602     612    0.002739848
 602     613    0.000248181
 603    5620    0.006085253
 603    5621    0.025815121
 603     602    0.010347849
 603     603    2.052300000
 603     604    0.001223815
 603     610    0.002301632
 603     611    0.000272361
 603     612    0.000206667
 603     613    0.004351005
 604    5620    0.001660353
 604    5621    0.032385286
 604     602    0.001830987
 604     603    0.001223815
 604     604    2.033500000
 604     610    0.001453714
 604     611    0.000307913
 604     612    0.001249441
 604     613    0.001035889
 610    5620    0.002756455
 610    5621    0.001568054
 610     602    0.002575237
 610     603    0.002301632
 610     604    0.001453714
 610     610    2.081100000
 610     611    0.006922598
 610     612    0.007199336
 610     613    0.000646723
 611    5620    0.000480718
 611    5621    0.000013650
 611     602    0.000881702
 611     603    0.000272361
 611     604    0.000307913
 611     610    0.006922598
 611     611    2.065500000
 611     612    0.016270866
 611     613    0.000652403
 612    5620    0.010010987
 612    5621    0.006116935
 612     602    0.002739848
 612     603    0.000206667
 612     604    0.001249441
 612     610    0.007199336
 612     611    0.016270866
 612     612    2.105000000
 612     613    0.000034168
 613    5620    0.005974264
 613    5621    0.008089766
 613     602    0.000248181
 613     603    0.004351005
 613     604    0.001035889
 613     610    0.000646723
 613     611    0.000652403
 613     612    0.000034168
 613     613    1.977300000
