5620    5620     2.338800002
5620    5621    -0.004544115
5620     602     0.000072130
5620     603     0.006358217
5620     604    -0.000091711
5620     610    -0.000411015
5620     611     0.003659915
5620     612     0.009381722
5620     613     0.002859719
5621    5620    -0.004544115
5621    5621     2.187299995
5621     602    -0.004361036
5621     603     0.029189669
5621     604     0.030097368
5621     610     0.003216367
5621     611    -0.000466792
5621     612    -0.006238839
5621     613    -0.010362265
 602    5620     0.000072130
 602    5621    -0.004361036
 602     602     2.180500000
 602     603     0.008781839
 602     604     0.001239638
 602     610     0.001672959
 602     611     0.000403077
 602     612    -0.002003746
 602     613     0.001172040
 603    5620     0.006358217
 603    5621     0.029189669
 603     602     0.008781839
 603     603     2.033400000
 603     604     0.000773404
 603     610    -0.002257298
 603     611     0.000166890
 603     612     0.000098970
 603     613     0.004483899
 604    5620    -0.000091711
 604    5621     0.030097368
 604     602     0.001239638
 604     603     0.000773404
 604     604     2.070200000
 604     610    -0.001593691
 604     611     0.000360292
 604     612     0.000544627
 604     613     0.000919925
 610    5620    -0.000411015
 610    5621     0.003216367
 610     602     0.001672959
 610     603    -0.002257298
 610     604    -0.001593691
 610     610     2.116800000
 610     611     0.006088774
 610     612     0.003316055
 610     613    -0.000229678
 611    5620     0.003659915
 611    5621    -0.000466792
 611     602     0.000403077
 611     603     0.000166890
 611     604     0.000360292
 611     610     0.006088774
 611     611     2.079300000
 611     612    -0.016292784
 611     613    -0.000407275
 612    5620     0.009381722
 612    5621    -0.006238839
 612     602    -0.002003746
 612     603     0.000098970
 612     604     0.000544627
 612     610     0.003316055
 612     611    -0.016292784
 612     612     2.104700000
 612     613     0.000087057
 613    5620     0.002859719
 613    5621    -0.010362265
 613     602     0.001172040
 613     603     0.004483899
 613     604     0.000919925
 613     610    -0.000229678
 613     611    -0.000407275
 613     612     0.000087057
 613     613     2.017600000
