5620    5620    2.185600002
5620    5621    0.003926637
5620     602    0.000830539
5620     603    0.006033498
5620     604    0.000168907
5620     610    0.005118767
5620     611    0.000940098
5620     612    0.014519147
5620     613    0.009685674
5621    5620    0.003926637
5621    5621    2.258699995
5621     602    0.005925951
5621     603    0.016609832
5621     604    0.030277834
5621     610    0.000262097
5621     611    0.000179755
5621     612    0.007302860
5621     613    0.008777536
 602    5620    0.000830539
 602    5621    0.005925951
 602     602    2.078600000
 602     603    0.006440395
 602     604    0.001734896
 602     610    0.000514086
 602     611    0.000509143
 602     612    0.002452534
 602     613    0.001583598
 603    5620    0.006033498
 603    5621    0.016609832
 603     602    0.006440395
 603     603    2.112100000
 603     604    0.000409232
 603     610    0.001865040
 603     611    0.000457944
 603     612    0.000115017
 603     613    0.004163002
 604    5620    0.000168907
 604    5621    0.030277834
 604     602    0.001734896
 604     603    0.000409232
 604     604    2.028500000
 604     610    0.000085193
 604     611    0.000631821
 604     612    0.000260196
 604     613    0.001167126
 610    5620    0.005118767
 610    5621    0.000262097
 610     602    0.000514086
 610     603    0.001865040
 610     604    0.000085193
 610     610    2.081400000
 610     611    0.006750576
 610     612    0.007447960
 610     613    0.000886644
 611    5620    0.000940098
 611    5621    0.000179755
 611     602    0.000509143
 611     603    0.000457944
 611     604    0.000631821
 611     610    0.006750576
 611     611    2.017800000
 611     612    0.020307809
 611     613    0.001045754
 612    5620    0.014519147
 612    5621    0.007302860
 612     602    0.002452534
 612     603    0.000115017
 612     604    0.000260196
 612     610    0.007447960
 612     611    0.020307809
 612     612    2.057100000
 612     613    0.000040689
 613    5620    0.009685674
 613    5621    0.008777536
 613     602    0.001583598
 613     603    0.004163002
 613     604    0.001167126
 613     610    0.000886644
 613     611    0.001045754
 613     612    0.000040689
 613     613    1.963500000
