5620    5620     2.431800002
5620    5621     0.002274065
5620     602    -0.000511325
5620     603    -0.005401013
5620     604     0.000712409
5620     610    -0.000940528
5620     611    -0.001196901
5620     612     0.008268275
5620     613     0.007472457
5621    5620     0.002274065
5621    5621     2.356199995
5621     602     0.002378675
5621     603     0.015498686
5621     604    -0.033986845
5621     610     0.002304649
5621     611    -0.000060440
5621     612    -0.007561224
5621     613     0.006166100
 602    5620    -0.000511325
 602    5621     0.002378675
 602     602     2.011900000
 602     603    -0.007540482
 602     604    -0.001861084
 602     610    -0.001768000
 602     611     0.000217082
 602     612    -0.002765024
 602     613     0.000818693
 603    5620    -0.005401013
 603    5621     0.015498686
 603     602    -0.007540482
 603     603     1.971800000
 603     604     0.000325344
 603     610     0.001761522
 603     611    -0.000588011
 603     612    -0.000092139
 603     613    -0.003448984
 604    5620     0.000712409
 604    5621    -0.033986845
 604     602    -0.001861084
 604     603     0.000325344
 604     604     2.035700000
 604     610    -0.001245373
 604     611     0.000846316
 604     612    -0.000162648
 604     613    -0.001227023
 610    5620    -0.000940528
 610    5621     0.002304649
 610     602    -0.001768000
 610     603     0.001761522
 610     604    -0.001245373
 610     610     2.089100000
 610     611    -0.005710424
 610     612    -0.003975999
 610     613     0.000470994
 611    5620    -0.001196901
 611    5621    -0.000060440
 611     602     0.000217082
 611     603    -0.000588011
 611     604     0.000846316
 611     610    -0.005710424
 611     611     1.985400000
 611     612     0.018066786
 611     613     0.001166162
 612    5620     0.008268275
 612    5621    -0.007561224
 612     602    -0.002765024
 612     603    -0.000092139
 612     604    -0.000162648
 612     610    -0.003975999
 612     611     0.018066786
 612     612     2.031200000
 612     613    -0.000165383
 613    5620     0.007472457
 613    5621     0.006166100
 613     602     0.000818693
 613     603    -0.003448984
 613     604    -0.001227023
 613     610     0.000470994
 613     611     0.001166162
 613     612    -0.000165383
 613     613     2.041700000
