5620    5620     2.460800002
5620    5621     0.003450403
5620     602    -0.000641736
5620     603     0.005994096
5620     604     0.002502554
5620     610     0.003628783
5620     611    -0.002462871
5620     612     0.008082761
5620     613    -0.003608549
5621    5620     0.003450403
5621    5621     2.366899995
5621     602    -0.000885511
5621     603     0.020461426
5621     604    -0.024565941
5621     610     0.001719694
5621     611     0.000305751
5621     612    -0.006917108
5621     613     0.009135897
 602    5620    -0.000641736
 602    5621    -0.000885511
 602     602     2.092000000
 602     603     0.010763285
 602     604     0.001235591
 602     610    -0.001621608
 602     611     0.000614929
 602     612     0.002744591
 602     613    -0.001096785
 603    5620     0.005994096
 603    5621     0.020461426
 603     602     0.010763285
 603     603     2.037000000
 603     604    -0.000688892
 603     610     0.002179221
 603     611    -0.000415905
 603     612    -0.000088552
 603     613     0.005011428
 604    5620     0.002502554
 604    5621    -0.024565941
 604     602     0.001235591
 604     603    -0.000688892
 604     604     2.080600000
 604     610     0.000883649
 604     611     0.000382559
 604     612    -0.000632785
 604     613    -0.000901367
 610    5620     0.003628783
 610    5621     0.001719694
 610     602    -0.001621608
 610     603     0.002179221
 610     604     0.000883649
 610     610     2.072100000
 610     611     0.006546839
 610     612     0.003509640
 610     613     0.000448161
 611    5620    -0.002462871
 611    5621     0.000305751
 611     602     0.000614929
 611     603    -0.000415905
 611     604     0.000382559
 611     610     0.006546839
 611     611     2.037400000
 611     612    -0.019299372
 611     613     0.000897430
 612    5620     0.008082761
 612    5621    -0.006917108
 612     602     0.002744591
 612     603    -0.000088552
 612     604    -0.000632785
 612     610     0.003509640
 612     611    -0.019299372
 612     612     1.983200000
 612     613     0.000188569
 613    5620    -0.003608549
 613    5621     0.009135897
 613     602    -0.001096785
 613     603     0.005011428
 613     604    -0.000901367
 613     610     0.000448161
 613     611     0.000897430
 613     612     0.000188569
 613     613     1.946400000
