5620    5620    2.402700002
5620    5621    0.002169482
5620     602    0.001607295
5620     603    0.006152501
5620     604    0.003134645
5620     610    0.000969587
5620     611    0.004147584
5620     612    0.000307904
5620     613    0.007830866
5621    5620    0.002169482
5621    5621    2.439499995
5621     602    0.002122139
5621     603    0.011595227
5621     604    0.032817444
5621     610    0.003258232
5621     611    0.001141905
5621     612    0.005980497
5621     613    0.006100319
 602    5620    0.001607295
 602    5621    0.002122139
 602     602    2.049800000
 602     603    0.004999267
 602     604    0.001513762
 602     610    0.002499281
 602     611    0.000451339
 602     612    0.002022797
 602     613    0.000092684
 603    5620    0.006152501
 603    5621    0.011595227
 603     602    0.004999267
 603     603    2.081300000
 603     604    0.000266983
 603     610    0.002151428
 603     611    0.000047135
 603     612    0.000400047
 603     613    0.003836787
 604    5620    0.003134645
 604    5621    0.032817444
 604     602    0.001513762
 604     603    0.000266983
 604     604    2.005200000
 604     610    0.002299000
 604     611    0.000288977
 604     612    0.000917037
 604     613    0.000853541
 610    5620    0.000969587
 610    5621    0.003258232
 610     602    0.002499281
 610     603    0.002151428
 610     604    0.002299000
 610     610    1.990400000
 610     611    0.006618841
 610     612    0.002328934
 610     613    0.000469490
 611    5620    0.004147584
 611    5621    0.001141905
 611     602    0.000451339
 611     603    0.000047135
 611     604    0.000288977
 611     610    0.006618841
 611     611    2.019200000
 611     612    0.018907971
 611     613    0.000167641
 612    5620    0.000307904
 612    5621    0.005980497
 612     602    0.002022797
 612     603    0.000400047
 612     604    0.000917037
 612     610    0.002328934
 612     611    0.018907971
 612     612    2.085100000
 612     613    0.000406461
 613    5620    0.007830866
 613    5621    0.006100319
 613     602    0.000092684
 613     603    0.003836787
 613     604    0.000853541
 613     610    0.000469490
 613     611    0.000167641
 613     612    0.000406461
 613     613    1.974400000
