5620    5620     2.301700002
5620    5621    -0.004637063
5620     602    -0.001898080
5620     603     0.006234843
5620     604     0.000474520
5620     610    -0.001867249
5620     611    -0.003534639
5620     612     0.003853734
5620     613    -0.007975144
5621    5620    -0.004637063
5621    5621     2.362899995
5621     602     0.003838292
5621     603    -0.014671552
5621     604     0.031271618
5621     610     0.001830514
5621     611     0.001343429
5621     612    -0.007516311
5621     613     0.004544854
 602    5620    -0.001898080
 602    5621     0.003838292
 602     602     2.029700000
 602     603    -0.003671692
 602     604    -0.001528557
 602     610     0.002039704
 602     611     0.000224250
 602     612     0.002353320
 602     613    -0.000151063
 603    5620     0.006234843
 603    5621    -0.014671552
 603     602    -0.003671692
 603     603     2.096900000
 603     604     0.000750894
 603     610    -0.002073100
 603     611     0.000165635
 603     612    -0.000598473
 603     613    -0.003505683
 604    5620     0.000474520
 604    5621     0.031271618
 604     602    -0.001528557
 604     603     0.000750894
 604     604     2.096200000
 604     610    -0.001134853
 604     611     0.000619588
 604     612     0.000039697
 604     613     0.000962811
 610    5620    -0.001867249
 610    5621     0.001830514
 610     602     0.002039704
 610     603    -0.002073100
 610     604    -0.001134853
 610     610     2.061900000
 610     611     0.007013313
 610     612    -0.003192116
 610     613    -0.000492784
 611    5620    -0.003534639
 611    5621     0.001343429
 611     602     0.000224250
 611     603     0.000165635
 611     604     0.000619588
 611     610     0.007013313
 611     611     2.026300000
 611     612    -0.020032748
 611     613     0.000433252
 612    5620     0.003853734
 612    5621    -0.007516311
 612     602     0.002353320
 612     603    -0.000598473
 612     604     0.000039697
 612     610    -0.003192116
 612     611    -0.020032748
 612     612     2.066400000
 612     613     0.000559005
 613    5620    -0.007975144
 613    5621     0.004544854
 613     602    -0.000151063
 613     603    -0.003505683
 613     604     0.000962811
 613     610    -0.000492784
 613     611     0.000433252
 613     612     0.000559005
 613     613     2.043100000
