5620    5620    2.198400002
5620    5621    0.003484374
5620     602    0.001075769
5620     603    0.005479225
5620     604    0.000569120
5620     610    0.002122420
5620     611    0.002351299
5620     612    0.004808358
5620     613    0.003095036
5621    5620    0.003484374
5621    5621    2.333499995
5621     602    0.001342430
5621     603    0.016887528
5621     604    0.030466515
5621     610    0.001826100
5621     611    0.000220623
5621     612    0.005907427
5621     613    0.007109629
 602    5620    0.001075769
 602    5621    0.001342430
 602     602    2.062100000
 602     603    0.008846908
 602     604    0.001591392
 602     610    0.002331565
 602     611    0.000789210
 602     612    0.002450226
 602     613    0.000783926
 603    5620    0.005479225
 603    5621    0.016887528
 603     602    0.008846908
 603     603    2.069200000
 603     604    0.000552713
 603     610    0.002287065
 603     611    0.000303736
 603     612    0.000066024
 603     613    0.003776241
 604    5620    0.000569120
 604    5621    0.030466515
 604     602    0.001591392
 604     603    0.000552713
 604     604    2.020900000
 604     610    0.001281224
 604     611    0.000563753
 604     612    0.000354932
 604     613    0.001229845
 610    5620    0.002122420
 610    5621    0.001826100
 610     602    0.002331565
 610     603    0.002287065
 610     604    0.001281224
 610     610    2.017100000
 610     611    0.006654668
 610     612    0.004108731
 610     613    0.000384376
 611    5620    0.002351299
 611    5621    0.000220623
 611     602    0.000789210
 611     603    0.000303736
 611     604    0.000563753
 611     610    0.006654668
 611     611    2.072300000
 611     612    0.016062329
 611     613    0.000610659
 612    5620    0.004808358
 612    5621    0.005907427
 612     602    0.002450226
 612     603    0.000066024
 612     604    0.000354932
 612     610    0.004108731
 612     611    0.016062329
 612     612    2.129700000
 612     613    0.000094366
 613    5620    0.003095036
 613    5621    0.007109629
 613     602    0.000783926
 613     603    0.003776241
 613     604    0.001229845
 613     610    0.000384376
 613     611    0.000610659
 613     612    0.000094366
 613     613    2.038700000
