5620    5620    2.327000002
5620    5621    0.004612877
5620     602    0.001097517
5620     603    0.006548229
5620     604    0.000698984
5620     610    0.005070670
5620     611    0.001017927
5620     612    0.003145499
5620     613    0.007653445
5621    5620    0.004612877
5621    5621    2.341399995
5621     602    0.003192919
5621     603    0.023385345
5621     604    0.029916248
5621     610    0.001574686
5621     611    0.000235612
5621     612    0.007444935
5621     613    0.007090730
 602    5620    0.001097517
 602    5621    0.003192919
 602     602    2.086300000
 602     603    0.005980276
 602     604    0.001380017
 602     610    0.001552108
 602     611    0.000003136
 602     612    0.002378410
 602     613    0.000397525
 603    5620    0.006548229
 603    5621    0.023385345
 603     602    0.005980276
 603     603    2.049900000
 603     604    0.000623796
 603     610    0.001913278
 603     611    0.000397513
 603     612    0.000062561
 603     613    0.004157896
 604    5620    0.000698984
 604    5621    0.029916248
 604     602    0.001380017
 604     603    0.000623796
 604     604    2.040800000
 604     610    0.000792952
 604     611    0.000587735
 604     612    0.000032728
 604     613    0.001022017
 610    5620    0.005070670
 610    5621    0.001574686
 610     602    0.001552108
 610     603    0.001913278
 610     604    0.000792952
 610     610    2.098200000
 610     611    0.006036397
 610     612    0.002712413
 610     613    0.000466522
 611    5620    0.001017927
 611    5621    0.000235612
 611     602    0.000003136
 611     603    0.000397513
 611     604    0.000587735
 611     610    0.006036397
 611     611    2.086000000
 611     612    0.017727112
 611     613    0.000676044
 612    5620    0.003145499
 612    5621    0.007444935
 612     602    0.002378410
 612     603    0.000062561
 612     604    0.000032728
 612     610    0.002712413
 612     611    0.017727112
 612     612    1.971700000
 612     613    0.000214243
 613    5620    0.007653445
 613    5621    0.007090730
 613     602    0.000397525
 613     603    0.004157896
 613     604    0.001022017
 613     610    0.000466522
 613     611    0.000676044
 613     612    0.000214243
 613     613    2.050000000
