5620    5620     2.275600002
5620    5621    -0.004490321
5620     602     0.000697203
5620     603     0.005491346
5620     604     0.000130334
5620     610    -0.000031547
5620     611    -0.003230884
5620     612     0.006235830
5620     613     0.006575069
5621    5620    -0.004490321
5621    5621     2.331799995
5621     602    -0.002363880
5621     603    -0.018015292
5621     604     0.028534429
5621     610     0.001893692
5621     611     0.000526830
5621     612     0.007007208
5621     613    -0.007036328
 602    5620     0.000697203
 602    5621    -0.002363880
 602     602     2.128600000
 602     603    -0.006604678
 602     604     0.001326191
 602     610     0.001859833
 602     611    -0.000577962
 602     612    -0.002234700
 602     613     0.000698179
 603    5620     0.005491346
 603    5621    -0.018015292
 603     602    -0.006604678
 603     603     2.022400000
 603     604    -0.000322311
 603     610    -0.001979965
 603     611    -0.000088175
 603     612     0.000045877
 603     613     0.003374754
 604    5620     0.000130334
 604    5621     0.028534429
 604     602     0.001326191
 604     603    -0.000322311
 604     604     2.075200000
 604     610     0.001610510
 604     611     0.000473447
 604     612     0.000371585
 604     613    -0.000871933
 610    5620    -0.000031547
 610    5621     0.001893692
 610     602     0.001859833
 610     603    -0.001979965
 610     604     0.001610510
 610     610     2.027000000
 610     611     0.006972397
 610     612    -0.008199828
 610     613     0.000459076
 611    5620    -0.003230884
 611    5621     0.000526830
 611     602    -0.000577962
 611     603    -0.000088175
 611     604     0.000473447
 611     610     0.006972397
 611     611     2.026300000
 611     612    -0.015725161
 611     613    -0.000529273
 612    5620     0.006235830
 612    5621     0.007007208
 612     602    -0.002234700
 612     603     0.000045877
 612     604     0.000371585
 612     610    -0.008199828
 612     611    -0.015725161
 612     612     2.127900000
 612     613    -0.000081152
 613    5620     0.006575069
 613    5621    -0.007036328
 613     602     0.000698179
 613     603     0.003374754
 613     604    -0.000871933
 613     610     0.000459076
 613     611    -0.000529273
 613     612    -0.000081152
 613     613     2.063300000
