5620    5620    2.298800002
5620    5621    0.004113042
5620     602    0.002019307
5620     603    0.006084967
5620     604    0.000143630
5620     610    0.005644295
5620     611    0.001239435
5620     612    0.005551626
5620     613    0.006382599
5621    5620    0.004113042
5621    5621    2.306099995
5621     602    0.007744003
5621     603    0.022874940
5621     604    0.029123944
5621     610    0.000476922
5621     611    0.000489442
5621     612    0.007245831
5621     613    0.006846440
 602    5620    0.002019307
 602    5621    0.007744003
 602     602    1.978800000
 602     603    0.013003328
 602     604    0.001662740
 602     610    0.001647120
 602     611    0.000431655
 602     612    0.002880677
 602     613    0.000414310
 603    5620    0.006084967
 603    5621    0.022874940
 603     602    0.013003328
 603     603    1.984900000
 603     604    0.001155467
 603     610    0.001881578
 603     611    0.000327286
 603     612    0.000187927
 603     613    0.003977830
 604    5620    0.000143630
 604    5621    0.029123944
 604     602    0.001662740
 604     603    0.001155467
 604     604    2.061900000
 604     610    0.000216027
 604     611    0.000480460
 604     612    0.000411291
 604     613    0.001093372
 610    5620    0.005644295
 610    5621    0.000476922
 610     602    0.001647120
 610     603    0.001881578
 610     604    0.000216027
 610     610    2.100100000
 610     611    0.005624581
 610     612    0.007407327
 610     613    0.000606828
 611    5620    0.001239435
 611    5621    0.000489442
 611     602    0.000431655
 611     603    0.000327286
 611     604    0.000480460
 611     610    0.005624581
 611     611    2.036900000
 611     612    0.016590777
 611     613    0.000622691
 612    5620    0.005551626
 612    5621    0.007245831
 612     602    0.002880677
 612     603    0.000187927
 612     604    0.000411291
 612     610    0.007407327
 612     611    0.016590777
 612     612    2.009800000
 612     613    0.000129929
 613    5620    0.006382599
 613    5621    0.006846440
 613     602    0.000414310
 613     603    0.003977830
 613     604    0.001093372
 613     610    0.000606828
 613     611    0.000622691
 613     612    0.000129929
 613     613    2.039400000
