5620    5620     2.346200002
5620    5621     0.004488326
5620     602    -0.001854082
5620     603     0.004759401
5620     604    -0.000188796
5620     610    -0.008587955
5620     611     0.001738235
5620     612     0.008698203
5620     613     0.006347886
5621    5620     0.004488326
5621    5621     2.298599995
5621     602     0.007089653
5621     603    -0.015671740
5621     604    -0.028846658
5621     610    -0.001405331
5621     611    -0.000579415
5621     612    -0.008090390
5621     613     0.007521872
 602    5620    -0.001854082
 602    5621     0.007089653
 602     602     1.994000000
 602     603    -0.007299963
 602     604     0.001378922
 602     610     0.001512649
 602     611     0.000929157
 602     612    -0.002779450
 602     613    -0.000015275
 603    5620     0.004759401
 603    5621    -0.015671740
 603     602    -0.007299963
 603     603     2.037200000
 603     604    -0.000749395
 603     610    -0.001531071
 603     611    -0.000415244
 603     612    -0.000002337
 603     613    -0.003628480
 604    5620    -0.000188796
 604    5621    -0.028846658
 604     602     0.001378922
 604     603    -0.000749395
 604     604     2.060700000
 604     610    -0.000180406
 604     611    -0.000543597
 604     612    -0.000143737
 604     613     0.001049479
 610    5620    -0.008587955
 610    5621    -0.001405331
 610     602     0.001512649
 610     603    -0.001531071
 610     604    -0.000180406
 610     610     2.063800000
 610     611     0.005898900
 610     612     0.006120605
 610     613    -0.000676669
 611    5620     0.001738235
 611    5621    -0.000579415
 611     602     0.000929157
 611     603    -0.000415244
 611     604    -0.000543597
 611     610     0.005898900
 611     611     2.010600000
 611     612     0.021285631
 611     613    -0.000945240
 612    5620     0.008698203
 612    5621    -0.008090390
 612     602    -0.002779450
 612     603    -0.000002337
 612     604    -0.000143737
 612     610     0.006120605
 612     611     0.021285631
 612     612     2.011200000
 612     613     0.000246838
 613    5620     0.006347886
 613    5621     0.007521872
 613     602    -0.000015275
 613     603    -0.003628480
 613     604     0.001049479
 613     610    -0.000676669
 613     611    -0.000945240
 613     612     0.000246838
 613     613     2.051900000
