5620    5620    2.483800002
5620    5621    0.005487756
5620     602    0.000363863
5620     603    0.006300034
5620     604    0.000817153
5620     610    0.002616708
5620     611    0.001571983
5620     612    0.001104329
5620     613    0.005129274
5621    5620    0.005487756
5621    5621    2.310599995
5621     602    0.005441668
5621     603    0.025194881
5621     604    0.031612599
5621     610    0.001985928
5621     611    0.000281156
5621     612    0.007232133
5621     613    0.007090906
 602    5620    0.000363863
 602    5621    0.005441668
 602     602    2.062800000
 602     603    0.010432326
 602     604    0.001541823
 602     610    0.001297009
 602     611    0.000764771
 602     612    0.002372433
 602     613    0.001419718
 603    5620    0.006300034
 603    5621    0.025194881
 603     602    0.010432326
 603     603    1.986600000
 603     604    0.001284496
 603     610    0.002238546
 603     611    0.000537755
 603     612    0.000124932
 603     613    0.004296624
 604    5620    0.000817153
 604    5621    0.031612599
 604     602    0.001541823
 604     603    0.001284496
 604     604    2.000800000
 604     610    0.001900521
 604     611    0.000312755
 604     612    0.001179564
 604     613    0.001009110
 610    5620    0.002616708
 610    5621    0.001985928
 610     602    0.001297009
 610     603    0.002238546
 610     604    0.001900521
 610     610    2.061500000
 610     611    0.006790997
 610     612    0.006591229
 610     613    0.000369913
 611    5620    0.001571983
 611    5621    0.000281156
 611     602    0.000764771
 611     603    0.000537755
 611     604    0.000312755
 611     610    0.006790997
 611     611    2.028600000
 611     612    0.018825371
 611     613    0.000864903
 612    5620    0.001104329
 612    5621    0.007232133
 612     602    0.002372433
 612     603    0.000124932
 612     604    0.001179564
 612     610    0.006591229
 612     611    0.018825371
 612     612    2.005200000
 612     613    0.000358730
 613    5620    0.005129274
 613    5621    0.007090906
 613     602    0.001419718
 613     603    0.004296624
 613     604    0.001009110
 613     610    0.000369913
 613     611    0.000864903
 613     612    0.000358730
 613     613    2.022300000
