5620    5620     2.509100002
5620    5621    -0.004726235
5620     602    -0.000776537
5620     603    -0.005170617
5620     604     0.002205667
5620     610     0.002226157
5620     611    -0.002013290
5620     612     0.002208968
5620     613    -0.007661463
5621    5620    -0.004726235
5621    5621     2.533399995
5621     602     0.002449687
5621     603     0.026268960
5621     604    -0.024965353
5621     610     0.002137723
5621     611    -0.000537044
5621     612    -0.006408971
5621     613     0.006404034
 602    5620    -0.000776537
 602    5621     0.002449687
 602     602     2.029400000
 602     603    -0.010244082
 602     604     0.001396328
 602     610     0.002180589
 602     611    -0.000036202
 602     612    -0.002637975
 602     613     0.000778951
 603    5620    -0.005170617
 603    5621     0.026268960
 603     602    -0.010244082
 603     603     2.006200000
 603     604     0.001101020
 603     610     0.002264025
 603     611    -0.000125647
 603     612     0.000050908
 603     613     0.003459178
 604    5620     0.002205667
 604    5621    -0.024965353
 604     602     0.001396328
 604     603     0.001101020
 604     604     2.111700000
 604     610     0.001407167
 604     611     0.000612204
 604     612    -0.000415451
 604     613     0.001009818
 610    5620     0.002226157
 610    5621     0.002137723
 610     602     0.002180589
 610     603     0.002264025
 610     604     0.001407167
 610     610     2.037200000
 610     611    -0.007605066
 610     612    -0.005669628
 610     613     0.000630187
 611    5620    -0.002013290
 611    5621    -0.000537044
 611     602    -0.000036202
 611     603    -0.000125647
 611     604     0.000612204
 611     610    -0.007605066
 611     611     2.134900000
 611     612    -0.018157421
 611     613    -0.000580880
 612    5620     0.002208968
 612    5621    -0.006408971
 612     602    -0.002637975
 612     603     0.000050908
 612     604    -0.000415451
 612     610    -0.005669628
 612     611    -0.018157421
 612     612     2.027400000
 612     613    -0.000555709
 613    5620    -0.007661463
 613    5621     0.006404034
 613     602     0.000778951
 613     603     0.003459178
 613     604     0.001009818
 613     610     0.000630187
 613     611    -0.000580880
 613     612    -0.000555709
 613     613     2.025300000
