5620    5620    2.262400002
5620    5621    0.003827764
5620     602    0.001342263
5620     603    0.006342599
5620     604    0.001715345
5620     610    0.001813814
5620     611    0.000776470
5620     612    0.006304203
5620     613    0.007892717
5621    5620    0.003827764
5621    5621    2.302399995
5621     602    0.005037240
5621     603    0.026193801
5621     604    0.031936375
5621     610    0.003155204
5621     611    0.000275302
5621     612    0.006823682
5621     613    0.008882965
 602    5620    0.001342263
 602    5621    0.005037240
 602     602    2.092500000
 602     603    0.010800922
 602     604    0.001919075
 602     610    0.001795621
 602     611    0.000541469
 602     612    0.002858075
 602     613    0.001975737
 603    5620    0.006342599
 603    5621    0.026193801
 603     602    0.010800922
 603     603    2.044300000
 603     604    0.001211962
 603     610    0.002162783
 603     611    0.000517310
 603     612    0.000057823
 603     613    0.004473859
 604    5620    0.001715345
 604    5621    0.031936375
 604     602    0.001919075
 604     603    0.001211962
 604     604    2.041000000
 604     610    0.001892973
 604     611    0.000694372
 604     612    0.000304387
 604     613    0.001351273
 610    5620    0.001813814
 610    5621    0.003155204
 610     602    0.001795621
 610     603    0.002162783
 610     604    0.001892973
 610     610    2.041800000
 610     611    0.005851584
 610     612    0.005387991
 610     613    0.000540993
 611    5620    0.000776470
 611    5621    0.000275302
 611     602    0.000541469
 611     603    0.000517310
 611     604    0.000694372
 611     610    0.005851584
 611     611    1.962400000
 611     612    0.015967081
 611     613    0.001128282
 612    5620    0.006304203
 612    5621    0.006823682
 612     602    0.002858075
 612     603    0.000057823
 612     604    0.000304387
 612     610    0.005387991
 612     611    0.015967081
 612     612    2.026000000
 612     613    0.000270746
 613    5620    0.007892717
 613    5621    0.008882965
 613     602    0.001975737
 613     603    0.004473859
 613     604    0.001351273
 613     610    0.000540993
 613     611    0.001128282
 613     612    0.000270746
 613     613    2.009100000
