5620    5620    2.300400002
5620    5621    0.005894677
5620     602    0.000232535
5620     603    0.006181858
5620     604    0.003229654
5620     610    0.003648426
5620     611    0.000329352
5620     612    0.012537232
5620     613    0.009517335
5621    5620    0.005894677
5621    5621    2.381599995
5621     602    0.001970360
5621     603    0.026418446
5621     604    0.023398882
5621     610    0.001577295
5621     611    0.000000095
5621     612    0.006647285
5621     613    0.007348906
 602    5620    0.000232535
 602    5621    0.001970360
 602     602    2.083700000
 602     603    0.010841266
 602     604    0.001343008
 602     610    0.001357736
 602     611    0.000207304
 602     612    0.002291736
 602     613    0.000805919
 603    5620    0.006181858
 603    5621    0.026418446
 603     602    0.010841266
 603     603    2.043300000
 603     604    0.001021846
 603     610    0.002006176
 603     611    0.000663306
 603     612    0.000052007
 603     613    0.003772933
 604    5620    0.003229654
 604    5621    0.023398882
 604     602    0.001343008
 604     603    0.001021846
 604     604    2.099900000
 604     610    0.000874155
 604     611    0.000744709
 604     612    0.000372166
 604     613    0.000888752
 610    5620    0.003648426
 610    5621    0.001577295
 610     602    0.001357736
 610     603    0.002006176
 610     604    0.000874155
 610     610    2.100300000
 610     611    0.006253869
 610     612    0.005196238
 610     613    0.000666525
 611    5620    0.000329352
 611    5621    0.000000095
 611     602    0.000207304
 611     603    0.000663306
 611     604    0.000744709
 611     610    0.006253869
 611     611    1.964600000
 611     612    0.015414888
 611     613    0.001232949
 612    5620    0.012537232
 612    5621    0.006647285
 612     602    0.002291736
 612     603    0.000052007
 612     604    0.000372166
 612     610    0.005196238
 612     611    0.015414888
 612     612    2.021200000
 612     613    0.000230833
 613    5620    0.009517335
 613    5621    0.007348906
 613     602    0.000805919
 613     603    0.003772933
 613     604    0.000888752
 613     610    0.000666525
 613     611    0.001232949
 613     612    0.000230833
 613     613    2.017300000
