5620    5620    2.444600002
5620    5621    0.004631019
5620     602    0.001463620
5620     603    0.004544687
5620     604    0.001366986
5620     610    0.004199833
5620     611    0.000924061
5620     612    0.002477122
5620     613    0.003903226
5621    5620    0.004631019
5621    5621    2.469399995
5621     602    0.002602557
5621     603    0.012295816
5621     604    0.029132105
5621     610    0.000995478
5621     611    0.000203377
5621     612    0.007228485
5621     613    0.007926599
 602    5620    0.001463620
 602    5621    0.002602557
 602     602    2.058000000
 602     603    0.003844645
 602     604    0.001332540
 602     610    0.001979758
 602     611    0.000466792
 602     612    0.002536133
 602     613    0.000640292
 603    5620    0.004544687
 603    5621    0.012295816
 603     602    0.003844645
 603     603    2.098200000
 603     604    0.000237016
 603     610    0.001889570
 603     611    0.000463606
 603     612    0.000333609
 603     613    0.003868971
 604    5620    0.001366986
 604    5621    0.029132105
 604     602    0.001332540
 604     603    0.000237016
 604     604    2.120800000
 604     610    0.000431218
 604     611    0.000639902
 604     612    0.000480120
 604     613    0.001307301
 610    5620    0.004199833
 610    5621    0.000995478
 610     602    0.001979758
 610     603    0.001889570
 610     604    0.000431218
 610     610    1.965100000
 610     611    0.007459183
 610     612    0.008544096
 610     613    0.000626199
 611    5620    0.000924061
 611    5621    0.000203377
 611     602    0.000466792
 611     603    0.000463606
 611     604    0.000639902
 611     610    0.007459183
 611     611    2.033800000
 611     612    0.018124834
 611     613    0.000918960
 612    5620    0.002477122
 612    5621    0.007228485
 612     602    0.002536133
 612     603    0.000333609
 612     604    0.000480120
 612     610    0.008544096
 612     611    0.018124834
 612     612    2.043200000
 612     613    0.000268295
 613    5620    0.003903226
 613    5621    0.007926599
 613     602    0.000640292
 613     603    0.003868971
 613     604    0.001307301
 613     610    0.000626199
 613     611    0.000918960
 613     612    0.000268295
 613     613    2.032500000
