5620    5620    2.451200002
5620    5621    0.005312841
5620     602    0.001422226
5620     603    0.005569477
5620     604    0.002897923
5620     610    0.005261512
5620     611    0.003903062
5620     612    0.011348084
5620     613    0.008392782
5621    5620    0.005312841
5621    5621    2.265799995
5621     602    0.004638380
5621     603    0.024898973
5621     604    0.029598625
5621     610    0.001191635
5621     611    0.000273701
5621     612    0.007344482
5621     613    0.006408542
 602    5620    0.001422226
 602    5621    0.004638380
 602     602    2.086000000
 602     603    0.006192977
 602     604    0.001134517
 602     610    0.001897448
 602     611    0.000593859
 602     612    0.002328170
 602     613    0.000090695
 603    5620    0.005569477
 603    5621    0.024898973
 603     602    0.006192977
 603     603    2.021100000
 603     604    0.000479006
 603     610    0.002132353
 603     611    0.000349346
 603     612    0.000003598
 603     613    0.003356122
 604    5620    0.002897923
 604    5621    0.029598625
 604     602    0.001134517
 604     603    0.000479006
 604     604    2.067500000
 604     610    0.000271260
 604     611    0.000798259
 604     612    0.000875274
 604     613    0.001047947
 610    5620    0.005261512
 610    5621    0.001191635
 610     602    0.001897448
 610     603    0.002132353
 610     604    0.000271260
 610     610    2.034500000
 610     611    0.007463637
 610     612    0.008290455
 610     613    0.000629641
 611    5620    0.003903062
 611    5621    0.000273701
 611     602    0.000593859
 611     603    0.000349346
 611     604    0.000798259
 611     610    0.007463637
 611     611    2.024400000
 611     612    0.017477650
 611     613    0.000666950
 612    5620    0.011348084
 612    5621    0.007344482
 612     602    0.002328170
 612     603    0.000003598
 612     604    0.000875274
 612     610    0.008290455
 612     611    0.017477650
 612     612    2.027900000
 612     613    0.000261702
 613    5620    0.008392782
 613    5621    0.006408542
 613     602    0.000090695
 613     603    0.003356122
 613     604    0.001047947
 613     610    0.000629641
 613     611    0.000666950
 613     612    0.000261702
 613     613    2.003100000
