5620    5620    2.355700002
5620    5621    0.008437076
5620     602    0.001529374
5620     603    0.005720712
5620     604    0.002876460
5620     610    0.000813631
5620     611    0.002348616
5620     612    0.000934511
5620     613    0.006479064
5621    5620    0.008437076
5621    5621    2.237499995
5621     602    0.002850284
5621     603    0.023512332
5621     604    0.028087493
5621     610    0.001655774
5621     611    0.000521175
5621     612    0.007210054
5621     613    0.008497224
 602    5620    0.001529374
 602    5621    0.002850284
 602     602    2.022200000
 602     603    0.008605107
 602     604    0.001369415
 602     610    0.001874555
 602     611    0.000533700
 602     612    0.002713962
 602     613    0.000713160
 603    5620    0.005720712
 603    5621    0.023512332
 603     602    0.008605107
 603     603    2.037500000
 603     604    0.000437956
 603     610    0.002086076
 603     611    0.000235150
 603     612    0.000166801
 603     613    0.004235163
 604    5620    0.002876460
 604    5621    0.028087493
 604     602    0.001369415
 604     603    0.000437956
 604     604    2.114600000
 604     610    0.000419622
 604     611    0.000653157
 604     612    0.000549920
 604     613    0.001108476
 610    5620    0.000813631
 610    5621    0.001655774
 610     602    0.001874555
 610     603    0.002086076
 610     604    0.000419622
 610     610    2.050400000
 610     611    0.006210263
 610     612    0.004163285
 610     613    0.000582296
 611    5620    0.002348616
 611    5621    0.000521175
 611     602    0.000533700
 611     603    0.000235150
 611     604    0.000653157
 611     610    0.006210263
 611     611    2.106600000
 611     612    0.016598791
 611     613    0.000617029
 612    5620    0.000934511
 612    5621    0.007210054
 612     602    0.002713962
 612     603    0.000166801
 612     604    0.000549920
 612     610    0.004163285
 612     611    0.016598791
 612     612    2.058200000
 612     613    0.000331371
 613    5620    0.006479064
 613    5621    0.008497224
 613     602    0.000713160
 613     603    0.004235163
 613     604    0.001108476
 613     610    0.000582296
 613     611    0.000617029
 613     612    0.000331371
 613     613    2.004100000
