5620    5620    2.248000002
5620    5621    0.005612786
5620     602    0.000398960
5620     603    0.005650030
5620     604    0.003158439
5620     610    0.005747324
5620     611    0.004644391
5620     612    0.018635994
5620     613    0.003601146
5621    5620    0.005612786
5621    5621    2.535799995
5621     602    0.002642774
5621     603    0.024604101
5621     604    0.025937229
5621     610    0.002693765
5621     611    0.000154329
5621     612    0.006244285
5621     613    0.008239521
 602    5620    0.000398960
 602    5621    0.002642774
 602     602    2.092900000
 602     603    0.008068298
 602     604    0.001489664
 602     610    0.001688778
 602     611    0.000097077
 602     612    0.002241566
 602     613    0.001084312
 603    5620    0.005650030
 603    5621    0.024604101
 603     602    0.008068298
 603     603    2.042600000
 603     604    0.000914395
 603     610    0.002145522
 603     611    0.000327563
 603     612    0.000219733
 603     613    0.003979684
 604    5620    0.003158439
 604    5621    0.025937229
 604     602    0.001489664
 604     603    0.000914395
 604     604    2.077800000
 604     610    0.001764835
 604     611    0.000674920
 604     612    0.000062890
 604     613    0.001058012
 610    5620    0.005747324
 610    5621    0.002693765
 610     602    0.001688778
 610     603    0.002145522
 610     604    0.001764835
 610     610    2.098400000
 610     611    0.006042954
 610     612    0.005055038
 610     613    0.000342665
 611    5620    0.004644391
 611    5621    0.000154329
 611     602    0.000097077
 611     603    0.000327563
 611     604    0.000674920
 611     610    0.006042954
 611     611    2.007600000
 611     612    0.016846408
 611     613    0.000676895
 612    5620    0.018635994
 612    5621    0.006244285
 612     602    0.002241566
 612     603    0.000219733
 612     604    0.000062890
 612     610    0.005055038
 612     611    0.016846408
 612     612    2.098400000
 612     613    0.000148212
 613    5620    0.003601146
 613    5621    0.008239521
 613     602    0.001084312
 613     603    0.003979684
 613     604    0.001058012
 613     610    0.000342665
 613     611    0.000676895
 613     612    0.000148212
 613     613    2.054200000
