5620    5620     2.497200002
5620    5621    -0.006010138
5620     602     0.000960939
5620     603     0.004754784
5620     604     0.002171818
5620     610     0.005191426
5620     611    -0.000319444
5620     612    -0.010619594
5620     613    -0.004690751
5621    5620    -0.006010138
5621    5621     2.409099995
5621     602     0.002244686
5621     603     0.022831488
5621     604    -0.027471217
5621     610    -0.000858199
5621     611    -0.000210707
5621     612    -0.006179378
5621     613     0.007183093
 602    5620     0.000960939
 602    5621     0.002244686
 602     602     2.001600000
 602     603     0.010530603
 602     604     0.001628161
 602     610     0.001635579
 602     611     0.000469674
 602     612     0.002502444
 602     613     0.000918109
 603    5620     0.004754784
 603    5621     0.022831488
 603     602     0.010530603
 603     603     2.105000000
 603     604    -0.000890360
 603     610     0.001712974
 603     611     0.000255107
 603     612     0.000076217
 603     613     0.003194833
 604    5620     0.002171818
 604    5621    -0.027471217
 604     602     0.001628161
 604     603    -0.000890360
 604     604     2.082900000
 604     610    -0.000462726
 604     611     0.000756444
 604     612     0.000639520
 604     613    -0.001181121
 610    5620     0.005191426
 610    5621    -0.000858199
 610     602     0.001635579
 610     603     0.001712974
 610     604    -0.000462726
 610     610     2.060900000
 610     611    -0.006610356
 610     612    -0.006750143
 610     613    -0.000454550
 611    5620    -0.000319444
 611    5621    -0.000210707
 611     602     0.000469674
 611     603     0.000255107
 611     604     0.000756444
 611     610    -0.006610356
 611     611     2.008800000
 611     612    -0.017965758
 611     613     0.000627240
 612    5620    -0.010619594
 612    5621    -0.006179378
 612     602     0.002502444
 612     603     0.000076217
 612     604     0.000639520
 612     610    -0.006750143
 612     611    -0.017965758
 612     612     2.053000000
 612     613     0.000315908
 613    5620    -0.004690751
 613    5621     0.007183093
 613     602     0.000918109
 613     603     0.003194833
 613     604    -0.001181121
 613     610    -0.000454550
 613     611     0.000627240
 613     612     0.000315908
 613     613     1.975800000
