5620    5620     2.492600002
5620    5621     0.004888748
5620     602    -0.001100461
5620     603    -0.006048132
5620     604    -0.001285335
5620     610     0.001303416
5620     611    -0.000643470
5620     612     0.000156938
5620     613     0.006477358
5621    5620     0.004888748
5621    5621     2.284499995
5621     602    -0.005315080
5621     603     0.030316927
5621     604    -0.032318973
5621     610     0.000518478
5621     611     0.000540697
5621     612     0.006807919
5621     613    -0.008274966
 602    5620    -0.001100461
 602    5621    -0.005315080
 602     602     2.104400000
 602     603     0.009197079
 602     604     0.001620625
 602     610    -0.001450217
 602     611    -0.000313024
 602     612    -0.002659646
 602     613    -0.000677528
 603    5620    -0.006048132
 603    5621     0.030316927
 603     602     0.009197079
 603     603     1.997700000
 603     604    -0.001153689
 603     610    -0.002234251
 603     611    -0.000456587
 603     612     0.000141425
 603     613    -0.003932404
 604    5620    -0.001285335
 604    5621    -0.032318973
 604     602     0.001620625
 604     603    -0.001153689
 604     604     2.118400000
 604     610     0.000305214
 604     611     0.000714263
 604     612     0.000151049
 604     613     0.001184489
 610    5620     0.001303416
 610    5621     0.000518478
 610     602    -0.001450217
 610     603    -0.002234251
 610     604     0.000305214
 610     610     2.037100000
 610     611    -0.006151078
 610     612     0.006933973
 610     613    -0.000686384
 611    5620    -0.000643470
 611    5621     0.000540697
 611     602    -0.000313024
 611     603    -0.000456587
 611     604     0.000714263
 611     610    -0.006151078
 611     611     2.041200000
 611     612    -0.017779379
 611     613    -0.000902657
 612    5620     0.000156938
 612    5621     0.006807919
 612     602    -0.002659646
 612     603     0.000141425
 612     604     0.000151049
 612     610     0.006933973
 612     611    -0.017779379
 612     612     1.968000000
 612     613    -0.000156365
 613    5620     0.006477358
 613    5621    -0.008274966
 613     602    -0.000677528
 613     603    -0.003932404
 613     604     0.001184489
 613     610    -0.000686384
 613     611    -0.000902657
 613     612    -0.000156365
 613     613     1.975500000
