5620    5620     2.349700002
5620    5621     0.004002050
5620     602     0.000170935
5620     603    -0.006548941
5620     604    -0.003248997
5620     610     0.000945977
5620     611     0.000426158
5620     612     0.000713547
5620     613     0.006046551
5621    5620     0.004002050
5621    5621     2.394299995
5621     602    -0.000844262
5621     603    -0.017875366
5621     604     0.030300620
5621     610     0.003358543
5621     611     0.000387707
5621     612    -0.007803368
5621     613     0.007076295
 602    5620     0.000170935
 602    5621    -0.000844262
 602     602     2.046600000
 602     603     0.005968796
 602     604     0.001902212
 602     610     0.002133448
 602     611     0.000248221
 602     612     0.002734114
 602     613     0.001191382
 603    5620    -0.006548941
 603    5621    -0.017875366
 603     602     0.005968796
 603     603     2.030100000
 603     604    -0.000247691
 603     610    -0.002234858
 603     611    -0.000530461
 603     612    -0.000318875
 603     613     0.004273539
 604    5620    -0.003248997
 604    5621     0.030300620
 604     602     0.001902212
 604     603    -0.000247691
 604     604     2.066900000
 604     610    -0.001983863
 604     611     0.000876307
 604     612     0.000750562
 604     613     0.001283444
 610    5620     0.000945977
 610    5621     0.003358543
 610     602     0.002133448
 610     603    -0.002234858
 610     604    -0.001983863
 610     610     1.960700000
 610     611    -0.005649733
 610     612     0.002660263
 610     613     0.000375484
 611    5620     0.000426158
 611    5621     0.000387707
 611     602     0.000248221
 611     603    -0.000530461
 611     604     0.000876307
 611     610    -0.005649733
 611     611     2.069100000
 611     612     0.017130152
 611     613     0.000889066
 612    5620     0.000713547
 612    5621    -0.007803368
 612     602     0.002734114
 612     603    -0.000318875
 612     604     0.000750562
 612     610     0.002660263
 612     611     0.017130152
 612     612     2.035100000
 612     613    -0.000202175
 613    5620     0.006046551
 613    5621     0.007076295
 613     602     0.001191382
 613     603     0.004273539
 613     604     0.001283444
 613     610     0.000375484
 613     611     0.000889066
 613     612    -0.000202175
 613     613     2.017100000
