5620    5620     2.212900002
5620    5621    -0.006158166
5620     602    -0.000310049
5620     603     0.006076516
5620     604     0.003014775
5620     610    -0.004022591
5620     611    -0.004964183
5620     612     0.006951292
5620     613     0.008594473
5621    5620    -0.006158166
5621    5621     2.523399995
5621     602     0.008348723
5621     603     0.012244651
5621     604     0.025164877
5621     610     0.001305610
5621     611    -0.001407106
5621     612    -0.006787378
5621     613    -0.006952913
 602    5620    -0.000310049
 602    5621     0.008348723
 602     602     1.983500000
 602     603     0.012914036
 602     604     0.001969927
 602     610    -0.001459037
 602     611    -0.000140323
 602     612    -0.002748321
 602     613    -0.001123451
 603    5620     0.006076516
 603    5621     0.012244651
 603     602     0.012914036
 603     603     2.088300000
 603     604    -0.000405488
 603     610    -0.002009733
 603     611    -0.000036963
 603     612    -0.000211586
 603     613    -0.003685611
 604    5620     0.003014775
 604    5621     0.025164877
 604     602     0.001969927
 604     603    -0.000405488
 604     604     2.068500000
 604     610     0.000956512
 604     611    -0.000640939
 604     612     0.000088189
 604     613    -0.001057731
 610    5620    -0.004022591
 610    5621     0.001305610
 610     602    -0.001459037
 610     603    -0.002009733
 610     604     0.000956512
 610     610     2.039200000
 610     611     0.006640411
 610     612    -0.003237235
 610     613     0.000659363
 611    5620    -0.004964183
 611    5621    -0.001407106
 611     602    -0.000140323
 611     603    -0.000036963
 611     604    -0.000640939
 611     610     0.006640411
 611     611     2.089100000
 611     612    -0.018182927
 611     613    -0.000359759
 612    5620     0.006951292
 612    5621    -0.006787378
 612     602    -0.002748321
 612     603    -0.000211586
 612     604     0.000088189
 612     610    -0.003237235
 612     611    -0.018182927
 612     612     2.113500000
 612     613    -0.000375596
 613    5620     0.008594473
 613    5621    -0.006952913
 613     602    -0.001123451
 613     603    -0.003685611
 613     604    -0.001057731
 613     610     0.000659363
 613     611    -0.000359759
 613     612    -0.000375596
 613     613     1.993900000
