5620    5620    2.328400002
5620    5621    0.004322314
5620     602    0.000272635
5620     603    0.005498048
5620     604    0.003020691
5620     610    0.001406447
5620     611    0.000257067
5620     612    0.014028819
5620     613    0.008517911
5621    5620    0.004322314
5621    5621    2.267899995
5621     602    0.000223947
5621     603    0.015911909
5621     604    0.032542363
5621     610    0.001882227
5621     611    0.000315696
5621     612    0.007986236
5621     613    0.006055157
 602    5620    0.000272635
 602    5621    0.000223947
 602     602    2.107600000
 602     603    0.004537571
 602     604    0.001503443
 602     610    0.001266489
 602     611    0.000124882
 602     612    0.002348494
 602     613    0.000870102
 603    5620    0.005498048
 603    5621    0.015911909
 603     602    0.004537571
 603     603    2.116700000
 603     604    0.000022183
 603     610    0.001853384
 603     611    0.000449087
 603     612    0.000048163
 603     613    0.003363938
 604    5620    0.003020691
 604    5621    0.032542363
 604     602    0.001503443
 604     603    0.000022183
 604     604    1.975900000
 604     610    0.001598936
 604     611    0.000335986
 604     612    0.001562550
 604     613    0.000832462
 610    5620    0.001406447
 610    5621    0.001882227
 610     602    0.001266489
 610     603    0.001853384
 610     604    0.001598936
 610     610    2.081600000
 610     611    0.005570664
 610     612    0.008408863
 610     613    0.000571346
 611    5620    0.000257067
 611    5621    0.000315696
 611     602    0.000124882
 611     603    0.000449087
 611     604    0.000335986
 611     610    0.005570664
 611     611    2.032800000
 611     612    0.014626357
 611     613    0.000873086
 612    5620    0.014028819
 612    5621    0.007986236
 612     602    0.002348494
 612     603    0.000048163
 612     604    0.001562550
 612     610    0.008408863
 612     611    0.014626357
 612     612    2.016300000
 612     613    0.000034502
 613    5620    0.008517911
 613    5621    0.006055157
 613     602    0.000870102
 613     603    0.003363938
 613     604    0.000832462
 613     610    0.000571346
 613     611    0.000873086
 613     612    0.000034502
 613     613    1.971500000
