5620    5620     2.216600002
5620    5621    -0.002729340
5620     602    -0.002563801
5620     603    -0.006671483
5620     604    -0.000146243
5620     610     0.003113993
5620     611     0.000167677
5620     612    -0.008396037
5620     613    -0.008205871
5621    5620    -0.002729340
5621    5621     2.297799995
5621     602    -0.001431486
5621     603    -0.019536472
5621     604    -0.032612576
5621     610    -0.002661936
5621     611    -0.000312042
5621     612     0.007403202
5621     613     0.009099662
 602    5620    -0.002563801
 602    5621    -0.001431486
 602     602     1.973400000
 602     603     0.005279196
 602     604    -0.001611582
 602     610    -0.002646455
 602     611    -0.001143365
 602     612    -0.002985011
 602     613    -0.000226813
 603    5620    -0.006671483
 603    5621    -0.019536472
 603     602     0.005279196
 603     603     2.075700000
 603     604    -0.000063424
 603     610     0.002131962
 603     611     0.000446204
 603     612    -0.000524212
 603     613     0.004275395
 604    5620    -0.000146243
 604    5621    -0.032612576
 604     602    -0.001611582
 604     603    -0.000063424
 604     604     2.064700000
 604     610     0.001642615
 604     611     0.000535213
 604     612    -0.000241648
 604     613    -0.001098494
 610    5620     0.003113993
 610    5621    -0.002661936
 610     602    -0.002646455
 610     603     0.002131962
 610     604     0.001642615
 610     610     2.026900000
 610     611    -0.005744275
 610     612    -0.002933886
 610     613     0.000595561
 611    5620     0.000167677
 611    5621    -0.000312042
 611     602    -0.001143365
 611     603     0.000446204
 611     604     0.000535213
 611     610    -0.005744275
 611     611     2.068100000
 611     612    -0.017396805
 611     613    -0.000963852
 612    5620    -0.008396037
 612    5621     0.007403202
 612     602    -0.002985011
 612     603    -0.000524212
 612     604    -0.000241648
 612     610    -0.002933886
 612     611    -0.017396805
 612     612     2.063200000
 612     613    -0.000581474
 613    5620    -0.008205871
 613    5621     0.009099662
 613     602    -0.000226813
 613     603     0.004275395
 613     604    -0.001098494
 613     610     0.000595561
 613     611    -0.000963852
 613     612    -0.000581474
 613     613     1.961200000
