5620    5620    2.387900002
5620    5621    0.004315607
5620     602    0.001273551
5620     603    0.005005652
5620     604    0.000206056
5620     610    0.002172362
5620     611    0.001175183
5620     612    0.012381470
5620     613    0.006541307
5621    5620    0.004315607
5621    5621    2.239099995
5621     602    0.003364371
5621     603    0.020945448
5621     604    0.032543593
5621     610    0.001987105
5621     611    0.000156253
5621     612    0.007510292
5621     613    0.007717840
 602    5620    0.001273551
 602    5621    0.003364371
 602     602    2.017500000
 602     603    0.004955849
 602     604    0.001428535
 602     610    0.001962892
 602     611    0.000442661
 602     612    0.002426876
 602     613    0.000381910
 603    5620    0.005005652
 603    5621    0.020945448
 603     602    0.004955849
 603     603    2.083300000
 603     604    0.000254002
 603     610    0.001708037
 603     611    0.000323715
 603     612    0.000083062
 603     613    0.003491426
 604    5620    0.000206056
 604    5621    0.032543593
 604     602    0.001428535
 604     603    0.000254002
 604     604    2.123200000
 604     610    0.000920784
 604     611    0.000631093
 604     612    0.000105773
 604     613    0.001118169
 610    5620    0.002172362
 610    5621    0.001987105
 610     602    0.001962892
 610     603    0.001708037
 610     604    0.000920784
 610     610    2.055900000
 610     611    0.005907851
 610     612    0.006743501
 610     613    0.000490379
 611    5620    0.001175183
 611    5621    0.000156253
 611     602    0.000442661
 611     603    0.000323715
 611     604    0.000631093
 611     610    0.005907851
 611     611    2.060200000
 611     612    0.016423809
 611     613    0.000803422
 612    5620    0.012381470
 612    5621    0.007510292
 612     602    0.002426876
 612     603    0.000083062
 612     604    0.000105773
 612     610    0.006743501
 612     611    0.016423809
 612     612    2.068700000
 612     613    0.000080581
 613    5620    0.006541307
 613    5621    0.007717840
 613     602    0.000381910
 613     603    0.003491426
 613     604    0.001118169
 613     610    0.000490379
 613     611    0.000803422
 613     612    0.000080581
 613     613    2.025900000
