5620    5620    2.373500002
5620    5621    0.008553053
5620     602    0.001113214
5620     603    0.006062373
5620     604    0.003928045
5620     610    0.001631158
5620     611    0.002169978
5620     612    0.010057597
5620     613    0.008536501
5621    5620    0.008553053
5621    5621    2.236199995
5621     602    0.007668911
5621     603    0.026466530
5621     604    0.029813002
5621     610    0.002235089
5621     611    0.000324405
5621     612    0.006895546
5621     613    0.008923137
 602    5620    0.001113214
 602    5621    0.007668911
 602     602    2.070700000
 602     603    0.012343495
 602     604    0.001559927
 602     610    0.002351591
 602     611    0.000372672
 602     612    0.002926046
 602     613    0.000733954
 603    5620    0.006062373
 603    5621    0.026466530
 603     602    0.012343495
 603     603    2.024900000
 603     604    0.000081929
 603     610    0.002348963
 603     611    0.000268201
 603     612    0.000026915
 603     613    0.004040121
 604    5620    0.003928045
 604    5621    0.029813002
 604     602    0.001559927
 604     603    0.000081929
 604     604    2.154100000
 604     610    0.000703783
 604     611    0.000600181
 604     612    0.000758979
 604     613    0.001095942
 610    5620    0.001631158
 610    5621    0.002235089
 610     602    0.002351591
 610     603    0.002348963
 610     604    0.000703783
 610     610    2.036600000
 610     611    0.005632171
 610     612    0.007212498
 610     613    0.000599974
 611    5620    0.002169978
 611    5621    0.000324405
 611     602    0.000372672
 611     603    0.000268201
 611     604    0.000600181
 611     610    0.005632171
 611     611    2.138300000
 611     612    0.013230310
 611     613    0.000647815
 612    5620    0.010057597
 612    5621    0.006895546
 612     602    0.002926046
 612     603    0.000026915
 612     604    0.000758979
 612     610    0.007212498
 612     611    0.013230310
 612     612    2.073800000
 612     613    0.000094956
 613    5620    0.008536501
 613    5621    0.008923137
 613     602    0.000733954
 613     603    0.004040121
 613     604    0.001095942
 613     610    0.000599974
 613     611    0.000647815
 613     612    0.000094956
 613     613    1.988700000
