5620    5620     2.296800002
5620    5621    -0.006153305
5620     602    -0.000228068
5620     603    -0.006514429
5620     604     0.000234094
5620     610     0.006486507
5620     611    -0.002165427
5620     612    -0.003189777
5620     613     0.006907925
5621    5620    -0.006153305
5621    5621     2.366599995
5621     602     0.004192659
5621     603    -0.028664688
5621     604    -0.030165268
5621     610     0.000658600
5621     611    -0.000092164
5621     612    -0.006295078
5621     613     0.008106414
 602    5620    -0.000228068
 602    5621     0.004192659
 602     602     2.048700000
 602     603     0.010179040
 602     604     0.001638350
 602     610     0.001067921
 602     611    -0.000003077
 602     612     0.002676164
 602     613     0.001140859
 603    5620    -0.006514429
 603    5621    -0.028664688
 603     602     0.010179040
 603     603     2.037500000
 603     604     0.000712975
 603     610    -0.001994693
 603     611     0.000322513
 603     612     0.000248301
 603     613    -0.004134180
 604    5620     0.000234094
 604    5621    -0.030165268
 604     602     0.001638350
 604     603     0.000712975
 604     604     2.071800000
 604     610    -0.000907484
 604     611     0.000448260
 604     612     0.000636937
 604     613    -0.000820061
 610    5620     0.006486507
 610    5621     0.000658600
 610     602     0.001067921
 610     603    -0.001994693
 610     604    -0.000907484
 610     610     2.063400000
 610     611    -0.005821220
 610     612    -0.004384676
 610     613    -0.000579750
 611    5620    -0.002165427
 611    5621    -0.000092164
 611     602    -0.000003077
 611     603     0.000322513
 611     604     0.000448260
 611     610    -0.005821220
 611     611     2.087200000
 611     612    -0.017343476
 611     613    -0.000680937
 612    5620    -0.003189777
 612    5621    -0.006295078
 612     602     0.002676164
 612     603     0.000248301
 612     604     0.000636937
 612     610    -0.004384676
 612     611    -0.017343476
 612     612     2.065000000
 612     613    -0.000401045
 613    5620     0.006907925
 613    5621     0.008106414
 613     602     0.001140859
 613     603    -0.004134180
 613     604    -0.000820061
 613     610    -0.000579750
 613     611    -0.000680937
 613     612    -0.000401045
 613     613     2.038900000
