5620    5620    2.516500002
5620    5621    0.003680839
5620     602    0.000314942
5620     603    0.005644859
5620     604    0.001255314
5620     610    0.004627918
5620     611    0.002796025
5620     612    0.002837460
5620     613    0.008921438
5621    5620    0.003680839
5621    5621    2.708099995
5621     602    0.000051245
5621     603    0.017077618
5621     604    0.022020260
5621     610    0.000522356
5621     611    0.000455409
5621     612    0.006280232
5621     613    0.005886151
 602    5620    0.000314942
 602    5621    0.000051245
 602     602    2.087700000
 602     603    0.006619567
 602     604    0.001339114
 602     610    0.001376002
 602     611    0.000086034
 602     612    0.002598278
 602     613    0.001040167
 603    5620    0.005644859
 603    5621    0.017077618
 603     602    0.006619567
 603     603    2.041300000
 603     604    0.000582049
 603     610    0.002140705
 603     611    0.000148891
 603     612    0.000298990
 603     613    0.004187948
 604    5620    0.001255314
 604    5621    0.022020260
 604     602    0.001339114
 604     603    0.000582049
 604     604    2.021900000
 604     610    0.000725464
 604     611    0.000350789
 604     612    0.000546751
 604     613    0.000855532
 610    5620    0.004627918
 610    5621    0.000522356
 610     602    0.001376002
 610     603    0.002140705
 610     604    0.000725464
 610     610    2.080100000
 610     611    0.005225556
 610     612    0.002809903
 610     613    0.000679479
 611    5620    0.002796025
 611    5621    0.000455409
 611     602    0.000086034
 611     603    0.000148891
 611     604    0.000350789
 611     610    0.005225556
 611     611    2.100300000
 611     612    0.020150498
 611     613    0.000480380
 612    5620    0.002837460
 612    5621    0.006280232
 612     602    0.002598278
 612     603    0.000298990
 612     604    0.000546751
 612     610    0.002809903
 612     611    0.020150498
 612     612    2.035300000
 612     613    0.000630486
 613    5620    0.008921438
 613    5621    0.005886151
 613     602    0.001040167
 613     603    0.004187948
 613     604    0.000855532
 613     610    0.000679479
 613     611    0.000480380
 613     612    0.000630486
 613     613    1.937800000
