5620    5620    2.334100002
5620    5621    0.005103784
5620     602    0.001655523
5620     603    0.005824197
5620     604    0.003743108
5620     610    0.005723929
5620     611    0.000131174
5620     612    0.007723582
5620     613    0.008251713
5621    5620    0.005103784
5621    5621    2.444999995
5621     602    0.001232107
5621     603    0.027726222
5621     604    0.027072650
5621     610    0.001815187
5621     611    0.000840280
5621     612    0.006286114
5621     613    0.007100222
 602    5620    0.001655523
 602    5621    0.001232107
 602     602    2.091000000
 602     603    0.006669156
 602     604    0.001281307
 602     610    0.001921621
 602     611    0.000660572
 602     612    0.002756100
 602     613    0.000029529
 603    5620    0.005824197
 603    5621    0.027726222
 603     602    0.006669156
 603     603    2.052800000
 603     604    0.000307978
 603     610    0.002367063
 603     611    0.000558531
 603     612    0.000231317
 603     613    0.003246697
 604    5620    0.003743108
 604    5621    0.027072650
 604     602    0.001281307
 604     603    0.000307978
 604     604    2.072600000
 604     610    0.000330836
 604     611    0.000748178
 604     612    0.000845785
 604     613    0.001025365
 610    5620    0.005723929
 610    5621    0.001815187
 610     602    0.001921621
 610     603    0.002367063
 610     604    0.000330836
 610     610    2.106100000
 610     611    0.004896354
 610     612    0.003272256
 610     613    0.000661634
 611    5620    0.000131174
 611    5621    0.000840280
 611     602    0.000660572
 611     603    0.000558531
 611     604    0.000748178
 611     610    0.004896354
 611     611    2.046900000
 611     612    0.015146878
 611     613    0.000949103
 612    5620    0.007723582
 612    5621    0.006286114
 612     602    0.002756100
 612     603    0.000231317
 612     604    0.000845785
 612     610    0.003272256
 612     611    0.015146878
 612     612    2.021500000
 612     613    0.000583295
 613    5620    0.008251713
 613    5621    0.007100222
 613     602    0.000029529
 613     603    0.003246697
 613     604    0.001025365
 613     610    0.000661634
 613     611    0.000949103
 613     612    0.000583295
 613     613    2.042000000
