5620    5620     2.387500002
5620    5621    -0.004491780
5620     602     0.002269837
5620     603     0.005714930
5620     604     0.001656037
5620     610    -0.009353793
5620     611    -0.002651639
5620     612    -0.002376564
5620     613     0.007580969
5621    5620    -0.004491780
5621    5621     2.252099995
5621     602    -0.004536918
5621     603    -0.020830174
5621     604    -0.030835067
5621     610    -0.000745005
5621     611    -0.000409549
5621     612     0.006767890
5621     613     0.006634280
 602    5620     0.002269837
 602    5621    -0.004536918
 602     602     2.057500000
 602     603     0.004803411
 602     604     0.001339680
 602     610     0.001530887
 602     611    -0.000823625
 602     612    -0.002179506
 602     613     0.000044295
 603    5620     0.005714930
 603    5621    -0.020830174
 603     602     0.004803411
 603     603     2.080600000
 603     604    -0.000436663
 603     610    -0.001766062
 603     611    -0.000324794
 603     612     0.000371712
 603     613     0.003705158
 604    5620     0.001656037
 604    5621    -0.030835067
 604     602     0.001339680
 604     603    -0.000436663
 604     604     2.028000000
 604     610    -0.000129360
 604     611    -0.000664393
 604     612    -0.000252651
 604     613     0.001093975
 610    5620    -0.009353793
 610    5621    -0.000745005
 610     602     0.001530887
 610     603    -0.001766062
 610     604    -0.000129360
 610     610     2.074100000
 610     611    -0.005814613
 610     612    -0.004688980
 610     613     0.000625192
 611    5620    -0.002651639
 611    5621    -0.000409549
 611     602    -0.000823625
 611     603    -0.000324794
 611     604    -0.000664393
 611     610    -0.005814613
 611     611     2.025700000
 611     612    -0.018478178
 611     613    -0.000654644
 612    5620    -0.002376564
 612    5621     0.006767890
 612     602    -0.002179506
 612     603     0.000371712
 612     604    -0.000252651
 612     610    -0.004688980
 612     611    -0.018478178
 612     612     2.036200000
 612     613    -0.000540588
 613    5620     0.007580969
 613    5621     0.006634280
 613     602     0.000044295
 613     603     0.003705158
 613     604     0.001093975
 613     610     0.000625192
 613     611    -0.000654644
 613     612    -0.000540588
 613     613     1.978000000
