5620    5620    2.456200002
5620    5621    0.003483592
5620     602    0.000695031
5620     603    0.007066802
5620     604    0.002172378
5620     610    0.001399845
5620     611    0.001317146
5620     612    0.008475721
5620     613    0.006379813
5621    5620    0.003483592
5621    5621    2.387599995
5621     602    0.000881249
5621     603    0.022927725
5621     604    0.033379074
5621     610    0.001954480
5621     611    0.000328909
5621     612    0.007227671
5621     613    0.007440330
 602    5620    0.000695031
 602    5621    0.000881249
 602     602    2.002200000
 602     603    0.007303141
 602     604    0.001572498
 602     610    0.001939552
 602     611    0.000145737
 602     612    0.002624531
 602     613    0.000701174
 603    5620    0.007066802
 603    5621    0.022927725
 603     602    0.007303141
 603     603    1.960400000
 603     604    0.000181412
 603     610    0.002761850
 603     611    0.000363728
 603     612    0.000043429
 603     613    0.004112227
 604    5620    0.002172378
 604    5621    0.033379074
 604     602    0.001572498
 604     603    0.000181412
 604     604    2.024300000
 604     610    0.001772452
 604     611    0.000363850
 604     612    0.001056950
 604     613    0.000859590
 610    5620    0.001399845
 610    5621    0.001954480
 610     602    0.001939552
 610     603    0.002761850
 610     604    0.001772452
 610     610    1.994200000
 610     611    0.006326086
 610     612    0.007950711
 610     613    0.000494513
 611    5620    0.001317146
 611    5621    0.000328909
 611     602    0.000145737
 611     603    0.000363728
 611     604    0.000363850
 611     610    0.006326086
 611     611    2.123800000
 611     612    0.018446742
 611     613    0.000636713
 612    5620    0.008475721
 612    5621    0.007227671
 612     602    0.002624531
 612     603    0.000043429
 612     604    0.001056950
 612     610    0.007950711
 612     611    0.018446742
 612     612    1.976300000
 612     613    0.000095903
 613    5620    0.006379813
 613    5621    0.007440330
 613     602    0.000701174
 613     603    0.004112227
 613     604    0.000859590
 613     610    0.000494513
 613     611    0.000636713
 613     612    0.000095903
 613     613    2.028500000
