5620    5620    2.246500002
5620    5621    0.005508932
5620     602    0.000693674
5620     603    0.006048572
5620     604    0.000210905
5620     610    0.002777836
5620     611    0.000250898
5620     612    0.008128787
5620     613    0.007119644
5621    5620    0.005508932
5621    5621    2.323899995
5621     602    0.002756778
5621     603    0.026864152
5621     604    0.025980171
5621     610    0.001848170
5621     611    0.000652548
5621     612    0.007102232
5621     613    0.009782708
 602    5620    0.000693674
 602    5621    0.002756778
 602     602    2.032400000
 602     603    0.011165346
 602     604    0.001302071
 602     610    0.001740677
 602     611    0.000567529
 602     612    0.002645975
 602     613    0.001123140
 603    5620    0.006048572
 603    5621    0.026864152
 603     602    0.011165346
 603     603    2.087100000
 603     604    0.000484147
 603     610    0.002309445
 603     611    0.000549145
 603     612    0.000016947
 603     613    0.004353343
 604    5620    0.000210905
 604    5621    0.025980171
 604     602    0.001302071
 604     603    0.000484147
 604     604    2.063000000
 604     610    0.000921409
 604     611    0.000398047
 604     612    0.000391528
 604     613    0.000841176
 610    5620    0.002777836
 610    5621    0.001848170
 610     602    0.001740677
 610     603    0.002309445
 610     604    0.000921409
 610     610    1.988900000
 610     611    0.006611280
 610     612    0.007195042
 610     613    0.000646647
 611    5620    0.000250898
 611    5621    0.000652548
 611     602    0.000567529
 611     603    0.000549145
 611     604    0.000398047
 611     610    0.006611280
 611     611    2.007200000
 611     612    0.017113126
 611     613    0.001106360
 612    5620    0.008128787
 612    5621    0.007102232
 612     602    0.002645975
 612     603    0.000016947
 612     604    0.000391528
 612     610    0.007195042
 612     611    0.017113126
 612     612    2.028100000
 612     613    0.000187567
 613    5620    0.007119644
 613    5621    0.009782708
 613     602    0.001123140
 613     603    0.004353343
 613     604    0.000841176
 613     610    0.000646647
 613     611    0.001106360
 613     612    0.000187567
 613     613    1.923400000
