5620    5620     2.508100002
5620    5621    -0.003354346
5620     602     0.000800858
5620     603     0.005676716
5620     604     0.002296641
5620     610    -0.001714779
5620     611     0.000937289
5620     612    -0.010200471
5620     613     0.004848389
5621    5620    -0.003354346
5621    5621     2.277499995
5621     602    -0.000749373
5621     603     0.025838712
5621     604     0.037289288
5621     610    -0.002214987
5621     611    -0.000228273
5621     612    -0.007342138
5621     613    -0.008103236
 602    5620     0.000800858
 602    5621    -0.000749373
 602     602     2.033200000
 602     603    -0.009202189
 602     604     0.001695648
 602     610     0.001950620
 602     611    -0.000288493
 602     612     0.002499026
 602     613    -0.000783996
 603    5620     0.005676716
 603    5621     0.025838712
 603     602    -0.009202189
 603     603     2.058300000
 603     604     0.000429136
 603     610    -0.002355718
 603     611     0.000502533
 603     612    -0.000231443
 603     613     0.004147493
 604    5620     0.002296641
 604    5621     0.037289288
 604     602     0.001695648
 604     603     0.000429136
 604     604     2.025000000
 604     610     0.001566455
 604     611     0.000462764
 604     612     0.001293973
 604     613    -0.001123372
 610    5620    -0.001714779
 610    5621    -0.002214987
 610     602     0.001950620
 610     603    -0.002355718
 610     604     0.001566455
 610     610     1.965000000
 610     611    -0.006923063
 610     612    -0.006219355
 610     613     0.000449450
 611    5620     0.000937289
 611    5621    -0.000228273
 611     602    -0.000288493
 611     603     0.000502533
 611     604     0.000462764
 611     610    -0.006923063
 611     611     2.081700000
 611     612     0.019435594
 611     613    -0.000779047
 612    5620    -0.010200471
 612    5621    -0.007342138
 612     602     0.002499026
 612     603    -0.000231443
 612     604     0.001293973
 612     610    -0.006219355
 612     611     0.019435594
 612     612     1.997800000
 612     613    -0.000151918
 613    5620     0.004848389
 613    5621    -0.008103236
 613     602    -0.000783996
 613     603     0.004147493
 613     604    -0.001123372
 613     610     0.000449450
 613     611    -0.000779047
 613     612    -0.000151918
 613     613     1.985800000
