5620    5620     2.361700002
5620    5621     0.004643183
5620     602     0.002232096
5620     603    -0.006096883
5620     604    -0.000693245
5620     610     0.003088312
5620     611     0.001944384
5620     612     0.010971245
5620     613    -0.006928661
5621    5620     0.004643183
5621    5621     2.358099995
5621     602     0.005683258
5621     603     0.019639092
5621     604     0.031717948
5621     610     0.002498820
5621     611    -0.000704760
5621     612     0.007155432
5621     613     0.005199470
 602    5620     0.002232096
 602    5621     0.005683258
 602     602     1.966300000
 602     603    -0.005463885
 602     604     0.001439245
 602     610     0.002590512
 602     611     0.000795693
 602     612    -0.002479026
 602     613    -0.000038457
 603    5620    -0.006096883
 603    5621     0.019639092
 603     602    -0.005463885
 603     603     2.055900000
 603     604     0.000198010
 603     610    -0.002390819
 603     611    -0.000485435
 603     612    -0.000048644
 603     613     0.003517531
 604    5620    -0.000693245
 604    5621     0.031717948
 604     602     0.001439245
 604     603     0.000198010
 604     604     2.043600000
 604     610     0.001206811
 604     611    -0.000847108
 604     612     0.000071991
 604     613    -0.001119222
 610    5620     0.003088312
 610    5621     0.002498820
 610     602     0.002590512
 610     603    -0.002390819
 610     604     0.001206811
 610     610     1.987300000
 610     611    -0.007178173
 610     612    -0.003168153
 610     613    -0.000417409
 611    5620     0.001944384
 611    5621    -0.000704760
 611     602     0.000795693
 611     603    -0.000485435
 611     604    -0.000847108
 611     610    -0.007178173
 611     611     1.977800000
 611     612     0.022953405
 611     613     0.000796166
 612    5620     0.010971245
 612    5621     0.007155432
 612     602    -0.002479026
 612     603    -0.000048644
 612     604     0.000071991
 612     610    -0.003168153
 612     611     0.022953405
 612     612     2.027900000
 612     613     0.000185196
 613    5620    -0.006928661
 613    5621     0.005199470
 613     602    -0.000038457
 613     603     0.003517531
 613     604    -0.001119222
 613     610    -0.000417409
 613     611     0.000796166
 613     612     0.000185196
 613     613     2.074400000
