5620    5620    2.497800002
5620    5621    0.004712214
5620     602    0.001748745
5620     603    0.006284789
5620     604    0.000535310
5620     610    0.003394328
5620     611    0.000470793
5620     612    0.000039251
5620     613    0.003775380
5621    5620    0.004712214
5621    5621    2.344699995
5621     602    0.003151721
5621     603    0.019021079
5621     604    0.030841882
5621     610    0.001681622
5621     611    0.000382701
5621     612    0.006444269
5621     613    0.006949035
 602    5620    0.001748745
 602    5621    0.003151721
 602     602    2.050900000
 602     603    0.005535363
 602     604    0.001296708
 602     610    0.002122198
 602     611    0.000333558
 602     612    0.002275962
 602     613    0.000400609
 603    5620    0.006284789
 603    5621    0.019021079
 603     602    0.005535363
 603     603    2.092400000
 603     604    0.000598021
 603     610    0.002541241
 603     611    0.000429658
 603     612    0.000109978
 603     613    0.004600171
 604    5620    0.000535310
 604    5621    0.030841882
 604     602    0.001296708
 604     603    0.000598021
 604     604    2.032800000
 604     610    0.001188104
 604     611    0.000451765
 604     612    0.000225751
 604     613    0.001058019
 610    5620    0.003394328
 610    5621    0.001681622
 610     602    0.002122198
 610     603    0.002541241
 610     604    0.001188104
 610     610    2.015900000
 610     611    0.006529121
 610     612    0.006109837
 610     613    0.000455342
 611    5620    0.000470793
 611    5621    0.000382701
 611     602    0.000333558
 611     603    0.000429658
 611     604    0.000451765
 611     610    0.006529121
 611     611    2.063600000
 611     612    0.013672801
 611     613    0.000738998
 612    5620    0.000039251
 612    5621    0.006444269
 612     602    0.002275962
 612     603    0.000109978
 612     604    0.000225751
 612     610    0.006109837
 612     611    0.013672801
 612     612    2.046800000
 612     613    0.000200072
 613    5620    0.003775380
 613    5621    0.006949035
 613     602    0.000400609
 613     603    0.004600171
 613     604    0.001058019
 613     610    0.000455342
 613     611    0.000738998
 613     612    0.000200072
 613     613    1.997300000
