5620    5620    2.319700002
5620    5621    0.003949915
5620     602    0.001474539
5620     603    0.007471903
5620     604    0.001003291
5620     610    0.006155052
5620     611    0.002362337
5620     612    0.002259053
5620     613    0.008131036
5621    5620    0.003949915
5621    5621    2.333799995
5621     602    0.002100255
5621     603    0.027675101
5621     604    0.029387008
5621     610    0.003376234
5621     611    0.000012761
5621     612    0.007784841
5621     613    0.007563705
 602    5620    0.001474539
 602    5621    0.002100255
 602     602    2.094600000
 602     603    0.008442440
 602     604    0.001667139
 602     610    0.002539697
 602     611    0.000822943
 602     612    0.003057695
 602     613    0.000276108
 603    5620    0.007471903
 603    5621    0.027675101
 603     602    0.008442440
 603     603    1.994600000
 603     604    0.001436561
 603     610    0.002486002
 603     611    0.000545228
 603     612    0.000069725
 603     613    0.003883333
 604    5620    0.001003291
 604    5621    0.029387008
 604     602    0.001667139
 604     603    0.001436561
 604     604    2.100100000
 604     610    0.001646382
 604     611    0.000824409
 604     612    0.000839846
 604     613    0.001090890
 610    5620    0.006155052
 610    5621    0.003376234
 610     602    0.002539697
 610     603    0.002486002
 610     604    0.001646382
 610     610    2.018300000
 610     611    0.006176620
 610     612    0.003440474
 610     613    0.000484902
 611    5620    0.002362337
 611    5621    0.000012761
 611     602    0.000822943
 611     603    0.000545228
 611     604    0.000824409
 611     610    0.006176620
 611     611    1.935100000
 611     612    0.022432999
 611     613    0.000967741
 612    5620    0.002259053
 612    5621    0.007784841
 612     602    0.003057695
 612     603    0.000069725
 612     604    0.000839846
 612     610    0.003440474
 612     611    0.022432999
 612     612    2.071100000
 612     613    0.000276297
 613    5620    0.008131036
 613    5621    0.007563705
 613     602    0.000276108
 613     603    0.003883333
 613     604    0.001090890
 613     610    0.000484902
 613     611    0.000967741
 613     612    0.000276297
 613     613    2.008600000
