5620    5620    2.379700002
5620    5621    0.002714308
5620     602    0.001378428
5620     603    0.005090324
5620     604    0.001685695
5620     610    0.000044729
5620     611    0.002693346
5620     612    0.001827945
5620     613    0.005715612
5621    5620    0.002714308
5621    5621    2.398099995
5621     602    0.002609033
5621     603    0.018948581
5621     604    0.032241157
5621     610    0.003692740
5621     611    0.000419589
5621     612    0.007698177
5621     613    0.008206345
 602    5620    0.001378428
 602    5621    0.002609033
 602     602    1.964900000
 602     603    0.006271187
 602     604    0.001527112
 602     610    0.002307482
 602     611    0.000316090
 602     612    0.002687863
 602     613    0.000479955
 603    5620    0.005090324
 603    5621    0.018948581
 603     602    0.006271187
 603     603    2.092900000
 603     604    0.000121932
 603     610    0.001786513
 603     611    0.000220856
 603     612    0.000147353
 603     613    0.003617793
 604    5620    0.001685695
 604    5621    0.032241157
 604     602    0.001527112
 604     603    0.000121932
 604     604    2.041600000
 604     610    0.001672345
 604     611    0.000991822
 604     612    0.001358235
 604     613    0.001510538
 610    5620    0.000044729
 610    5621    0.003692740
 610     602    0.002307482
 610     603    0.001786513
 610     604    0.001672345
 610     610    2.051100000
 610     611    0.006878922
 610     612    0.004610248
 610     613    0.000371285
 611    5620    0.002693346
 611    5621    0.000419589
 611     602    0.000316090
 611     603    0.000220856
 611     604    0.000991822
 611     610    0.006878922
 611     611    1.984100000
 611     612    0.020776898
 611     613    0.000610061
 612    5620    0.001827945
 612    5621    0.007698177
 612     602    0.002687863
 612     603    0.000147353
 612     604    0.001358235
 612     610    0.004610248
 612     611    0.020776898
 612     612    2.015000000
 612     613    0.000186953
 613    5620    0.005715612
 613    5621    0.008206345
 613     602    0.000479955
 613     603    0.003617793
 613     604    0.001510538
 613     610    0.000371285
 613     611    0.000610061
 613     612    0.000186953
 613     613    1.963900000
