5620    5620     2.375900002
5620    5621     0.003597277
5620     602     0.001361503
5620     603    -0.006982046
5620     604    -0.000666602
5620     610    -0.006733510
5620     611     0.001240603
5620     612     0.010252899
5620     613    -0.007636945
5621    5620     0.003597277
5621    5621     2.197399995
5621     602     0.001782405
5621     603    -0.016231330
5621     604    -0.031705937
5621     610     0.000700386
5621     611     0.000076837
5621     612    -0.007516876
5621     613     0.006821977
 602    5620     0.001361503
 602    5621     0.001782405
 602     602     2.009200000
 602     603    -0.006838355
 602     604    -0.001816665
 602     610     0.001699935
 602     611    -0.000365412
 602     612     0.003012348
 602     613    -0.000470756
 603    5620    -0.006982046
 603    5621    -0.016231330
 603     602    -0.006838355
 603     603     2.000900000
 603     604    -0.000255250
 603     610    -0.002274646
 603     611    -0.000396731
 603     612     0.000374048
 603     613    -0.003567977
 604    5620    -0.000666602
 604    5621    -0.031705937
 604     602    -0.001816665
 604     603    -0.000255250
 604     604     2.080700000
 604     610    -0.000788448
 604     611    -0.000433203
 604     612     0.000230522
 604     613     0.000884898
 610    5620    -0.006733510
 610    5621     0.000700386
 610     602     0.001699935
 610     603    -0.002274646
 610     604    -0.000788448
 610     610     1.998000000
 610     611    -0.005846948
 610     612    -0.008974838
 610     613     0.000599600
 611    5620     0.001240603
 611    5621     0.000076837
 611     602    -0.000365412
 611     603    -0.000396731
 611     604    -0.000433203
 611     610    -0.005846948
 611     611     2.041900000
 611     612     0.016800131
 611     613     0.000672006
 612    5620     0.010252899
 612    5621    -0.007516876
 612     602     0.003012348
 612     603     0.000374048
 612     604     0.000230522
 612     610    -0.008974838
 612     611     0.016800131
 612     612     2.012600000
 612     613    -0.000239717
 613    5620    -0.007636945
 613    5621     0.006821977
 613     602    -0.000470756
 613     603    -0.003567977
 613     604     0.000884898
 613     610     0.000599600
 613     611     0.000672006
 613     612    -0.000239717
 613     613     2.043800000
