5620    5620     2.355000002
5620    5621    -0.004409882
5620     602    -0.001094695
5620     603    -0.006179274
5620     604    -0.002298004
5620     610     0.002653187
5620     611     0.002741563
5620     612     0.006049967
5620     613    -0.007434236
5621    5620    -0.004409882
5621    5621     2.266499995
5621     602    -0.003096323
5621     603     0.015078690
5621     604     0.029274692
5621     610    -0.001065076
5621     611    -0.000448776
5621     612    -0.007761842
5621     613     0.006443756
 602    5620    -0.001094695
 602    5621    -0.003096323
 602     602     2.099200000
 602     603    -0.003153444
 602     604     0.001365033
 602     610     0.001693365
 602     611     0.000571156
 602     612     0.002460058
 602     613    -0.000528395
 603    5620    -0.006179274
 603    5621     0.015078690
 603     602    -0.003153444
 603     603     2.076500000
 603     604     0.000254048
 603     610     0.002043707
 603     611    -0.000149515
 603     612    -0.000538332
 603     613     0.003622258
 604    5620    -0.002298004
 604    5621     0.029274692
 604     602     0.001365033
 604     603     0.000254048
 604     604     2.135900000
 604     610    -0.000447803
 604     611    -0.000754057
 604     612     0.000845302
 604     613    -0.001106327
 610    5620     0.002653187
 610    5621    -0.001065076
 610     602     0.001693365
 610     603     0.002043707
 610     604    -0.000447803
 610     610     2.055200000
 610     611    -0.006449051
 610     612    -0.004140693
 610     613    -0.000556742
 611    5620     0.002741563
 611    5621    -0.000448776
 611     602     0.000571156
 611     603    -0.000149515
 611     604    -0.000754057
 611     610    -0.006449051
 611     611     2.025600000
 611     612    -0.018919964
 611     613     0.000519995
 612    5620     0.006049967
 612    5621    -0.007761842
 612     602     0.002460058
 612     603    -0.000538332
 612     604     0.000845302
 612     610    -0.004140693
 612     611    -0.018919964
 612     612     2.107800000
 612     613    -0.000538198
 613    5620    -0.007434236
 613    5621     0.006443756
 613     602    -0.000528395
 613     603     0.003622258
 613     604    -0.001106327
 613     610    -0.000556742
 613     611     0.000519995
 613     612    -0.000538198
 613     613     2.054500000
