5620    5620    2.327200002
5620    5621    0.002824226
5620     602    0.001700084
5620     603    0.005583772
5620     604    0.000028182
5620     610    0.000458460
5620     611    0.001673812
5620     612    0.004771341
5620     613    0.004470956
5621    5620    0.002824226
5621    5621    2.343599995
5621     602    0.008545942
5621     603    0.012637995
5621     604    0.028390685
5621     610    0.002688092
5621     611    0.000641208
5621     612    0.007323456
5621     613    0.006766092
 602    5620    0.001700084
 602    5621    0.008545942
 602     602    2.099300000
 602     603    0.004756024
 602     604    0.001394818
 602     610    0.002194208
 602     611    0.000428802
 602     612    0.002361648
 602     613    0.000023560
 603    5620    0.005583772
 603    5621    0.012637995
 603     602    0.004756024
 603     603    2.076700000
 603     604    0.000295479
 603     610    0.002226633
 603     611    0.000401347
 603     612    0.000282126
 603     613    0.003490167
 604    5620    0.000028182
 604    5621    0.028390685
 604     602    0.001394818
 604     603    0.000295479
 604     604    2.021900000
 604     610    0.001426921
 604     611    0.000623939
 604     612    0.000303573
 604     613    0.001007339
 610    5620    0.000458460
 610    5621    0.002688092
 610     602    0.002194208
 610     603    0.002226633
 610     604    0.001426921
 610     610    2.031600000
 610     611    0.007203990
 610     612    0.002918671
 610     613    0.000441159
 611    5620    0.001673812
 611    5621    0.000641208
 611     602    0.000428802
 611     603    0.000401347
 611     604    0.000623939
 611     610    0.007203990
 611     611    1.996600000
 611     612    0.018152759
 611     613    0.000725402
 612    5620    0.004771341
 612    5621    0.007323456
 612     602    0.002361648
 612     603    0.000282126
 612     604    0.000303573
 612     610    0.002918671
 612     611    0.018152759
 612     612    2.027300000
 612     613    0.000209929
 613    5620    0.004470956
 613    5621    0.006766092
 613     602    0.000023560
 613     603    0.003490167
 613     604    0.001007339
 613     610    0.000441159
 613     611    0.000725402
 613     612    0.000209929
 613     613    2.038600000
