5620    5620    2.388800002
5620    5621    0.004012322
5620     602    0.000614805
5620     603    0.005501613
5620     604    0.000994188
5620     610    0.004524625
5620     611    0.003189911
5620     612    0.001545427
5620     613    0.006661803
5621    5620    0.004012322
5621    5621    2.537499995
5621     602    0.001370816
5621     603    0.017970661
5621     604    0.026963391
5621     610    0.001302309
5621     611    0.000433184
5621     612    0.006692276
5621     613    0.005272340
 602    5620    0.000614805
 602    5621    0.001370816
 602     602    2.117200000
 602     603    0.009443176
 602     604    0.001568802
 602     610    0.001615402
 602     611    0.000296973
 602     612    0.002497368
 602     613    0.000744493
 603    5620    0.005501613
 603    5621    0.017970661
 603     602    0.009443176
 603     603    2.028100000
 603     604    0.000405053
 603     610    0.002255479
 603     611    0.000317932
 603     612    0.000472823
 603     613    0.003341678
 604    5620    0.000994188
 604    5621    0.026963391
 604     602    0.001568802
 604     603    0.000405053
 604     604    2.075600000
 604     610    0.000946097
 604     611    0.000515967
 604     612    0.000060531
 604     613    0.000839275
 610    5620    0.004524625
 610    5621    0.001302309
 610     602    0.001615402
 610     603    0.002255479
 610     604    0.000946097
 610     610    2.110800000
 610     611    0.006020075
 610     612    0.001467374
 610     613    0.000558712
 611    5620    0.003189911
 611    5621    0.000433184
 611     602    0.000296973
 611     603    0.000317932
 611     604    0.000515967
 611     610    0.006020075
 611     611    2.080200000
 611     612    0.016055636
 611     613    0.000522844
 612    5620    0.001545427
 612    5621    0.006692276
 612     602    0.002497368
 612     603    0.000472823
 612     604    0.000060531
 612     610    0.001467374
 612     611    0.016055636
 612     612    2.027600000
 612     613    0.000602880
 613    5620    0.006661803
 613    5621    0.005272340
 613     602    0.000744493
 613     603    0.003341678
 613     604    0.000839275
 613     610    0.000558712
 613     611    0.000522844
 613     612    0.000602880
 613     613    2.053000000
