5620    5620    2.165300002
5620    5621    0.006923397
5620     602    0.000760657
5620     603    0.005747574
5620     604    0.003722901
5620     610    0.005279880
5620     611    0.001238929
5620     612    0.005416161
5620     613    0.007729651
5621    5620    0.006923397
5621    5621    2.204099995
5621     602    0.002143592
5621     603    0.023407597
5621     604    0.033168863
5621     610    0.002725570
5621     611    0.000664117
5621     612    0.007096365
5621     613    0.007988637
 602    5620    0.000760657
 602    5621    0.002143592
 602     602    2.076100000
 602     603    0.008440745
 602     604    0.001870991
 602     610    0.001641656
 602     611    0.000077577
 602     612    0.002595623
 602     613    0.000850639
 603    5620    0.005747574
 603    5621    0.023407597
 603     602    0.008440745
 603     603    2.111800000
 603     604    0.000321385
 603     610    0.002282534
 603     611    0.000521234
 603     612    0.000228632
 603     613    0.003454674
 604    5620    0.003722901
 604    5621    0.033168863
 604     602    0.001870991
 604     603    0.000321385
 604     604    2.042000000
 604     610    0.001144921
 604     611    0.000859886
 604     612    0.000428274
 604     613    0.001282218
 610    5620    0.005279880
 610    5621    0.002725570
 610     602    0.001641656
 610     603    0.002282534
 610     604    0.001144921
 610     610    2.013100000
 610     611    0.006045007
 610     612    0.005125990
 610     613    0.000573544
 611    5620    0.001238929
 611    5621    0.000664117
 611     602    0.000077577
 611     603    0.000521234
 611     604    0.000859886
 611     610    0.006045007
 611     611    2.089900000
 611     612    0.015271219
 611     613    0.000810925
 612    5620    0.005416161
 612    5621    0.007096365
 612     602    0.002595623
 612     603    0.000228632
 612     604    0.000428274
 612     610    0.005125990
 612     611    0.015271219
 612     612    2.040000000
 612     613    0.000211891
 613    5620    0.007729651
 613    5621    0.007988637
 613     602    0.000850639
 613     603    0.003454674
 613     604    0.001282218
 613     610    0.000573544
 613     611    0.000810925
 613     612    0.000211891
 613     613    2.030400000
