5620    5620     2.211700002
5620    5621    -0.005377004
5620     602     0.000111450
5620     603     0.006618283
5620     604     0.002903110
5620     610     0.003439159
5620     611     0.002391836
5620     612    -0.009409452
5620     613     0.007956461
5621    5620    -0.005377004
5621    5621     2.226899995
5621     602    -0.003865016
5621     603     0.032659648
5621     604     0.030206920
5621     610     0.001451540
5621     611     0.000418376
5621     612    -0.007152993
5621     613    -0.007064437
 602    5620     0.000111450
 602    5621    -0.003865016
 602     602     2.007000000
 602     603     0.014486074
 602     604    -0.002070027
 602     610     0.001542841
 602     611    -0.000266471
 602     612    -0.002721430
 602     613    -0.001269534
 603    5620     0.006618283
 603    5621     0.032659648
 603     602     0.014486074
 603     603     1.994500000
 603     604    -0.001897486
 603     610    -0.002222027
 603     611    -0.000670027
 603     612    -0.000310808
 603     613    -0.003690162
 604    5620     0.002903110
 604    5621     0.030206920
 604     602    -0.002070027
 604     603    -0.001897486
 604     604     2.081200000
 604     610     0.001056461
 604     611    -0.000806827
 604     612     0.000660754
 604     613     0.001184008
 610    5620     0.003439159
 610    5621     0.001451540
 610     602     0.001542841
 610     603    -0.002222027
 610     604     0.001056461
 610     610     2.111800000
 610     611     0.005647727
 610     612    -0.008774130
 610     613     0.000544481
 611    5620     0.002391836
 611    5621     0.000418376
 611     602    -0.000266471
 611     603    -0.000670027
 611     604    -0.000806827
 611     610     0.005647727
 611     611     2.015300000
 611     612    -0.013198350
 611     613    -0.001124566
 612    5620    -0.009409452
 612    5621    -0.007152993
 612     602    -0.002721430
 612     603    -0.000310808
 612     604     0.000660754
 612     610    -0.008774130
 612     611    -0.013198350
 612     612     2.092100000
 612     613    -0.000192529
 613    5620     0.007956461
 613    5621    -0.007064437
 613     602    -0.001269534
 613     603    -0.003690162
 613     604     0.001184008
 613     610     0.000544481
 613     611    -0.001124566
 613     612    -0.000192529
 613     613     1.998400000
