5620    5620    2.402800002
5620    5621    0.002985418
5620     602    0.000900288
5620     603    0.004502475
5620     604    0.003024355
5620     610    0.005187780
5620     611    0.002003116
5620     612    0.017967755
5620     613    0.003467090
5621    5620    0.002985418
5621    5621    2.578499995
5621     602    0.003158449
5621     603    0.015278462
5621     604    0.032098978
5621     610    0.001280520
5621     611    0.001048017
5621     612    0.007230691
5621     613    0.007156494
 602    5620    0.000900288
 602    5621    0.003158449
 602     602    2.057700000
 602     603    0.007934293
 602     604    0.001579471
 602     610    0.000878324
 602     611    0.000383307
 602     612    0.002365652
 602     613    0.000826755
 603    5620    0.004502475
 603    5621    0.015278462
 603     602    0.007934293
 603     603    2.132200000
 603     604    0.000297272
 603     610    0.001945110
 603     611    0.000156062
 603     612    0.000413517
 603     613    0.003331847
 604    5620    0.003024355
 604    5621    0.032098978
 604     602    0.001579471
 604     603    0.000297272
 604     604    2.015600000
 604     610    0.000876303
 604     611    0.000149929
 604     612    0.001421701
 604     613    0.001008718
 610    5620    0.005187780
 610    5621    0.001280520
 610     602    0.000878324
 610     603    0.001945110
 610     604    0.000876303
 610     610    2.009500000
 610     611    0.006861258
 610     612    0.003129204
 610     613    0.000675366
 611    5620    0.002003116
 611    5621    0.001048017
 611     602    0.000383307
 611     603    0.000156062
 611     604    0.000149929
 611     610    0.006861258
 611     611    2.113600000
 611     612    0.020974786
 611     613    0.000474939
 612    5620    0.017967755
 612    5621    0.007230691
 612     602    0.002365652
 612     603    0.000413517
 612     604    0.001421701
 612     610    0.003129204
 612     611    0.020974786
 612     612    2.041600000
 612     613    0.000477716
 613    5620    0.003467090
 613    5621    0.007156494
 613     602    0.000826755
 613     603    0.003331847
 613     604    0.001008718
 613     610    0.000675366
 613     611    0.000474939
 613     612    0.000477716
 613     613    2.017200000
