5620    5620    2.254100002
5620    5621    0.002944005
5620     602    0.000012699
5620     603    0.004873606
5620     604    0.000094920
5620     610    0.004507722
5620     611    0.002485301
5620     612    0.002080630
5620     613    0.004341106
5621    5620    0.002944005
5621    5621    2.421599995
5621     602    0.002580099
5621     603    0.017007396
5621     604    0.027681806
5621     610    0.002119173
5621     611    0.000075630
5621     612    0.005869377
5621     613    0.007902853
 602    5620    0.000012699
 602    5621    0.002580099
 602     602    2.088000000
 602     603    0.009885475
 602     604    0.001581744
 602     610    0.001663858
 602     611    0.000110042
 602     612    0.002339314
 602     613    0.001447476
 603    5620    0.004873606
 603    5621    0.017007396
 603     602    0.009885475
 603     603    2.095700000
 603     604    0.000351221
 603     610    0.001999251
 603     611    0.000404805
 603     612    0.000343630
 603     613    0.004210774
 604    5620    0.000094920
 604    5621    0.027681806
 604     602    0.001581744
 604     603    0.000351221
 604     604    2.068600000
 604     610    0.001394073
 604     611    0.000695055
 604     612    0.000055565
 604     613    0.001441211
 610    5620    0.004507722
 610    5621    0.002119173
 610     602    0.001663858
 610     603    0.001999251
 610     604    0.001394073
 610     610    1.957000000
 610     611    0.007636096
 610     612    0.000655038
 610     613    0.000368982
 611    5620    0.002485301
 611    5621    0.000075630
 611     602    0.000110042
 611     603    0.000404805
 611     604    0.000695055
 611     610    0.007636096
 611     611    2.070500000
 611     612    0.020435215
 611     613    0.000817294
 612    5620    0.002080630
 612    5621    0.005869377
 612     602    0.002339314
 612     603    0.000343630
 612     604    0.000055565
 612     610    0.000655038
 612     611    0.020435215
 612     612    2.070200000
 612     613    0.000444485
 613    5620    0.004341106
 613    5621    0.007902853
 613     602    0.001447476
 613     603    0.004210774
 613     604    0.001441211
 613     610    0.000368982
 613     611    0.000817294
 613     612    0.000444485
 613     613    2.001300000
