5620    5620    2.392900002
5620    5621    0.006568767
5620     602    0.000078530
5620     603    0.005830946
5620     604    0.000128077
5620     610    0.000453422
5620     611    0.003248624
5620     612    0.015274280
5620     613    0.005532940
5621    5620    0.006568767
5621    5621    2.362099995
5621     602    0.003553235
5621     603    0.025909663
5621     604    0.029533756
5621     610    0.003805598
5621     611    0.000828123
5621     612    0.008841228
5621     613    0.008631183
 602    5620    0.000078530
 602    5621    0.003553235
 602     602    2.036100000
 602     603    0.009408775
 602     604    0.001671713
 602     610    0.002183134
 602     611    0.000087199
 602     612    0.002899786
 602     613    0.001429931
 603    5620    0.005830946
 603    5621    0.025909663
 603     602    0.009408775
 603     603    2.043700000
 603     604    0.000730539
 603     610    0.002352859
 603     611    0.000181314
 603     612    0.000204856
 603     613    0.004073284
 604    5620    0.000128077
 604    5621    0.029533756
 604     602    0.001671713
 604     603    0.000730539
 604     604    2.090200000
 604     610    0.002161748
 604     611    0.000336342
 604     612    0.000956596
 604     613    0.001062237
 610    5620    0.000453422
 610    5621    0.003805598
 610     602    0.002183134
 610     603    0.002352859
 610     604    0.002161748
 610     610    1.929800000
 610     611    0.006478359
 610     612    0.005101097
 610     613    0.000319377
 611    5620    0.003248624
 611    5621    0.000828123
 611     602    0.000087199
 611     603    0.000181314
 611     604    0.000336342
 611     610    0.006478359
 611     611    2.143000000
 611     612    0.019891466
 611     613    0.000498615
 612    5620    0.015274280
 612    5621    0.008841228
 612     602    0.002899786
 612     603    0.000204856
 612     604    0.000956596
 612     610    0.005101097
 612     611    0.019891466
 612     612    1.904600000
 612     613    0.000003845
 613    5620    0.005532940
 613    5621    0.008631183
 613     602    0.001429931
 613     603    0.004073284
 613     604    0.001062237
 613     610    0.000319377
 613     611    0.000498615
 613     612    0.000003845
 613     613    2.037600000
