5620    5620    2.368700002
5620    5621    0.004642379
5620     602    0.001711255
5620     603    0.005816607
5620     604    0.001969235
5620     610    0.005595518
5620     611    0.002463400
5620     612    0.006349965
5620     613    0.003586290
5621    5620    0.004642379
5621    5621    2.329599995
5621     602    0.000573765
5621     603    0.032072714
5621     604    0.027988495
5621     610    0.000900627
5621     611    0.000108031
5621     612    0.007093120
5621     613    0.007922862
 602    5620    0.001711255
 602    5621    0.000573765
 602     602    2.054400000
 602     603    0.008412909
 602     604    0.001320167
 602     610    0.002006618
 602     611    0.000736834
 602     612    0.002572446
 602     613    0.000456765
 603    5620    0.005816607
 603    5621    0.032072714
 603     602    0.008412909
 603     603    1.990500000
 603     604    0.001648984
 603     610    0.002101977
 603     611    0.000364212
 603     612    0.000273664
 603     613    0.004868202
 604    5620    0.001969235
 604    5621    0.027988495
 604     602    0.001320167
 604     603    0.001648984
 604     604    2.097700000
 604     610    0.001038700
 604     611    0.000371548
 604     612    0.000798208
 604     613    0.000989570
 610    5620    0.005595518
 610    5621    0.000900627
 610     602    0.002006618
 610     603    0.002101977
 610     604    0.001038700
 610     610    2.060000000
 610     611    0.006642126
 610     612    0.007219183
 610     613    0.000500950
 611    5620    0.002463400
 611    5621    0.000108031
 611     602    0.000736834
 611     603    0.000364212
 611     604    0.000371548
 611     610    0.006642126
 611     611    2.005200000
 611     612    0.017657585
 611     613    0.000815213
 612    5620    0.006349965
 612    5621    0.007093120
 612     602    0.002572446
 612     603    0.000273664
 612     604    0.000798208
 612     610    0.007219183
 612     611    0.017657585
 612     612    2.021300000
 612     613    0.000209923
 613    5620    0.003586290
 613    5621    0.007922862
 613     602    0.000456765
 613     603    0.004868202
 613     604    0.000989570
 613     610    0.000500950
 613     611    0.000815213
 613     612    0.000209923
 613     613    2.009000000
