5620    5620    2.376500002
5620    5621    0.005199121
5620     602    0.001255638
5620     603    0.006493429
5620     604    0.000637451
5620     610    0.001378727
5620     611    0.002165495
5620     612    0.011394206
5620     613    0.005592377
5621    5620    0.005199121
5621    5621    2.625399995
5621     602    0.002607082
5621     603    0.016704114
5621     604    0.027649704
5621     610    0.002198423
5621     611    0.000481419
5621     612    0.006283521
5621     613    0.007011304
 602    5620    0.001255638
 602    5621    0.002607082
 602     602    2.049900000
 602     603    0.007441968
 602     604    0.001281229
 602     610    0.001730775
 602     611    0.000625945
 602     612    0.002459666
 602     613    0.000587970
 603    5620    0.006493429
 603    5621    0.016704114
 603     602    0.007441968
 603     603    2.059600000
 603     604    0.000418877
 603     610    0.002115563
 603     611    0.000603012
 603     612    0.000300334
 603     613    0.004177220
 604    5620    0.000637451
 604    5621    0.027649704
 604     602    0.001281229
 604     603    0.000418877
 604     604    2.078100000
 604     610    0.001162869
 604     611    0.000609729
 604     612    0.000307319
 604     613    0.001149459
 610    5620    0.001378727
 610    5621    0.002198423
 610     602    0.001730775
 610     603    0.002115563
 610     604    0.001162869
 610     610    2.035600000
 610     611    0.005337228
 610     612    0.007591355
 610     613    0.000376853
 611    5620    0.002165495
 611    5621    0.000481419
 611     602    0.000625945
 611     603    0.000603012
 611     604    0.000609729
 611     610    0.005337228
 611     611    2.045800000
 611     612    0.017491624
 611     613    0.000892987
 612    5620    0.011394206
 612    5621    0.006283521
 612     602    0.002459666
 612     603    0.000300334
 612     604    0.000307319
 612     610    0.007591355
 612     611    0.017491624
 612     612    2.051200000
 612     613    0.000227251
 613    5620    0.005592377
 613    5621    0.007011304
 613     602    0.000587970
 613     603    0.004177220
 613     604    0.001149459
 613     610    0.000376853
 613     611    0.000892987
 613     612    0.000227251
 613     613    2.033500000
