5620    5620    2.192100002
5620    5621    0.006301386
5620     602    0.001248146
5620     603    0.005840400
5620     604    0.001865432
5620     610    0.001375975
5620     611    0.003995824
5620     612    0.015657863
5620     613    0.009638378
5621    5620    0.006301386
5621    5621    2.228899995
5621     602    0.001642461
5621     603    0.023971826
5621     604    0.033067917
5621     610    0.002514375
5621     611    0.000037010
5621     612    0.007401694
5621     613    0.008627957
 602    5620    0.001248146
 602    5621    0.001642461
 602     602    2.055700000
 602     603    0.005761622
 602     604    0.001823793
 602     610    0.002061345
 602     611    0.000237872
 602     612    0.002772746
 602     613    0.000514435
 603    5620    0.005840400
 603    5621    0.023971826
 603     602    0.005761622
 603     603    2.095200000
 603     604    0.000400651
 603     610    0.002041333
 603     611    0.000203870
 603     612    0.000059443
 603     613    0.003384766
 604    5620    0.001865432
 604    5621    0.033067917
 604     602    0.001823793
 604     603    0.000400651
 604     604    2.068700000
 604     610    0.001358609
 604     611    0.000644369
 604     612    0.000089856
 604     613    0.001024433
 610    5620    0.001375975
 610    5621    0.002514375
 610     602    0.002061345
 610     603    0.002041333
 610     604    0.001358609
 610     610    2.094300000
 610     611    0.006200443
 610     612    0.004094893
 610     613    0.000561741
 611    5620    0.003995824
 611    5621    0.000037010
 611     602    0.000237872
 611     603    0.000203870
 611     604    0.000644369
 611     610    0.006200443
 611     611    2.025200000
 611     612    0.019951625
 611     613    0.000595276
 612    5620    0.015657863
 612    5621    0.007401694
 612     602    0.002772746
 612     603    0.000059443
 612     604    0.000089856
 612     610    0.004094893
 612     611    0.019951625
 612     612    2.031200000
 612     613    0.000174815
 613    5620    0.009638378
 613    5621    0.008627957
 613     602    0.000514435
 613     603    0.003384766
 613     604    0.001024433
 613     610    0.000561741
 613     611    0.000595276
 613     612    0.000174815
 613     613    1.918000000
