5620    5620     2.263500002
5620    5621    -0.004166519
5620     602     0.001120965
5620     603    -0.006363781
5620     604    -0.000980425
5620     610     0.004412126
5620     611    -0.002538961
5620     612    -0.016685361
5620     613     0.009050245
5621    5620    -0.004166519
5621    5621     2.176099995
5621     602     0.000618841
5621     603     0.016255901
5621     604     0.032961825
5621     610    -0.003086474
5621     611     0.000266223
5621     612    -0.006914800
5621     613    -0.006486757
 602    5620     0.001120965
 602    5621     0.000618841
 602     602     2.070500000
 602     603     0.005847257
 602     604     0.001582036
 602     610    -0.002018735
 602     611     0.000355631
 602     612    -0.002134997
 602     613    -0.000464855
 603    5620    -0.006363781
 603    5621     0.016255901
 603     602     0.005847257
 603     603     1.992300000
 603     604     0.000056266
 603     610    -0.002293219
 603     611     0.000328945
 603     612     0.000082647
 603     613    -0.003990838
 604    5620    -0.000980425
 604    5621     0.032961825
 604     602     0.001582036
 604     603     0.000056266
 604     604     2.056500000
 604     610     0.001728882
 604     611    -0.000703850
 604     612    -0.000068244
 604     613    -0.001282727
 610    5620     0.004412126
 610    5621    -0.003086474
 610     602    -0.002018735
 610     603    -0.002293219
 610     604     0.001728882
 610     610     2.039400000
 610     611     0.006069097
 610     612     0.003055781
 610     613     0.000482869
 611    5620    -0.002538961
 611    5621     0.000266223
 611     602     0.000355631
 611     603     0.000328945
 611     604    -0.000703850
 611     610     0.006069097
 611     611     2.024200000
 611     612     0.017271847
 611     613     0.000749218
 612    5620    -0.016685361
 612    5621    -0.006914800
 612     602    -0.002134997
 612     603     0.000082647
 612     604    -0.000068244
 612     610     0.003055781
 612     611     0.017271847
 612     612     2.045500000
 612     613    -0.000234709
 613    5620     0.009050245
 613    5621    -0.006486757
 613     602    -0.000464855
 613     603    -0.003990838
 613     604    -0.001282727
 613     610     0.000482869
 613     611     0.000749218
 613     612    -0.000234709
 613     613     2.015500000
