5620    5620    2.377700002
5620    5621    0.004102041
5620     602    0.002937327
5620     603    0.004939462
5620     604    0.000425840
5620     610    0.000758611
5620     611    0.000081698
5620     612    0.002696246
5620     613    0.004593939
5621    5620    0.004102041
5621    5621    2.281399995
5621     602    0.007700374
5621     603    0.028042079
5621     604    0.029422561
5621     610    0.001146681
5621     611    0.000553680
5621     612    0.007654272
5621     613    0.006753794
 602    5620    0.002937327
 602    5621    0.007700374
 602     602    2.095300000
 602     603    0.010110089
 602     604    0.001333762
 602     610    0.002149656
 602     611    0.000673147
 602     612    0.002568582
 602     613    0.000028031
 603    5620    0.004939462
 603    5621    0.028042079
 603     602    0.010110089
 603     603    2.066400000
 603     604    0.002021058
 603     610    0.001800189
 603     611    0.000336201
 603     612    0.000503473
 603     613    0.003828601
 604    5620    0.000425840
 604    5621    0.029422561
 604     602    0.001333762
 604     603    0.002021058
 604     604    2.091600000
 604     610    0.000989388
 604     611    0.000470056
 604     612    0.000700183
 604     613    0.001045874
 610    5620    0.000758611
 610    5621    0.001146681
 610     602    0.002149656
 610     603    0.001800189
 610     604    0.000989388
 610     610    2.088700000
 610     611    0.006049939
 610     612    0.004832777
 610     613    0.000423696
 611    5620    0.000081698
 611    5621    0.000553680
 611     602    0.000673147
 611     603    0.000336201
 611     604    0.000470056
 611     610    0.006049939
 611     611    1.979700000
 611     612    0.021240155
 611     613    0.000864820
 612    5620    0.002696246
 612    5621    0.007654272
 612     602    0.002568582
 612     603    0.000503473
 612     604    0.000700183
 612     610    0.004832777
 612     611    0.021240155
 612     612    2.022500000
 612     613    0.000011706
 613    5620    0.004593939
 613    5621    0.006753794
 613     602    0.000028031
 613     603    0.003828601
 613     604    0.001045874
 613     610    0.000423696
 613     611    0.000864820
 613     612    0.000011706
 613     613    2.047900000
