5620    5620     2.467700002
5620    5621    -0.005164825
5620     602    -0.000676272
5620     603     0.005048520
5620     604     0.001171729
5620     610     0.004429417
5620     611     0.001493948
5620     612     0.011293455
5620     613     0.005344442
5621    5620    -0.005164825
5621    5621     2.306299995
5621     602     0.000671518
5621     603    -0.019011948
5621     604    -0.032428387
5621     610    -0.001923771
5621     611     0.000240019
5621     612    -0.007343371
5621     613    -0.008769544
 602    5620    -0.000676272
 602    5621     0.000671518
 602     602     2.089300000
 602     603    -0.004754567
 602     604     0.001431819
 602     610    -0.001748859
 602     611    -0.000336507
 602     612     0.002496193
 602     613    -0.000951487
 603    5620     0.005048520
 603    5621    -0.019011948
 603     602    -0.004754567
 603     603     2.000500000
 603     604     0.000000214
 603     610    -0.002100198
 603     611    -0.000389402
 603     612     0.000109692
 603     613     0.003769390
 604    5620     0.001171729
 604    5621    -0.032428387
 604     602     0.001431819
 604     603     0.000000214
 604     604     2.039200000
 604     610    -0.001499158
 604     611     0.000355952
 604     612     0.000949698
 604     613     0.001018925
 610    5620     0.004429417
 610    5621    -0.001923771
 610     602    -0.001748859
 610     603    -0.002100198
 610     604    -0.001499158
 610     610     2.020300000
 610     611     0.006921894
 610     612    -0.006850679
 610     613    -0.000475796
 611    5620     0.001493948
 611    5621     0.000240019
 611     602    -0.000336507
 611     603    -0.000389402
 611     604     0.000355952
 611     610     0.006921894
 611     611     2.021200000
 611     612     0.019542108
 611     613    -0.000794868
 612    5620     0.011293455
 612    5621    -0.007343371
 612     602     0.002496193
 612     603     0.000109692
 612     604     0.000949698
 612     610    -0.006850679
 612     611     0.019542108
 612     612     2.009000000
 612     613     0.000122045
 613    5620     0.005344442
 613    5621    -0.008769544
 613     602    -0.000951487
 613     603     0.003769390
 613     604     0.001018925
 613     610    -0.000475796
 613     611    -0.000794868
 613     612     0.000122045
 613     613     2.026200000
