5620    5620    2.230300002
5620    5621    0.007775667
5620     602    0.002626423
5620     603    0.007001408
5620     604    0.000552869
5620     610    0.010512366
5620     611    0.002420716
5620     612    0.016487538
5620     613    0.006667498
5621    5620    0.007775667
5621    5621    2.216699995
5621     602    0.003412292
5621     603    0.022685001
5621     604    0.027683318
5621     610    0.000413080
5621     611    0.000091910
5621     612    0.007453682
5621     613    0.006766821
 602    5620    0.002626423
 602    5621    0.003412292
 602     602    2.004800000
 602     603    0.005959507
 602     604    0.001259756
 602     610    0.002084006
 602     611    0.001032755
 602     612    0.002864633
 602     613    0.000050158
 603    5620    0.007001408
 603    5621    0.022685001
 603     602    0.005959507
 603     603    2.010000000
 603     604    0.000240702
 603     610    0.002399458
 603     611    0.000424183
 603     612    0.000026779
 603     613    0.003859537
 604    5620    0.000552869
 604    5621    0.027683318
 604     602    0.001259756
 604     603    0.000240702
 604     604    2.188700000
 604     610    0.000247467
 604     611    0.000349126
 604     612    0.000264873
 604     613    0.000659593
 610    5620    0.010512366
 610    5621    0.000413080
 610     602    0.002084006
 610     603    0.002399458
 610     604    0.000247467
 610     610    2.018100000
 610     611    0.006189380
 610     612    0.007818049
 610     613    0.000651045
 611    5620    0.002420716
 611    5621    0.000091910
 611     602    0.001032755
 611     603    0.000424183
 611     604    0.000349126
 611     610    0.006189380
 611     611    2.022500000
 611     612    0.015494828
 611     613    0.000657653
 612    5620    0.016487538
 612    5621    0.007453682
 612     602    0.002864633
 612     603    0.000026779
 612     604    0.000264873
 612     610    0.007818049
 612     611    0.015494828
 612     612    2.047300000
 612     613    0.000071030
 613    5620    0.006667498
 613    5621    0.006766821
 613     602    0.000050158
 613     603    0.003859537
 613     604    0.000659593
 613     610    0.000651045
 613     611    0.000657653
 613     612    0.000071030
 613     613    2.081300000
