5620    5620    2.326400002
5620    5621    0.004035225
5620     602    0.000338050
5620     603    0.005467258
5620     604    0.001037456
5620     610    0.005276225
5620     611    0.000026073
5620     612    0.006192279
5620     613    0.006568451
5621    5620    0.004035225
5621    5621    2.376699995
5621     602    0.004597114
5621     603    0.025376832
5621     604    0.026440047
5621     610    0.001797786
5621     611    0.000183178
5621     612    0.007229005
5621     613    0.008104534
 602    5620    0.000338050
 602    5621    0.004597114
 602     602    2.124300000
 602     603    0.008882463
 602     604    0.001346202
 602     610    0.001280404
 602     611    0.000411365
 602     612    0.002318794
 602     613    0.001271510
 603    5620    0.005467258
 603    5621    0.025376832
 603     602    0.008882463
 603     603    2.049900000
 603     604    0.000524639
 603     610    0.002020288
 603     611    0.000566442
 603     612    0.000026381
 603     613    0.003847871
 604    5620    0.001037456
 604    5621    0.026440047
 604     602    0.001346202
 604     603    0.000524639
 604     604    2.080500000
 604     610    0.001196431
 604     611    0.000436514
 604     612    0.000658020
 604     613    0.000866659
 610    5620    0.005276225
 610    5621    0.001797786
 610     602    0.001280404
 610     603    0.002020288
 610     604    0.001196431
 610     610    2.075400000
 610     611    0.006471010
 610     612    0.004186043
 610     613    0.000502479
 611    5620    0.000026073
 611    5621    0.000183178
 611     602    0.000411365
 611     603    0.000566442
 611     604    0.000436514
 611     610    0.006471010
 611     611    1.942000000
 611     612    0.019578670
 611     613    0.001060121
 612    5620    0.006192279
 612    5621    0.007229005
 612     602    0.002318794
 612     603    0.000026381
 612     604    0.000658020
 612     610    0.004186043
 612     611    0.019578670
 612     612    2.051300000
 612     613    0.000140400
 613    5620    0.006568451
 613    5621    0.008104534
 613     602    0.001271510
 613     603    0.003847871
 613     604    0.000866659
 613     610    0.000502479
 613     611    0.001060121
 613     612    0.000140400
 613     613    2.067700000
