5620    5620    2.401400002
5620    5621    0.004704336
5620     602    0.001148039
5620     603    0.005879174
5620     604    0.000644846
5620     610    0.000780493
5620     611    0.003800310
5620     612    0.010170989
5620     613    0.010116887
5621    5620    0.004704336
5621    5621    2.226499995
5621     602    0.001268961
5621     603    0.020154756
5621     604    0.027180719
5621     610    0.003648444
5621     611    0.000172750
5621     612    0.007579172
5621     613    0.006814994
 602    5620    0.001148039
 602    5621    0.001268961
 602     602    2.042800000
 602     603    0.006002433
 602     604    0.001276823
 602     610    0.002231495
 602     611    0.000528879
 602     612    0.002417993
 602     613    0.000329807
 603    5620    0.005879174
 603    5621    0.020154756
 603     602    0.006002433
 603     603    1.989000000
 603     604    0.000286910
 603     610    0.002354533
 603     611    0.000405936
 603     612    0.000091082
 603     613    0.004310336
 604    5620    0.000644846
 604    5621    0.027180719
 604     602    0.001276823
 604     603    0.000286910
 604     604    2.125700000
 604     610    0.001865735
 604     611    0.000547625
 604     612    0.000262151
 604     613    0.000847939
 610    5620    0.000780493
 610    5621    0.003648444
 610     602    0.002231495
 610     603    0.002354533
 610     604    0.001865735
 610     610    2.015600000
 610     611    0.006917857
 610     612    0.004224624
 610     613    0.000554789
 611    5620    0.003800310
 611    5621    0.000172750
 611     602    0.000528879
 611     603    0.000405936
 611     604    0.000547625
 611     610    0.006917857
 611     611    1.964300000
 611     612    0.019970912
 611     613    0.000886804
 612    5620    0.010170989
 612    5621    0.007579172
 612     602    0.002417993
 612     603    0.000091082
 612     604    0.000262151
 612     610    0.004224624
 612     611    0.019970912
 612     612    2.042200000
 612     613    0.000217921
 613    5620    0.010116887
 613    5621    0.006814994
 613     602    0.000329807
 613     603    0.004310336
 613     604    0.000847939
 613     610    0.000554789
 613     611    0.000886804
 613     612    0.000217921
 613     613    1.967600000
