5620    5620     2.279500002
5620    5621     0.006857040
5620     602     0.002277734
5620     603    -0.006093997
5620     604    -0.001720879
5620     610    -0.002348187
5620     611     0.001291346
5620     612    -0.027763014
5620     613    -0.008663866
5621    5620     0.006857040
5621    5621     2.454099995
5621     602     0.001751402
5621     603     0.012029981
5621     604    -0.026464427
5621     610     0.002095941
5621     611    -0.000538697
5621     612    -0.007437211
5621     613    -0.006245734
 602    5620     0.002277734
 602    5621     0.001751402
 602     602     2.047400000
 602     603    -0.002812344
 602     604    -0.001192056
 602     610    -0.002218421
 602     611     0.000643686
 602     612    -0.002639558
 602     613     0.000142685
 603    5620    -0.006093997
 603    5621     0.012029981
 603     602    -0.002812344
 603     603     2.098800000
 603     604    -0.000215349
 603     610     0.002010248
 603     611    -0.000415876
 603     612    -0.000004206
 603     613     0.003849777
 604    5620    -0.001720879
 604    5621    -0.026464427
 604     602    -0.001192056
 604     603    -0.000215349
 604     604     2.083700000
 604     610    -0.001196591
 604     611    -0.000573730
 604     612    -0.000015522
 604     613     0.000988665
 610    5620    -0.002348187
 610    5621     0.002095941
 610     602    -0.002218421
 610     603     0.002010248
 610     604    -0.001196591
 610     610     2.090400000
 610     611    -0.006155922
 610     612    -0.008316044
 610     613     0.000582382
 611    5620     0.001291346
 611    5621    -0.000538697
 611     602     0.000643686
 611     603    -0.000415876
 611     604    -0.000573730
 611     610    -0.006155922
 611     611     2.050800000
 611     612     0.018510468
 611     613     0.000760327
 612    5620    -0.027763014
 612    5621    -0.007437211
 612     602    -0.002639558
 612     603    -0.000004206
 612     604    -0.000015522
 612     610    -0.008316044
 612     611     0.018510468
 612     612     2.012300000
 612     613     0.000010317
 613    5620    -0.008663866
 613    5621    -0.006245734
 613     602     0.000142685
 613     603     0.003849777
 613     604     0.000988665
 613     610     0.000582382
 613     611     0.000760327
 613     612     0.000010317
 613     613     1.937700000
