5620    5620     2.308700002
5620    5621     0.002488288
5620     602     0.001623809
5620     603     0.005513598
5620     604     0.001284433
5620     610     0.006225257
5620     611     0.002126551
5620     612     0.013465753
5620     613     0.009504477
5621    5620     0.002488288
5621    5621     2.331099995
5621     602     0.000909570
5621     603     0.026492759
5621     604     0.027689453
5621     610    -0.000380834
5621     611     0.000580778
5621     612    -0.008266053
5621     613     0.005490485
 602    5620     0.001623809
 602    5621     0.000909570
 602     602     2.063700000
 602     603     0.011715407
 602     604    -0.001770724
 602     610    -0.002109360
 602     611    -0.000643277
 602     612     0.003278978
 602     613    -0.000375344
 603    5620     0.005513598
 603    5621     0.026492759
 603     602     0.011715407
 603     603     1.979300000
 603     604     0.001568719
 603     610    -0.002004521
 603     611    -0.000129360
 603     612    -0.000575851
 603     613     0.003108172
 604    5620     0.001284433
 604    5621     0.027689453
 604     602    -0.001770724
 604     603     0.001568719
 604     604     2.095600000
 604     610    -0.001035598
 604     611    -0.000623894
 604     612     0.000372821
 604     613    -0.000989878
 610    5620     0.006225257
 610    5621    -0.000380834
 610     602    -0.002109360
 610     603    -0.002004521
 610     604    -0.001035598
 610     610     2.081400000
 610     611     0.007418673
 610     612    -0.008600072
 610     613     0.000786216
 611    5620     0.002126551
 611    5621     0.000580778
 611     602    -0.000643277
 611     603    -0.000129360
 611     604    -0.000623894
 611     610     0.007418673
 611     611     1.961700000
 611     612    -0.021969409
 611     613    -0.000781384
 612    5620     0.013465753
 612    5621    -0.008266053
 612     602     0.003278978
 612     603    -0.000575851
 612     604     0.000372821
 612     610    -0.008600072
 612     611    -0.021969409
 612     612     1.993800000
 612     613     0.000026022
 613    5620     0.009504477
 613    5621     0.005490485
 613     602    -0.000375344
 613     603     0.003108172
 613     604    -0.000989878
 613     610     0.000786216
 613     611    -0.000781384
 613     612     0.000026022
 613     613     2.004100000
