5620    5620     2.394300002
5620    5621    -0.004671850
5620     602     0.001034212
5620     603     0.004909066
5620     604     0.001233167
5620     610     0.001175726
5620     611    -0.004751752
5620     612    -0.019448374
5620     613     0.004996253
5621    5620    -0.004671850
5621    5621     2.265199995
5621     602     0.000149386
5621     603     0.028576917
5621     604     0.031926084
5621     610    -0.003990402
5621     611     0.000558835
5621     612     0.007915929
5621     613    -0.008861241
 602    5620     0.001034212
 602    5621     0.000149386
 602     602     2.075100000
 602     603     0.009190827
 602     604    -0.001743535
 602     610    -0.002437196
 602     611     0.000050612
 602     612    -0.002986259
 602     613    -0.001017096
 603    5620     0.004909066
 603    5621     0.028576917
 603     602     0.009190827
 603     603     2.079300000
 603     604    -0.000965628
 603     610     0.002248776
 603     611     0.000340363
 603     612     0.000217747
 603     613    -0.004706725
 604    5620     0.001233167
 604    5621     0.031926084
 604     602    -0.001743535
 604     603    -0.000965628
 604     604     2.070000000
 604     610     0.001830001
 604     611     0.000676625
 604     612    -0.000006065
 604     613     0.001332194
 610    5620     0.001175726
 610    5621    -0.003990402
 610     602    -0.002437196
 610     603     0.002248776
 610     604     0.001830001
 610     610     2.021500000
 610     611    -0.008113826
 610     612     0.005339394
 610     613    -0.000461403
 611    5620    -0.004751752
 611    5621     0.000558835
 611     602     0.000050612
 611     603     0.000340363
 611     604     0.000676625
 611     610    -0.008113826
 611     611     1.962100000
 611     612     0.023184160
 611     613     0.000790288
 612    5620    -0.019448374
 612    5621     0.007915929
 612     602    -0.002986259
 612     603     0.000217747
 612     604    -0.000006065
 612     610     0.005339394
 612     611     0.023184160
 612     612     2.033000000
 612     613    -0.000025238
 613    5620     0.004996253
 613    5621    -0.008861241
 613     602    -0.001017096
 613     603    -0.004706725
 613     604     0.001332194
 613     610    -0.000461403
 613     611     0.000790288
 613     612    -0.000025238
 613     613     1.949400000
