5620    5620     2.243400002
5620    5621    -0.005341839
5620     602     0.002275366
5620     603    -0.005584517
5620     604     0.000324515
5620     610    -0.005727911
5620     611     0.005601240
5620     612    -0.019836693
5620     613    -0.003019355
5621    5620    -0.005341839
5621    5621     2.338799995
5621     602     0.001915652
5621     603    -0.028585229
5621     604    -0.026058979
5621     610    -0.001536482
5621     611     0.000361839
5621     612     0.006770282
5621     613     0.010289866
 602    5620     0.002275366
 602    5621     0.001915652
 602     602     2.058400000
 602     603     0.005617635
 602     604     0.001021120
 602     610    -0.002140524
 602     611     0.000337387
 602     612     0.002554312
 602     613     0.000204280
 603    5620    -0.005584517
 603    5621    -0.028585229
 603     602     0.005617635
 603     603     2.068800000
 603     604     0.000763286
 603     610    -0.001742859
 603     611    -0.000051057
 603     612    -0.000126924
 603     613    -0.004303935
 604    5620     0.000324515
 604    5621    -0.026058979
 604     602     0.001021120
 604     603     0.000763286
 604     604     2.126600000
 604     610    -0.000765205
 604     611    -0.000346811
 604     612     0.000382240
 604     613    -0.000944652
 610    5620    -0.005727911
 610    5621    -0.001536482
 610     602    -0.002140524
 610     603    -0.001742859
 610     604    -0.000765205
 610     610     2.136700000
 610     611    -0.006682927
 610     612     0.004661075
 610     613    -0.000344210
 611    5620     0.005601240
 611    5621     0.000361839
 611     602     0.000337387
 611     603    -0.000051057
 611     604    -0.000346811
 611     610    -0.006682927
 611     611     2.068900000
 611     612     0.022464150
 611     613     0.000506991
 612    5620    -0.019836693
 612    5621     0.006770282
 612     602     0.002554312
 612     603    -0.000126924
 612     604     0.000382240
 612     610     0.004661075
 612     611     0.022464150
 612     612     2.060200000
 612     613    -0.000016254
 613    5620    -0.003019355
 613    5621     0.010289866
 613     602     0.000204280
 613     603    -0.004303935
 613     604    -0.000944652
 613     610    -0.000344210
 613     611     0.000506991
 613     612    -0.000016254
 613     613     1.978900000
