5620    5620     2.369300002
5620    5621     0.003847502
5620     602    -0.001742076
5620     603     0.006384986
5620     604    -0.000165922
5620     610    -0.000958426
5620     611     0.001469577
5620     612     0.007964927
5620     613     0.006407711
5621    5620     0.003847502
5621    5621     2.504399995
5621     602    -0.004074570
5621     603     0.018949636
5621     604     0.027241225
5621     610     0.000628800
5621     611    -0.000230666
5621     612    -0.006817874
5621     613    -0.006412036
 602    5620    -0.001742076
 602    5621    -0.004074570
 602     602     2.045000000
 602     603     0.005778170
 602     604    -0.001207703
 602     610    -0.002098178
 602     611     0.001293451
 602     612    -0.002453304
 602     613    -0.000036200
 603    5620     0.006384986
 603    5621     0.018949636
 603     602     0.005778170
 603     603     1.958100000
 603     604     0.001431966
 603     610     0.002217223
 603     611     0.000480592
 603     612    -0.000084561
 603     613     0.004751995
 604    5620    -0.000165922
 604    5621     0.027241225
 604     602    -0.001207703
 604     603     0.001431966
 604     604     2.038300000
 604     610    -0.000781223
 604     611     0.000575280
 604     612    -0.000418802
 604     613     0.001111252
 610    5620    -0.000958426
 610    5621     0.000628800
 610     602    -0.002098178
 610     603     0.002217223
 610     604    -0.000781223
 610     610     1.959400000
 610     611    -0.007834007
 610     612     0.008794522
 610     613    -0.000687398
 611    5620     0.001469577
 611    5621    -0.000230666
 611     602     0.001293451
 611     603     0.000480592
 611     604     0.000575280
 611     610    -0.007834007
 611     611     1.966700000
 611     612     0.021051142
 611     613     0.000958985
 612    5620     0.007964927
 612    5621    -0.006817874
 612     602    -0.002453304
 612     603    -0.000084561
 612     604    -0.000418802
 612     610     0.008794522
 612     611     0.021051142
 612     612     2.024300000
 612     613    -0.000188314
 613    5620     0.006407711
 613    5621    -0.006412036
 613     602    -0.000036200
 613     603     0.004751995
 613     604     0.001111252
 613     610    -0.000687398
 613     611     0.000958985
 613     612    -0.000188314
 613     613     2.042600000
