5620    5620    2.574900002
5620    5621    0.005872238
5620     602    0.001254512
5620     603    0.005582773
5620     604    0.000085487
5620     610    0.004951833
5620     611    0.000618438
5620     612    0.007970082
5620     613    0.006674397
5621    5620    0.005872238
5621    5621    2.354899995
5621     602    0.003017015
5621     603    0.018175968
5621     604    0.028836323
5621     610    0.003753024
5621     611    0.000388994
5621     612    0.007879376
5621     613    0.007562506
 602    5620    0.001254512
 602    5621    0.003017015
 602     602    2.085100000
 602     603    0.005941529
 602     604    0.001504027
 602     610    0.002319073
 602     611    0.000044950
 602     612    0.002577706
 602     613    0.000813854
 603    5620    0.005582773
 603    5621    0.018175968
 603     602    0.005941529
 603     603    2.049200000
 603     604    0.000546121
 603     610    0.002064291
 603     611    0.000438515
 603     612    0.000397503
 603     613    0.004685961
 604    5620    0.000085487
 604    5621    0.028836323
 604     602    0.001504027
 604     603    0.000546121
 604     604    2.136500000
 604     610    0.002115652
 604     611    0.000549723
 604     612    0.000364943
 604     613    0.001127433
 610    5620    0.004951833
 610    5621    0.003753024
 610     602    0.002319073
 610     603    0.002064291
 610     604    0.002115652
 610     610    2.028500000
 610     611    0.007373493
 610     612    0.000505801
 610     613    0.000457761
 611    5620    0.000618438
 611    5621    0.000388994
 611     602    0.000044950
 611     603    0.000438515
 611     604    0.000549723
 611     610    0.007373493
 611     611    1.968500000
 611     612    0.017338133
 611     613    0.001022387
 612    5620    0.007970082
 612    5621    0.007879376
 612     602    0.002577706
 612     603    0.000397503
 612     604    0.000364943
 612     610    0.000505801
 612     611    0.017338133
 612     612    1.997100000
 612     613    0.000649795
 613    5620    0.006674397
 613    5621    0.007562506
 613     602    0.000813854
 613     603    0.004685961
 613     604    0.001127433
 613     610    0.000457761
 613     611    0.001022387
 613     612    0.000649795
 613     613    1.984000000
