5620    5620     2.357900002
5620    5621     0.004109624
5620     602     0.000237135
5620     603     0.006647520
5620     604     0.000859441
5620     610     0.000067240
5620     611     0.001932480
5620     612     0.019190141
5620     613     0.007538711
5621    5620     0.004109624
5621    5621     2.466099995
5621     602    -0.005107385
5621     603    -0.019595032
5621     604    -0.027303782
5621     610     0.002607529
5621     611    -0.000630983
5621     612    -0.006465366
5621     613    -0.007065271
 602    5620     0.000237135
 602    5621    -0.005107385
 602     602     2.096700000
 602     603    -0.006422300
 602     604     0.001332723
 602     610    -0.001762254
 602     611     0.000191550
 602     612     0.002471105
 602     613     0.000850617
 603    5620     0.006647520
 603    5621    -0.019595032
 603     602    -0.006422300
 603     603     2.007000000
 603     604     0.000042597
 603     610    -0.002139642
 603     611    -0.000646019
 603     612     0.000239628
 603     613     0.003944782
 604    5620     0.000859441
 604    5621    -0.027303782
 604     602     0.001332723
 604     603     0.000042597
 604     604     2.077200000
 604     610    -0.001215133
 604     611     0.000587990
 604     612    -0.000448035
 604     613     0.000915589
 610    5620     0.000067240
 610    5621     0.002607529
 610     602    -0.001762254
 610     603    -0.002139642
 610     604    -0.001215133
 610     610     2.050800000
 610     611     0.006278640
 610     612    -0.008423422
 610     613     0.000527080
 611    5620     0.001932480
 611    5621    -0.000630983
 611     602     0.000191550
 611     603    -0.000646019
 611     604     0.000587990
 611     610     0.006278640
 611     611     1.971000000
 611     612     0.019032809
 611     613     0.001029243
 612    5620     0.019190141
 612    5621    -0.006465366
 612     602     0.002471105
 612     603     0.000239628
 612     604    -0.000448035
 612     610    -0.008423422
 612     611     0.019032809
 612     612     2.022100000
 612     613     0.000214698
 613    5620     0.007538711
 613    5621    -0.007065271
 613     602     0.000850617
 613     603     0.003944782
 613     604     0.000915589
 613     610     0.000527080
 613     611     0.001029243
 613     612     0.000214698
 613     613     2.056600000
