5620    5620    2.139300002
5620    5621    0.007241711
5620     602    0.001534124
5620     603    0.006232158
5620     604    0.000657703
5620     610    0.005521855
5620     611    0.002279591
5620     612    0.016262379
5620     613    0.004229255
5621    5620    0.007241711
5621    5621    2.293499995
5621     602    0.000847963
5621     603    0.032541819
5621     604    0.035384967
5621     610    0.003013464
5621     611    0.000448696
5621     612    0.006071240
5621     613    0.010055235
 602    5620    0.001534124
 602    5621    0.000847963
 602     602    2.005200000
 602     603    0.010849733
 602     604    0.001645410
 602     610    0.002358789
 602     611    0.000593109
 602     612    0.002820137
 602     613    0.000659262
 603    5620    0.006232158
 603    5621    0.032541819
 603     602    0.010849733
 603     603    2.035000000
 603     604    0.001204138
 603     610    0.002223451
 603     611    0.000488246
 603     612    0.000182984
 603     613    0.004579288
 604    5620    0.000657703
 604    5621    0.035384967
 604     602    0.001645410
 604     603    0.001204138
 604     604    2.054200000
 604     610    0.001589531
 604     611    0.000647054
 604     612    0.000083685
 604     613    0.001218245
 610    5620    0.005521855
 610    5621    0.003013464
 610     602    0.002358789
 610     603    0.002223451
 610     604    0.001589531
 610     610    2.063500000
 610     611    0.005508855
 610     612    0.005730836
 610     613    0.000256338
 611    5620    0.002279591
 611    5621    0.000448696
 611     602    0.000593109
 611     603    0.000488246
 611     604    0.000647054
 611     610    0.005508855
 611     611    2.047800000
 611     612    0.015676788
 611     613    0.000679862
 612    5620    0.016262379
 612    5621    0.006071240
 612     602    0.002820137
 612     603    0.000182984
 612     604    0.000083685
 612     610    0.005730836
 612     611    0.015676788
 612     612    2.030300000
 612     613    0.000006903
 613    5620    0.004229255
 613    5621    0.010055235
 613     602    0.000659262
 613     603    0.004579288
 613     604    0.001218245
 613     610    0.000256338
 613     611    0.000679862
 613     612    0.000006903
 613     613    2.006300000
