5620    5620    2.369400002
5620    5621    0.004337716
5620     602    0.000985504
5620     603    0.005267439
5620     604    0.000741384
5620     610    0.002160282
5620     611    0.003034438
5620     612    0.010086557
5620     613    0.008036360
5621    5620    0.004337716
5621    5621    2.325399995
5621     602    0.001769737
5621     603    0.033695338
5621     604    0.031655501
5621     610    0.003383439
5621     611    0.000565083
5621     612    0.006346826
5621     613    0.007942620
 602    5620    0.000985504
 602    5621    0.001769737
 602     602    2.000700000
 602     603    0.009209387
 602     604    0.001526616
 602     610    0.002294083
 602     611    0.000200231
 602     612    0.002284141
 602     613    0.000520319
 603    5620    0.005267439
 603    5621    0.033695338
 603     602    0.009209387
 603     603    1.979600000
 603     604    0.001817558
 603     610    0.002156397
 603     611    0.000092630
 603     612    0.000340116
 603     613    0.004104855
 604    5620    0.000741384
 604    5621    0.031655501
 604     602    0.001526616
 604     603    0.001817558
 604     604    2.035600000
 604     610    0.001913775
 604     611    0.000442184
 604     612    0.000602531
 604     613    0.000936905
 610    5620    0.002160282
 610    5621    0.003383439
 610     602    0.002294083
 610     603    0.002156397
 610     604    0.001913775
 610     610    2.050400000
 610     611    0.006679066
 610     612    0.003840187
 610     613    0.000444708
 611    5620    0.003034438
 611    5621    0.000565083
 611     602    0.000200231
 611     603    0.000092630
 611     604    0.000442184
 611     610    0.006679066
 611     611    2.114900000
 611     612    0.013222591
 611     613    0.000720393
 612    5620    0.010086557
 612    5621    0.006346826
 612     602    0.002284141
 612     603    0.000340116
 612     604    0.000602531
 612     610    0.003840187
 612     611    0.013222591
 612     612    2.133100000
 612     613    0.000208076
 613    5620    0.008036360
 613    5621    0.007942620
 613     602    0.000520319
 613     603    0.004104855
 613     604    0.000936905
 613     610    0.000444708
 613     611    0.000720393
 613     612    0.000208076
 613     613    1.945000000
