5620    5620    2.535200002
5620    5621    0.004050756
5620     602    0.000741346
5620     603    0.004677449
5620     604    0.000192583
5620     610    0.006529567
5620     611    0.001432347
5620     612    0.012034658
5620     613    0.002723564
5621    5620    0.004050756
5621    5621    2.265299995
5621     602    0.001171264
5621     603    0.017761710
5621     604    0.028769135
5621     610    0.000541654
5621     611    0.000112769
5621     612    0.006669575
5621     613    0.008555498
 602    5620    0.000741346
 602    5621    0.001171264
 602     602    2.078200000
 602     603    0.007268012
 602     604    0.001507207
 602     610    0.001472803
 602     611    0.000300242
 602     612    0.002423626
 602     613    0.001211136
 603    5620    0.004677449
 603    5621    0.017761710
 603     602    0.007268012
 603     603    2.112000000
 603     604    0.000067208
 603     610    0.002017592
 603     611    0.000567700
 603     612    0.000059470
 603     613    0.003739196
 604    5620    0.000192583
 604    5621    0.028769135
 604     602    0.001507207
 604     603    0.000067208
 604     604    2.077400000
 604     610    0.000958071
 604     611    0.000421208
 604     612    0.000648252
 604     613    0.001076372
 610    5620    0.006529567
 610    5621    0.000541654
 610     602    0.001472803
 610     603    0.002017592
 610     604    0.000958071
 610     610    2.047400000
 610     611    0.006463474
 610     612    0.009735657
 610     613    0.000415760
 611    5620    0.001432347
 611    5621    0.000112769
 611     602    0.000300242
 611     603    0.000567700
 611     604    0.000421208
 611     610    0.006463474
 611     611    2.001500000
 611     612    0.017029352
 611     613    0.000836423
 612    5620    0.012034658
 612    5621    0.006669575
 612     602    0.002423626
 612     603    0.000059470
 612     604    0.000648252
 612     610    0.009735657
 612     611    0.017029352
 612     612    2.021400000
 612     613    0.000127987
 613    5620    0.002723564
 613    5621    0.008555498
 613     602    0.001211136
 613     603    0.003739196
 613     604    0.001076372
 613     610    0.000415760
 613     611    0.000836423
 613     612    0.000127987
 613     613    2.085500000
