5620    5620    2.328300002
5620    5621    0.004082689
5620     602    0.000375321
5620     603    0.006401363
5620     604    0.003198727
5620     610    0.003505641
5620     611    0.000461772
5620     612    0.003072236
5620     613    0.009876761
5621    5620    0.004082689
5621    5621    2.428699995
5621     602    0.000797079
5621     603    0.022519739
5621     604    0.031681085
5621     610    0.003818966
5621     611    0.000381392
5621     612    0.006963567
5621     613    0.007402455
 602    5620    0.000375321
 602    5621    0.000797079
 602     602    2.055200000
 602     603    0.006108961
 602     604    0.001542367
 602     610    0.002223326
 602     611    0.000580801
 602     612    0.002550721
 602     613    0.000747753
 603    5620    0.006401363
 603    5621    0.022519739
 603     602    0.006108961
 603     603    2.071500000
 603     604    0.000169968
 603     610    0.002097104
 603     611    0.000538157
 603     612    0.000125040
 603     613    0.004239559
 604    5620    0.003198727
 604    5621    0.031681085
 604     602    0.001542367
 604     603    0.000169968
 604     604    2.036900000
 604     610    0.001904574
 604     611    0.001046342
 604     612    0.001175095
 604     613    0.001392518
 610    5620    0.003505641
 610    5621    0.003818966
 610     602    0.002223326
 610     603    0.002097104
 610     604    0.001904574
 610     610    1.984600000
 610     611    0.005662128
 610     612    0.004573655
 610     613    0.000409356
 611    5620    0.000461772
 611    5621    0.000381392
 611     602    0.000580801
 611     603    0.000538157
 611     604    0.001046342
 611     610    0.005662128
 611     611    1.998500000
 611     612    0.018150404
 611     613    0.000994597
 612    5620    0.003072236
 612    5621    0.006963567
 612     602    0.002550721
 612     603    0.000125040
 612     604    0.001175095
 612     610    0.004573655
 612     611    0.018150404
 612     612    2.027800000
 612     613    0.000253958
 613    5620    0.009876761
 613    5621    0.007402455
 613     602    0.000747753
 613     603    0.004239559
 613     604    0.001392518
 613     610    0.000409356
 613     611    0.000994597
 613     612    0.000253958
 613     613    1.985300000
