5620    5620     2.353900002
5620    5621    -0.005443017
5620     602    -0.001542438
5620     603     0.005329394
5620     604    -0.000446100
5620     610    -0.000353803
5620     611    -0.000999713
5620     612    -0.007552614
5620     613    -0.007159903
5621    5620    -0.005443017
5621    5621     2.396199995
5621     602    -0.002041159
5621     603    -0.015715894
5621     604     0.027882634
5621     610    -0.001642355
5621     611    -0.000579571
5621     612    -0.006569018
5621     613    -0.007172608
 602    5620    -0.001542438
 602    5621    -0.002041159
 602     602     2.044100000
 602     603     0.009071722
 602     604     0.001526494
 602     610    -0.002043859
 602     611     0.000457996
 602     612    -0.002500769
 602     613    -0.000340537
 603    5620     0.005329394
 603    5621    -0.015715894
 603     602     0.009071722
 603     603     2.080700000
 603     604    -0.000599219
 603     610     0.002099570
 603     611    -0.000398771
 603     612    -0.000038078
 603     613    -0.003221902
 604    5620    -0.000446100
 604    5621     0.027882634
 604     602     0.001526494
 604     603    -0.000599219
 604     604     2.049400000
 604     610     0.001569634
 604     611     0.000371880
 604     612    -0.001004151
 604     613    -0.000784875
 610    5620    -0.000353803
 610    5621    -0.001642355
 610     602    -0.002043859
 610     603     0.002099570
 610     604     0.001569634
 610     610     1.970200000
 610     611    -0.007247223
 610     612     0.009571802
 610     613    -0.000619951
 611    5620    -0.000999713
 611    5621    -0.000579571
 611     602     0.000457996
 611     603    -0.000398771
 611     604     0.000371880
 611     610    -0.007247223
 611     611     2.015300000
 611     612     0.017629654
 611     613    -0.000879313
 612    5620    -0.007552614
 612    5621    -0.006569018
 612     602    -0.002500769
 612     603    -0.000038078
 612     604    -0.001004151
 612     610     0.009571802
 612     611     0.017629654
 612     612     2.146100000
 612     613    -0.000171156
 613    5620    -0.007159903
 613    5621    -0.007172608
 613     602    -0.000340537
 613     603    -0.003221902
 613     604    -0.000784875
 613     610    -0.000619951
 613     611    -0.000879313
 613     612    -0.000171156
 613     613     2.028700000
