5620    5620    2.217800002
5620    5621    0.007674129
5620     602    0.001478169
5620     603    0.007029437
5620     604    0.000544250
5620     610    0.002884435
5620     611    0.001183873
5620     612    0.003717766
5620     613    0.003499848
5621    5620    0.007674129
5621    5621    2.235499995
5621     602    0.000235653
5621     603    0.027822904
5621     604    0.032593172
5621     610    0.000845330
5621     611    0.000071558
5621     612    0.007851247
5621     613    0.011068599
 602    5620    0.001478169
 602    5621    0.000235653
 602     602    2.080400000
 602     603    0.008023401
 602     604    0.001365014
 602     610    0.001374894
 602     611    0.000199679
 602     612    0.002532777
 602     613    0.000712349
 603    5620    0.007029437
 603    5621    0.027822904
 603     602    0.008023401
 603     603    2.017500000
 603     604    0.000620483
 603     610    0.002201652
 603     611    0.000430494
 603     612    0.000112018
 603     613    0.005179165
 604    5620    0.000544250
 604    5621    0.032593172
 604     602    0.001365014
 604     603    0.000620483
 604     604    2.064800000
 604     610    0.000438326
 604     611    0.000463708
 604     612    0.000685911
 604     613    0.001197838
 610    5620    0.002884435
 610    5621    0.000845330
 610     602    0.001374894
 610     603    0.002201652
 610     604    0.000438326
 610     610    2.048500000
 610     611    0.006822520
 610     612    0.004482940
 610     613    0.000596588
 611    5620    0.001183873
 611    5621    0.000071558
 611     602    0.000199679
 611     603    0.000430494
 611     604    0.000463708
 611     610    0.006822520
 611     611    2.041100000
 611     612    0.018735684
 611     613    0.000864191
 612    5620    0.003717766
 612    5621    0.007851247
 612     602    0.002532777
 612     603    0.000112018
 612     604    0.000685911
 612     610    0.004482940
 612     611    0.018735684
 612     612    1.984300000
 612     613    0.000000186
 613    5620    0.003499848
 613    5621    0.011068599
 613     602    0.000712349
 613     603    0.005179165
 613     604    0.001197838
 613     610    0.000596588
 613     611    0.000864191
 613     612    0.000000186
 613     613    2.030600000
