5620    5620     2.524300002
5620    5621     0.004531320
5620     602    -0.000852355
5620     603     0.005527585
5620     604    -0.000621023
5620     610    -0.003902563
5620     611    -0.001240491
5620     612     0.014316728
5620     613    -0.005130371
5621    5620     0.004531320
5621    5621     2.294299995
5621     602     0.003297684
5621     603     0.029499278
5621     604     0.033001096
5621     610     0.002544359
5621     611    -0.000234571
5621     612    -0.007715504
5621     613     0.009941389
 602    5620    -0.000852355
 602    5621     0.003297684
 602     602     2.054400000
 602     603     0.007532147
 602     604    -0.001474416
 602     610    -0.002018409
 602     611     0.000126874
 602     612     0.002427994
 602     613     0.000940546
 603    5620     0.005527585
 603    5621     0.029499278
 603     602     0.007532147
 603     603     2.050900000
 603     604    -0.000678216
 603     610     0.002329858
 603     611    -0.000307589
 603     612    -0.000399151
 603     613    -0.004758007
 604    5620    -0.000621023
 604    5621     0.033001096
 604     602    -0.001474416
 604     603    -0.000678216
 604     604     2.122100000
 604     610    -0.001855530
 604     611    -0.000402789
 604     612    -0.000716373
 604     613     0.001141420
 610    5620    -0.003902563
 610    5621     0.002544359
 610     602    -0.002018409
 610     603     0.002329858
 610     604    -0.001855530
 610     610     2.030700000
 610     611     0.006634198
 610     612    -0.009608483
 610     613    -0.000447153
 611    5620    -0.001240491
 611    5621    -0.000234571
 611     602     0.000126874
 611     603    -0.000307589
 611     604    -0.000402789
 611     610     0.006634198
 611     611     2.091700000
 611     612    -0.018280191
 611     613     0.000677971
 612    5620     0.014316728
 612    5621    -0.007715504
 612     602     0.002427994
 612     603    -0.000399151
 612     604    -0.000716373
 612     610    -0.009608483
 612     611    -0.018280191
 612     612     1.977600000
 612     613     0.000324216
 613    5620    -0.005130371
 613    5621     0.009941389
 613     602     0.000940546
 613     603    -0.004758007
 613     604     0.001141420
 613     610    -0.000447153
 613     611     0.000677971
 613     612     0.000324216
 613     613     1.948700000
