5620    5620     2.229900002
5620    5621    -0.004390039
5620     602     0.002018439
5620     603     0.005714064
5620     604    -0.004416845
5620     610     0.003949271
5620     611    -0.000672738
5620     612     0.011638360
5620     613    -0.006753624
5621    5620    -0.004390039
5621    5621     2.407299995
5621     602    -0.007201190
5621     603    -0.016413646
5621     604    -0.024477886
5621     610    -0.001395774
5621     611     0.000483073
5621     612    -0.007552568
5621     613    -0.007820330
 602    5620     0.002018439
 602    5621    -0.007201190
 602     602     2.033900000
 602     603     0.007333510
 602     604    -0.001230070
 602     610    -0.001840020
 602     611     0.000438057
 602     612    -0.002662701
 602     613     0.000002909
 603    5620     0.005714064
 603    5621    -0.016413646
 603     602     0.007333510
 603     603     2.107800000
 603     604    -0.000421696
 603     610    -0.002049157
 603     611    -0.000652020
 603     612     0.000144246
 603     613    -0.003800242
 604    5620    -0.004416845
 604    5621    -0.024477886
 604     602    -0.001230070
 604     603    -0.000421696
 604     604     2.056000000
 604     610    -0.000349492
 604     611     0.000999902
 604     612    -0.001011163
 604     613    -0.001185435
 610    5620     0.003949271
 610    5621    -0.001395774
 610     602    -0.001840020
 610     603    -0.002049157
 610     604    -0.000349492
 610     610     2.109500000
 610     611     0.006795075
 610     612     0.005170355
 610     613     0.000527859
 611    5620    -0.000672738
 611    5621     0.000483073
 611     602     0.000438057
 611     603    -0.000652020
 611     604     0.000999902
 611     610     0.006795075
 611     611     1.973900000
 611     612     0.021966610
 611     613    -0.001049932
 612    5620     0.011638360
 612    5621    -0.007552568
 612     602    -0.002662701
 612     603     0.000144246
 612     604    -0.001011163
 612     610     0.005170355
 612     611     0.021966610
 612     612     2.042200000
 612     613    -0.000097750
 613    5620    -0.006753624
 613    5621    -0.007820330
 613     602     0.000002909
 613     603    -0.003800242
 613     604    -0.001185435
 613     610     0.000527859
 613     611    -0.001049932
 613     612    -0.000097750
 613     613     2.026000000
