5620    5620    2.431600002
5620    5621    0.003294980
5620     602    0.000507766
5620     603    0.006195749
5620     604    0.004506665
5620     610    0.006722958
5620     611    0.001309753
5620     612    0.006350940
5620     613    0.007006547
5621    5620    0.003294980
5621    5621    2.193799995
5621     602    0.002073884
5621     603    0.025049291
5621     604    0.022201634
5621     610    0.000392361
5621     611    0.000349274
5621     612    0.006882139
5621     613    0.008964417
 602    5620    0.000507766
 602    5621    0.002073884
 602     602    2.062100000
 602     603    0.012375308
 602     604    0.001554256
 602     610    0.000574302
 602     611    0.000747369
 602     612    0.002421647
 602     613    0.001482228
 603    5620    0.006195749
 603    5621    0.025049291
 603     602    0.012375308
 603     603    2.051900000
 603     604    0.001162263
 603     610    0.002143460
 603     611    0.000619591
 603     612    0.000171012
 603     613    0.004385512
 604    5620    0.004506665
 604    5621    0.022201634
 604     602    0.001554256
 604     603    0.001162263
 604     604    2.086600000
 604     610    0.000404490
 604     611    0.000946121
 604     612    0.000718863
 604     613    0.001200216
 610    5620    0.006722958
 610    5621    0.000392361
 610     602    0.000574302
 610     603    0.002143460
 610     604    0.000404490
 610     610    2.144400000
 610     611    0.006758769
 610     612    0.007297191
 610     613    0.000739421
 611    5620    0.001309753
 611    5621    0.000349274
 611     602    0.000747369
 611     603    0.000619591
 611     604    0.000946121
 611     610    0.006758769
 611     611    1.943700000
 611     612    0.018489211
 611     613    0.001078377
 612    5620    0.006350940
 612    5621    0.006882139
 612     602    0.002421647
 612     603    0.000171012
 612     604    0.000718863
 612     610    0.007297191
 612     611    0.018489211
 612     612    2.001400000
 612     613    0.000091965
 613    5620    0.007006547
 613    5621    0.008964417
 613     602    0.001482228
 613     603    0.004385512
 613     604    0.001200216
 613     610    0.000739421
 613     611    0.001078377
 613     612    0.000091965
 613     613    2.023200000
