5620    5620     2.386400002
5620    5621     0.005562172
5620     602    -0.000130051
5620     603    -0.005997119
5620     604    -0.002969400
5620     610     0.005672639
5620     611     0.003400278
5620     612    -0.012575342
5620     613     0.010513501
5621    5620     0.005562172
5621    5621     2.451399995
5621     602    -0.006393067
5621     603     0.029658431
5621     604    -0.030559462
5621     610     0.002546120
5621     611     0.000082524
5621     612     0.006801224
5621     613     0.007956735
 602    5620    -0.000130051
 602    5621    -0.006393067
 602     602     2.090700000
 602     603    -0.009534647
 602     604    -0.001662602
 602     610     0.001785565
 602     611    -0.000048248
 602     612     0.002940831
 602     613    -0.001054817
 603    5620    -0.005997119
 603    5621     0.029658431
 603     602    -0.009534647
 603     603     2.047600000
 603     604    -0.001078988
 603     610    -0.002422623
 603     611     0.000210271
 603     612     0.000134776
 603     613     0.003759357
 604    5620    -0.002969400
 604    5621    -0.030559462
 604     602    -0.001662602
 604     603    -0.001078988
 604     604     2.013700000
 604     610     0.001980796
 604     611     0.000192953
 604     612     0.001604742
 604     613     0.000582032
 610    5620     0.005672639
 610    5621     0.002546120
 610     602     0.001785565
 610     603    -0.002422623
 610     604     0.001980796
 610     610     2.002600000
 610     611     0.007024671
 610     612     0.007396835
 610     613    -0.000811211
 611    5620     0.003400278
 611    5621     0.000082524
 611     602    -0.000048248
 611     603     0.000210271
 611     604     0.000192953
 611     610     0.007024671
 611     611     2.062600000
 611     612    -0.019135114
 611     613     0.000586896
 612    5620    -0.012575342
 612    5621     0.006801224
 612     602     0.002940831
 612     603     0.000134776
 612     604     0.001604742
 612     610     0.007396835
 612     611    -0.019135114
 612     612     2.044700000
 612     613     0.000230247
 613    5620     0.010513501
 613    5621     0.007956735
 613     602    -0.001054817
 613     603     0.003759357
 613     604     0.000582032
 613     610    -0.000811211
 613     611     0.000586896
 613     612     0.000230247
 613     613     1.893700000
