5620    5620    2.275800002
5620    5621    0.004844143
5620     602    0.000509470
5620     603    0.006435160
5620     604    0.001363986
5620     610    0.001561837
5620     611    0.004119035
5620     612    0.009376213
5620     613    0.006843287
5621    5620    0.004844143
5621    5621    2.371899995
5621     602    0.005095116
5621     603    0.027519372
5621     604    0.028546482
5621     610    0.003240750
5621     611    0.000092818
5621     612    0.007291961
5621     613    0.008990142
 602    5620    0.000509470
 602    5621    0.005095116
 602     602    2.019900000
 602     603    0.012965296
 602     604    0.001749009
 602     610    0.002382334
 602     611    0.000490355
 602     612    0.003158266
 602     613    0.001138240
 603    5620    0.006435160
 603    5621    0.027519372
 603     602    0.012965296
 603     603    1.954400000
 603     604    0.001221618
 603     610    0.002461305
 603     611    0.000145434
 603     612    0.000142849
 603     613    0.004776412
 604    5620    0.001363986
 604    5621    0.028546482
 604     602    0.001749009
 604     603    0.001221618
 604     604    2.040300000
 604     610    0.001634812
 604     611    0.000715085
 604     612    0.000046017
 604     613    0.001216293
 610    5620    0.001561837
 610    5621    0.003240750
 610     602    0.002382334
 610     603    0.002461305
 610     604    0.001634812
 610     610    2.047500000
 610     611    0.008669400
 610     612    0.005417623
 610     613    0.000585064
 611    5620    0.004119035
 611    5621    0.000092818
 611     602    0.000490355
 611     603    0.000145434
 611     604    0.000715085
 611     610    0.008669400
 611     611    2.038100000
 611     612    0.020888973
 611     613    0.000741463
 612    5620    0.009376213
 612    5621    0.007291961
 612     602    0.003158266
 612     603    0.000142849
 612     604    0.000046017
 612     610    0.005417623
 612     611    0.020888973
 612     612    2.023300000
 612     613    0.000112270
 613    5620    0.006843287
 613    5621    0.008990142
 613     602    0.001138240
 613     603    0.004776412
 613     604    0.001216293
 613     610    0.000585064
 613     611    0.000741463
 613     612    0.000112270
 613     613    2.024700000
