5620    5620     2.458600002
5620    5621    -0.005082661
5620     602     0.000747628
5620     603    -0.006226547
5620     604    -0.002349416
5620     610     0.004691684
5620     611    -0.000272472
5620     612     0.002708253
5620     613     0.006586612
5621    5620    -0.005082661
5621    5621     2.415099995
5621     602     0.002020619
5621     603    -0.017582077
5621     604    -0.030515354
5621     610    -0.004064463
5621     611    -0.000032582
5621     612    -0.007508715
5621     613     0.006965937
 602    5620     0.000747628
 602    5621     0.002020619
 602     602     2.083600000
 602     603     0.008648868
 602     604     0.001698426
 602     610    -0.001779697
 602     611     0.000294640
 602     612    -0.002504436
 602     613    -0.001690965
 603    5620    -0.006226547
 603    5621    -0.017582077
 603     602     0.008648868
 603     603     2.069700000
 603     604     0.000419804
 603     610     0.002461637
 603     611    -0.000450391
 603     612    -0.000245560
 603     613     0.004513184
 604    5620    -0.002349416
 604    5621    -0.030515354
 604     602     0.001698426
 604     603     0.000419804
 604     604     1.983200000
 604     610     0.002504350
 604     611     0.000819390
 604     612    -0.000141310
 604     613     0.001338756
 610    5620     0.004691684
 610    5621    -0.004064463
 610     602    -0.001779697
 610     603     0.002461637
 610     604     0.002504350
 610     610     2.005900000
 610     611     0.006898396
 610     612     0.002374037
 610     613     0.000428706
 611    5620    -0.000272472
 611    5621    -0.000032582
 611     602     0.000294640
 611     603    -0.000450391
 611     604     0.000819390
 611     610     0.006898396
 611     611     2.136000000
 611     612     0.018357422
 611     613    -0.000892318
 612    5620     0.002708253
 612    5621    -0.007508715
 612     602    -0.002504436
 612     603    -0.000245560
 612     604    -0.000141310
 612     610     0.002374037
 612     611     0.018357422
 612     612     2.020600000
 612     613     0.000341584
 613    5620     0.006586612
 613    5621     0.006965937
 613     602    -0.001690965
 613     603     0.004513184
 613     604     0.001338756
 613     610     0.000428706
 613     611    -0.000892318
 613     612     0.000341584
 613     613     1.979300000
