5620    5620     2.471600002
5620    5621     0.004907623
5620     602     0.000358710
5620     603    -0.005503447
5620     604     0.000710427
5620     610    -0.007687556
5620     611     0.005529152
5620     612     0.011468219
5620     613    -0.007784384
5621    5620     0.004907623
5621    5621     2.273199995
5621     602     0.001682658
5621     603     0.013265711
5621     604    -0.034191596
5621     610     0.001120571
5621     611     0.000666540
5621     612     0.005670272
5621     613     0.007808073
 602    5620     0.000358710
 602    5621     0.001682658
 602     602     2.089000000
 602     603     0.009392649
 602     604    -0.001952353
 602     610    -0.001013603
 602     611     0.000111002
 602     612    -0.002482350
 602     613     0.001740794
 603    5620    -0.005503447
 603    5621     0.013265711
 603     602     0.009392649
 603     603     2.007800000
 603     604     0.000572687
 603     610     0.002189227
 603     611    -0.000173324
 603     612     0.000353187
 603     613    -0.004231430
 604    5620     0.000710427
 604    5621    -0.034191596
 604     602    -0.001952353
 604     603     0.000572687
 604     604     2.075000000
 604     610     0.000675589
 604     611     0.000598501
 604     612     0.000060993
 604     613    -0.001377679
 610    5620    -0.007687556
 610    5621     0.001120571
 610     602    -0.001013603
 610     603     0.002189227
 610     604     0.000675589
 610     610     2.013500000
 610     611    -0.006209876
 610     612    -0.008473306
 610     613     0.000590848
 611    5620     0.005529152
 611    5621     0.000666540
 611     602     0.000111002
 611     603    -0.000173324
 611     604     0.000598501
 611     610    -0.006209876
 611     611     2.021800000
 611     612     0.014036171
 611     613     0.000424017
 612    5620     0.011468219
 612    5621     0.005670272
 612     602    -0.002482350
 612     603     0.000353187
 612     604     0.000060993
 612     610    -0.008473306
 612     611     0.014036171
 612     612     2.104300000
 612     613     0.000345508
 613    5620    -0.007784384
 613    5621     0.007808073
 613     602     0.001740794
 613     603    -0.004231430
 613     604    -0.001377679
 613     610     0.000590848
 613     611     0.000424017
 613     612     0.000345508
 613     613     2.020900000
