5620    5620    2.530700002
5620    5621    0.004431036
5620     602    0.000228358
5620     603    0.005570520
5620     604    0.002521207
5620     610    0.001945130
5620     611    0.002194263
5620     612    0.018389132
5620     613    0.008314711
5621    5620    0.004431036
5621    5621    2.456199995
5621     602    0.002141903
5621     603    0.022275554
5621     604    0.033330818
5621     610    0.002277736
5621     611    0.000019486
5621     612    0.005788554
5621     613    0.006809652
 602    5620    0.000228358
 602    5621    0.002141903
 602     602    2.072500000
 602     603    0.009219107
 602     604    0.001576281
 602     610    0.001794382
 602     611    0.000179047
 602     612    0.002028686
 602     613    0.000893067
 603    5620    0.005570520
 603    5621    0.022275554
 603     602    0.009219107
 603     603    2.108900000
 603     604    0.000708365
 603     610    0.002132356
 603     611    0.000571658
 603     612    0.000387757
 603     613    0.003884154
 604    5620    0.002521207
 604    5621    0.033330818
 604     602    0.001576281
 604     603    0.000708365
 604     604    2.021700000
 604     610    0.001836630
 604     611    0.000381509
 604     612    0.001173707
 604     613    0.000982670
 610    5620    0.001945130
 610    5621    0.002277736
 610     602    0.001794382
 610     603    0.002132356
 610     604    0.001836630
 610     610    2.021300000
 610     611    0.006028284
 610     612    0.012791238
 610     613    0.000617240
 611    5620    0.002194263
 611    5621    0.000019486
 611     602    0.000179047
 611     603    0.000571658
 611     604    0.000381509
 611     610    0.006028284
 611     611    2.084600000
 611     612    0.015630935
 611     613    0.001139728
 612    5620    0.018389132
 612    5621    0.005788554
 612     602    0.002028686
 612     603    0.000387757
 612     604    0.001173707
 612     610    0.012791238
 612     611    0.015630935
 612     612    1.972300000
 612     613    0.000214088
 613    5620    0.008314711
 613    5621    0.006809652
 613     602    0.000893067
 613     603    0.003884154
 613     604    0.000982670
 613     610    0.000617240
 613     611    0.001139728
 613     612    0.000214088
 613     613    1.997400000
