5620    5620     2.263300002
5620    5621    -0.002598249
5620     602    -0.001287749
5620     603     0.006490710
5620     604    -0.000952362
5620     610     0.001135097
5620     611    -0.000329647
5620     612     0.010038653
5620     613    -0.009413841
5621    5620    -0.002598249
5621    5621     2.282299995
5621     602    -0.002421837
5621     603    -0.022206613
5621     604    -0.029130374
5621     610    -0.002746807
5621     611    -0.000332682
5621     612     0.006735591
5621     613     0.006745122
 602    5620    -0.001287749
 602    5621    -0.002421837
 602     602     2.096300000
 602     603     0.007731926
 602     604    -0.001361816
 602     610    -0.002033743
 602     611    -0.000610733
 602     612     0.002330012
 602     613    -0.000305888
 603    5620     0.006490710
 603    5621    -0.022206613
 603     602     0.007731926
 603     603     1.993600000
 603     604     0.000533401
 603     610    -0.002441948
 603     611     0.000625619
 603     612    -0.000047662
 603     613     0.004115806
 604    5620    -0.000952362
 604    5621    -0.029130374
 604     602    -0.001361816
 604     603     0.000533401
 604     604     2.034600000
 604     610    -0.000931024
 604     611     0.000665394
 604     612    -0.000249796
 604     613    -0.001075663
 610    5620     0.001135097
 610    5621    -0.002746807
 610     602    -0.002033743
 610     603    -0.002441948
 610     604    -0.000931024
 610     610     2.029200000
 610     611     0.005826912
 610     612     0.003512024
 610     613    -0.000618347
 611    5620    -0.000329647
 611    5621    -0.000332682
 611     602    -0.000610733
 611     603     0.000625619
 611     604     0.000665394
 611     610     0.005826912
 611     611     2.059100000
 611     612    -0.017224914
 611     613    -0.001058985
 612    5620     0.010038653
 612    5621     0.006735591
 612     602     0.002330012
 612     603    -0.000047662
 612     604    -0.000249796
 612     610     0.003512024
 612     611    -0.017224914
 612     612     2.039500000
 612     613    -0.000329005
 613    5620    -0.009413841
 613    5621     0.006745122
 613     602    -0.000305888
 613     603     0.004115806
 613     604    -0.001075663
 613     610    -0.000618347
 613     611    -0.001058985
 613     612    -0.000329005
 613     613     1.952100000
