5620    5620    2.494600002
5620    5621    0.007466406
5620     602    0.000995669
5620     603    0.006203604
5620     604    0.000234122
5620     610    0.002755858
5620     611    0.001254263
5620     612    0.016640460
5620     613    0.006671391
5621    5620    0.007466406
5621    5621    2.069999995
5621     602    0.005762471
5621     603    0.034543946
5621     604    0.033898247
5621     610    0.002997160
5621     611    0.001033534
5621     612    0.008167468
5621     613    0.007117359
 602    5620    0.000995669
 602    5621    0.005762471
 602     602    2.077000000
 602     603    0.010547742
 602     604    0.001598772
 602     610    0.001922160
 602     611    0.000454629
 602     612    0.002918263
 602     613    0.000630403
 603    5620    0.006203604
 603    5621    0.034543946
 603     602    0.010547742
 603     603    2.009000000
 603     604    0.001690458
 603     610    0.002096921
 603     611    0.000611613
 603     612    0.000434906
 603     613    0.003595565
 604    5620    0.000234122
 604    5621    0.033898247
 604     602    0.001598772
 604     603    0.001690458
 604     604    2.069700000
 604     610    0.001994002
 604     611    0.000595525
 604     612    0.000597572
 604     613    0.000819417
 610    5620    0.002755858
 610    5621    0.002997160
 610     602    0.001922160
 610     603    0.002096921
 610     604    0.001994002
 610     610    2.071900000
 610     611    0.005410896
 610     612    0.006350313
 610     613    0.000311546
 611    5620    0.001254263
 611    5621    0.001033534
 611     602    0.000454629
 611     603    0.000611613
 611     604    0.000595525
 611     610    0.005410896
 611     611    2.006700000
 611     612    0.021382228
 611     613    0.000891848
 612    5620    0.016640460
 612    5621    0.008167468
 612     602    0.002918263
 612     603    0.000434906
 612     604    0.000597572
 612     610    0.006350313
 612     611    0.021382228
 612     612    1.974700000
 612     613    0.000002816
 613    5620    0.006671391
 613    5621    0.007117359
 613     602    0.000630403
 613     603    0.003595565
 613     604    0.000819417
 613     610    0.000311546
 613     611    0.000891848
 613     612    0.000002816
 613     613    2.054300000
