5620    5620     2.271900002
5620    5621    -0.004870852
5620     602    -0.001489298
5620     603    -0.006135722
5620     604    -0.003217445
5620     610     0.003517574
5620     611     0.001946524
5620     612    -0.004370156
5620     613     0.008229557
5621    5620    -0.004870852
5621    5621     2.427399995
5621     602     0.004397905
5621     603     0.022899939
5621     604    -0.030859638
5621     610     0.003510254
5621     611    -0.000321715
5621     612    -0.006764928
5621     613    -0.006980256
 602    5620    -0.001489298
 602    5621     0.004397905
 602     602     2.082200000
 602     603    -0.008976939
 602     604     0.001463732
 602     610    -0.002217653
 602     611    -0.000221513
 602     612     0.002304319
 602     613    -0.000212764
 603    5620    -0.006135722
 603    5621     0.022899939
 603     602    -0.008976939
 603     603     2.008100000
 603     604    -0.000864589
 603     610     0.002329062
 603     611     0.000288598
 603     612    -0.000178844
 603     613    -0.003328743
 604    5620    -0.003217445
 604    5621    -0.030859638
 604     602     0.001463732
 604     603    -0.000864589
 604     604     2.067300000
 604     610    -0.001863643
 604     611    -0.000846851
 604     612    -0.000831218
 604     613     0.001157828
 610    5620     0.003517574
 610    5621     0.003510254
 610     602    -0.002217653
 610     603     0.002329062
 610     604    -0.001863643
 610     610     1.989600000
 610     611     0.006842064
 610     612     0.006282289
 610     613    -0.000511862
 611    5620     0.001946524
 611    5621    -0.000321715
 611     602    -0.000221513
 611     603     0.000288598
 611     604    -0.000846851
 611     610     0.006842064
 611     611     2.082100000
 611     612    -0.016457534
 611     613    -0.000540147
 612    5620    -0.004370156
 612    5621    -0.006764928
 612     602     0.002304319
 612     603    -0.000178844
 612     604    -0.000831218
 612     610     0.006282289
 612     611    -0.016457534
 612     612     2.058300000
 612     613    -0.000082768
 613    5620     0.008229557
 613    5621    -0.006980256
 613     602    -0.000212764
 613     603    -0.003328743
 613     604     0.001157828
 613     610    -0.000511862
 613     611    -0.000540147
 613     612    -0.000082768
 613     613     2.038600000
