5620    5620    2.297800002
5620    5621    0.006797137
5620     602    0.001789474
5620     603    0.005562284
5620     604    0.002483758
5620     610    0.001185723
5620     611    0.000795982
5620     612    0.002634828
5620     613    0.006249956
5621    5620    0.006797137
5621    5621    2.110199995
5621     602    0.001768594
5621     603    0.020511637
5621     604    0.036670868
5621     610    0.003114623
5621     611    0.000133841
5621     612    0.007978311
5621     613    0.006476077
 602    5620    0.001789474
 602    5621    0.001768594
 602     602    2.100000000
 602     603    0.006984287
 602     604    0.001586630
 602     610    0.002151654
 602     611    0.000647647
 602     612    0.002463896
 602     613    0.000298141
 603    5620    0.005562284
 603    5621    0.020511637
 603     602    0.006984287
 603     603    1.996800000
 603     604    0.000229010
 603     610    0.001955534
 603     611    0.000668112
 603     612    0.000455245
 603     613    0.003314867
 604    5620    0.002483758
 604    5621    0.036670868
 604     602    0.001586630
 604     603    0.000229010
 604     604    2.040700000
 604     610    0.001263754
 604     611    0.000835485
 604     612    0.000635585
 604     613    0.001077445
 610    5620    0.001185723
 610    5621    0.003114623
 610     602    0.002151654
 610     603    0.001955534
 610     604    0.001263754
 610     610    2.082300000
 610     611    0.005610707
 610     612    0.001307503
 610     613    0.000380028
 611    5620    0.000795982
 611    5621    0.000133841
 611     602    0.000647647
 611     603    0.000668112
 611     604    0.000835485
 611     610    0.005610707
 611     611    2.005800000
 611     612    0.013740827
 611     613    0.000881836
 612    5620    0.002634828
 612    5621    0.007978311
 612     602    0.002463896
 612     603    0.000455245
 612     604    0.000635585
 612     610    0.001307503
 612     611    0.013740827
 612     612    2.061100000
 612     613    0.000464056
 613    5620    0.006249956
 613    5621    0.006476077
 613     602    0.000298141
 613     603    0.003314867
 613     604    0.001077445
 613     610    0.000380028
 613     611    0.000881836
 613     612    0.000464056
 613     613    2.026100000
