5620    5620     2.446700002
5620    5621    -0.005041765
5620     602    -0.002233685
5620     603     0.006028682
5620     604     0.002837346
5620     610    -0.001155102
5620     611    -0.001502330
5620     612    -0.000848961
5620     613    -0.006310364
5621    5620    -0.005041765
5621    5621     2.296399995
5621     602     0.002576585
5621     603     0.026788244
5621     604     0.030545068
5621     610     0.000884475
5621     611     0.000310594
5621     612     0.008475790
5621     613    -0.007882520
 602    5620    -0.002233685
 602    5621     0.002576585
 602     602     1.935900000
 602     603     0.008323805
 602     604     0.001371695
 602     610     0.001933803
 602     611     0.000323390
 602     612     0.002814320
 602     613     0.000100387
 603    5620     0.006028682
 603    5621     0.026788244
 603     602     0.008323805
 603     603     2.027400000
 603     604     0.000459908
 603     610     0.002157034
 603     611     0.000391320
 603     612    -0.000158153
 603     613     0.004185938
 604    5620     0.002837346
 604    5621     0.030545068
 604     602     0.001371695
 604     603     0.000459908
 604     604     2.124900000
 604     610    -0.000268664
 604     611    -0.000723458
 604     612    -0.000700057
 604     613     0.001152666
 610    5620    -0.001155102
 610    5621     0.000884475
 610     602     0.001933803
 610     603     0.002157034
 610     604    -0.000268664
 610     610     2.077700000
 610     611     0.006701394
 610     612     0.007305633
 610     613    -0.000615485
 611    5620    -0.001502330
 611    5621     0.000310594
 611     602     0.000323390
 611     603     0.000391320
 611     604    -0.000723458
 611     610     0.006701394
 611     611     2.070700000
 611     612     0.017506432
 611     613     0.000632213
 612    5620    -0.000848961
 612    5621     0.008475790
 612     602     0.002814320
 612     603    -0.000158153
 612     604    -0.000700057
 612     610     0.007305633
 612     611     0.017506432
 612     612     1.974700000
 612     613    -0.000212857
 613    5620    -0.006310364
 613    5621    -0.007882520
 613     602     0.000100387
 613     603     0.004185938
 613     604     0.001152666
 613     610    -0.000615485
 613     611     0.000632213
 613     612    -0.000212857
 613     613     2.023600000
