5620    5620     2.477900002
5620    5621     0.005460324
5620     602    -0.000207541
5620     603    -0.005585679
5620     604     0.000025588
5620     610    -0.000046833
5620     611    -0.000835945
5620     612     0.001262848
5620     613     0.008111163
5621    5620     0.005460324
5621    5621     2.267199995
5621     602     0.004618032
5621     603     0.025656006
5621     604    -0.032550510
5621     610     0.001877295
5621     611     0.000312646
5621     612     0.006675730
5621     613     0.006932797
 602    5620    -0.000207541
 602    5621     0.004618032
 602     602     2.028100000
 602     603     0.009528522
 602     604     0.001777091
 602     610    -0.001817982
 602     611    -0.000491312
 602     612    -0.002683240
 602     613    -0.001322136
 603    5620    -0.005585679
 603    5621     0.025656006
 603     602     0.009528522
 603     603     2.039700000
 603     604     0.000736631
 603     610    -0.002053333
 603     611     0.000543836
 603     612    -0.000305883
 603     613     0.004037165
 604    5620     0.000025588
 604    5621    -0.032550510
 604     602     0.001777091
 604     603     0.000736631
 604     604     2.087600000
 604     610    -0.001242691
 604     611     0.000427713
 604     612     0.000393687
 604     613    -0.001068405
 610    5620    -0.000046833
 610    5621     0.001877295
 610     602    -0.001817982
 610     603    -0.002053333
 610     604    -0.001242691
 610     610     2.028600000
 610     611     0.006537462
 610     612     0.001247430
 610     613     0.000643095
 611    5620    -0.000835945
 611    5621     0.000312646
 611     602    -0.000491312
 611     603     0.000543836
 611     604     0.000427713
 611     610     0.006537462
 611     611     2.107900000
 611     612     0.014954267
 611     613     0.001067992
 612    5620     0.001262848
 612    5621     0.006675730
 612     602    -0.002683240
 612     603    -0.000305883
 612     604     0.000393687
 612     610     0.001247430
 612     611     0.014954267
 612     612     2.132600000
 612     613    -0.000692101
 613    5620     0.008111163
 613    5621     0.006932797
 613     602    -0.001322136
 613     603     0.004037165
 613     604    -0.001068405
 613     610     0.000643095
 613     611     0.001067992
 613     612    -0.000692101
 613     613     1.999800000
