5620    5620     2.644000002
5620    5621     0.005274305
5620     602    -0.001195326
5620     603    -0.004716994
5620     604     0.000150160
5620     610     0.000654147
5620     611     0.001074186
5620     612     0.002316002
5620     613     0.006869180
5621    5620     0.005274305
5621    5621     2.344099995
5621     602    -0.001750588
5621     603    -0.019444824
5621     604    -0.031533231
5621     610     0.003572861
5621     611    -0.000246127
5621     612     0.005877424
5621     613    -0.008554710
 602    5620    -0.001195326
 602    5621    -0.001750588
 602     602     2.022300000
 602     603    -0.007285156
 602     604     0.001887632
 602     610    -0.002316011
 602     611     0.000333480
 602     612    -0.002626448
 602     613    -0.000637574
 603    5620    -0.004716994
 603    5621    -0.019444824
 603     602    -0.007285156
 603     603     2.084400000
 603     604     0.000529565
 603     610     0.001957539
 603     611     0.000345962
 603     612     0.000301035
 603     613     0.003726164
 604    5620     0.000150160
 604    5621    -0.031533231
 604     602     0.001887632
 604     603     0.000529565
 604     604     1.983000000
 604     610    -0.002471483
 604     611     0.000444650
 604     612    -0.000842579
 604     613    -0.001114897
 610    5620     0.000654147
 610    5621     0.003572861
 610     602    -0.002316011
 610     603     0.001957539
 610     604    -0.002471483
 610     610     2.055300000
 610     611    -0.006541277
 610     612    -0.004422551
 610     613     0.000579699
 611    5620     0.001074186
 611    5621    -0.000246127
 611     602     0.000333480
 611     603     0.000345962
 611     604     0.000444650
 611     610    -0.006541277
 611     611     1.991600000
 611     612    -0.018378835
 611     613     0.000937860
 612    5620     0.002316002
 612    5621     0.005877424
 612     602    -0.002626448
 612     603     0.000301035
 612     604    -0.000842579
 612     610    -0.004422551
 612     611    -0.018378835
 612     612     2.044100000
 612     613    -0.000603866
 613    5620     0.006869180
 613    5621    -0.008554710
 613     602    -0.000637574
 613     603     0.003726164
 613     604    -0.001114897
 613     610     0.000579699
 613     611     0.000937860
 613     612    -0.000603866
 613     613     2.016800000
