5620    5620    2.381700002
5620    5621    0.006382965
5620     602    0.000081195
5620     603    0.005386362
5620     604    0.000140219
5620     610    0.004689445
5620     611    0.003187737
5620     612    0.007402143
5620     613    0.009614144
5621    5620    0.006382965
5621    5621    2.409499995
5621     602    0.004102205
5621     603    0.027198136
5621     604    0.029097993
5621     610    0.001923672
5621     611    0.000158518
5621     612    0.007432168
5621     613    0.007101695
 602    5620    0.000081195
 602    5621    0.004102205
 602     602    2.033300000
 602     603    0.010570511
 602     604    0.001691800
 602     610    0.001404755
 602     611    0.000296453
 602     612    0.002783716
 602     613    0.001219045
 603    5620    0.005386362
 603    5621    0.027198136
 603     602    0.010570511
 603     603    1.989600000
 603     604    0.001110725
 603     610    0.002153568
 603     611    0.000142316
 603     612    0.000271866
 603     613    0.003626070
 604    5620    0.000140219
 604    5621    0.029097993
 604     602    0.001691800
 604     603    0.001110725
 604     604    2.083800000
 604     610    0.001308230
 604     611    0.000553281
 604     612    0.000420674
 604     613    0.000856322
 610    5620    0.004689445
 610    5621    0.001923672
 610     602    0.001404755
 610     603    0.002153568
 610     604    0.001308230
 610     610    1.955300000
 610     611    0.007819347
 610     612    0.009047698
 610     613    0.000753361
 611    5620    0.003187737
 611    5621    0.000158518
 611     602    0.000296453
 611     603    0.000142316
 611     604    0.000553281
 611     610    0.007819347
 611     611    2.032200000
 611     612    0.020498017
 611     613    0.000715936
 612    5620    0.007402143
 612    5621    0.007432168
 612     602    0.002783716
 612     603    0.000271866
 612     604    0.000420674
 612     610    0.009047698
 612     611    0.020498017
 612     612    2.013500000
 612     613    0.000152442
 613    5620    0.009614144
 613    5621    0.007101695
 613     602    0.001219045
 613     603    0.003626070
 613     604    0.000856322
 613     610    0.000753361
 613     611    0.000715936
 613     612    0.000152442
 613     613    2.025600000
