5620    5620     2.278400002
5620    5621     0.004249385
5620     602    -0.002123737
5620     603     0.005529283
5620     604     0.001532702
5620     610     0.007377925
5620     611     0.003422449
5620     612    -0.017326535
5620     613    -0.005037824
5621    5620     0.004249385
5621    5621     2.300299995
5621     602     0.002633801
5621     603    -0.019330405
5621     604     0.033012882
5621     610    -0.000127850
5621     611    -0.000203350
5621     612    -0.007118270
5621     613    -0.009632430
 602    5620    -0.002123737
 602    5621     0.002633801
 602     602     2.087600000
 602     603     0.006741030
 602     604    -0.001359408
 602     610     0.001636227
 602     611    -0.000556165
 602     612     0.002610865
 602     613    -0.000145968
 603    5620     0.005529283
 603    5621    -0.019330405
 603     602     0.006741030
 603     603     2.013800000
 603     604    -0.000136937
 603     610    -0.002009914
 603     611    -0.000331957
 603     612     0.000073141
 603     613     0.004490036
 604    5620     0.001532702
 604    5621     0.033012882
 604     602    -0.001359408
 604     603    -0.000136937
 604     604     1.949900000
 604     610     0.000570942
 604     611    -0.000311262
 604     612     0.001218393
 604     613    -0.001093898
 610    5620     0.007377925
 610    5621    -0.000127850
 610     602     0.001636227
 610     603    -0.002009914
 610     604     0.000570942
 610     610     2.080600000
 610     611     0.006330937
 610     612     0.008121723
 610     613    -0.000664925
 611    5620     0.003422449
 611    5621    -0.000203350
 611     602    -0.000556165
 611     603    -0.000331957
 611     604    -0.000311262
 611     610     0.006330937
 611     611     2.062100000
 611     612     0.020178935
 611     613     0.000657404
 612    5620    -0.017326535
 612    5621    -0.007118270
 612     602     0.002610865
 612     603     0.000073141
 612     604     0.001218393
 612     610     0.008121723
 612     611     0.020178935
 612     612     2.025200000
 612     613     0.000038399
 613    5620    -0.005037824
 613    5621    -0.009632430
 613     602    -0.000145968
 613     603     0.004490036
 613     604    -0.001093898
 613     610    -0.000664925
 613     611     0.000657404
 613     612     0.000038399
 613     613     2.064000000
