5620    5620     2.431900002
5620    5621     0.005972336
5620     602    -0.002214716
5620     603     0.006520394
5620     604     0.002406078
5620     610    -0.001491005
5620     611    -0.002690327
5620     612    -0.017358271
5620     613     0.008071377
5621    5620     0.005972336
5621    5621     2.318999995
5621     602    -0.001404829
5621     603    -0.026962224
5621     604     0.029093902
5621     610    -0.001585583
5621     611    -0.000000249
5621     612    -0.007037313
5621     613     0.008349509
 602    5620    -0.002214716
 602    5621    -0.001404829
 602     602     2.043200000
 602     603    -0.006874785
 602     604     0.001360211
 602     610    -0.001880604
 602     611     0.000401830
 602     612    -0.002783219
 602     613     0.000214454
 603    5620     0.006520394
 603    5621    -0.026962224
 603     602    -0.006874785
 603     603     2.063800000
 603     604     0.001002847
 603     610    -0.002104420
 603     611     0.000006782
 603     612     0.000537845
 603     613    -0.004112168
 604    5620     0.002406078
 604    5621     0.029093902
 604     602     0.001360211
 604     603     0.001002847
 604     604     2.115600000
 604     610     0.000354499
 604     611    -0.000698407
 604     612    -0.000405039
 604     613    -0.001095324
 610    5620    -0.001491005
 610    5621    -0.001585583
 610     602    -0.001880604
 610     603    -0.002104420
 610     604     0.000354499
 610     610     2.026700000
 610     611     0.006850563
 610     612     0.010466712
 610     613    -0.000734211
 611    5620    -0.002690327
 611    5621    -0.000000249
 611     602     0.000401830
 611     603     0.000006782
 611     604    -0.000698407
 611     610     0.006850563
 611     611     2.108500000
 611     612     0.016843461
 611     613    -0.000506658
 612    5620    -0.017358271
 612    5621    -0.007037313
 612     602    -0.002783219
 612     603     0.000537845
 612     604    -0.000405039
 612     610     0.010466712
 612     611     0.016843461
 612     612     1.970400000
 612     613    -0.000235622
 613    5620     0.008071377
 613    5621     0.008349509
 613     602     0.000214454
 613     603    -0.004112168
 613     604    -0.001095324
 613     610    -0.000734211
 613     611    -0.000506658
 613     612    -0.000235622
 613     613     1.949500000
