5620    5620    2.342200002
5620    5621    0.003766573
5620     602    0.001430071
5620     603    0.005263473
5620     604    0.000778803
5620     610    0.007596416
5620     611    0.003359627
5620     612    0.012581624
5620     613    0.005174884
5621    5620    0.003766573
5621    5621    2.330899995
5621     602    0.000641009
5621     603    0.019704576
5621     604    0.029439057
5621     610    0.003194793
5621     611    0.000076524
5621     612    0.005933086
5621     613    0.008516304
 602    5620    0.001430071
 602    5621    0.000641009
 602     602    1.998200000
 602     603    0.006018319
 602     604    0.001315220
 602     610    0.002538436
 602     611    0.000755031
 602     612    0.002409241
 602     613    0.000371595
 603    5620    0.005263473
 603    5621    0.019704576
 603     602    0.006018319
 603     603    2.107200000
 603     604    0.000469577
 603     610    0.002000872
 603     611    0.000275822
 603     612    0.000067041
 603     613    0.004112389
 604    5620    0.000778803
 604    5621    0.029439057
 604     602    0.001315220
 604     603    0.000469577
 604     604    2.102000000
 604     610    0.001977497
 604     611    0.000292545
 604     612    0.000912122
 604     613    0.000928742
 610    5620    0.007596416
 610    5621    0.003194793
 610     602    0.002538436
 610     603    0.002000872
 610     604    0.001977497
 610     610    2.057300000
 610     611    0.007332010
 610     612    0.005378411
 610     613    0.000402097
 611    5620    0.003359627
 611    5621    0.000076524
 611     602    0.000755031
 611     603    0.000275822
 611     604    0.000292545
 611     610    0.007332010
 611     611    2.059200000
 611     612    0.018869367
 611     613    0.000820315
 612    5620    0.012581624
 612    5621    0.005933086
 612     602    0.002409241
 612     603    0.000067041
 612     604    0.000912122
 612     610    0.005378411
 612     611    0.018869367
 612     612    2.127400000
 612     613    0.000252602
 613    5620    0.005174884
 613    5621    0.008516304
 613     602    0.000371595
 613     603    0.004112389
 613     604    0.000928742
 613     610    0.000402097
 613     611    0.000820315
 613     612    0.000252602
 613     613    2.025800000
