5620    5620    2.327800002
5620    5621    0.006041661
5620     602    0.000850306
5620     603    0.006532489
5620     604    0.000151150
5620     610    0.003950447
5620     611    0.000787719
5620     612    0.006295063
5620     613    0.004194591
5621    5620    0.006041661
5621    5621    2.326099995
5621     602    0.002575304
5621     603    0.022762793
5621     604    0.033036093
5621     610    0.001550269
5621     611    0.000858899
5621     612    0.006762120
5621     613    0.010025324
 602    5620    0.000850306
 602    5621    0.002575304
 602     602    2.105000000
 602     603    0.003503680
 602     604    0.001503337
 602     610    0.001265304
 602     611    0.000022625
 602     612    0.002499973
 602     613    0.000841766
 603    5620    0.006532489
 603    5621    0.022762793
 603     602    0.003503680
 603     603    2.110700000
 603     604    0.000053181
 603     610    0.001931813
 603     611    0.000425021
 603     612    0.000265366
 603     613    0.004714486
 604    5620    0.000151150
 604    5621    0.033036093
 604     602    0.001503337
 604     603    0.000053181
 604     604    2.028500000
 604     610    0.000663467
 604     611    0.000749763
 604     612    0.000096407
 604     613    0.001326591
 610    5620    0.003950447
 610    5621    0.001550269
 610     602    0.001265304
 610     603    0.001931813
 610     604    0.000663467
 610     610    2.015200000
 610     611    0.005998451
 610     612    0.005341274
 610     613    0.000417163
 611    5620    0.000787719
 611    5621    0.000858899
 611     602    0.000022625
 611     603    0.000425021
 611     604    0.000749763
 611     610    0.005998451
 611     611    2.079900000
 611     612    0.016360004
 611     613    0.000747498
 612    5620    0.006295063
 612    5621    0.006762120
 612     602    0.002499973
 612     603    0.000265366
 612     604    0.000096407
 612     610    0.005341274
 612     611    0.016360004
 612     612    2.062800000
 612     613    0.000011138
 613    5620    0.004194591
 613    5621    0.010025324
 613     602    0.000841766
 613     603    0.004714486
 613     604    0.001326591
 613     610    0.000417163
 613     611    0.000747498
 613     612    0.000011138
 613     613    1.971200000
