5620    5620     2.273800002
5620    5621     0.006654206
5620     602     0.000181524
5620     603     0.004951214
5620     604     0.002695556
5620     610    -0.003530481
5620     611    -0.003823789
5620     612     0.015837913
5620     613     0.008772430
5621    5620     0.006654206
5621    5621     2.258599995
5621     602     0.001179669
5621     603    -0.014792734
5621     604    -0.028728601
5621     610    -0.001958928
5621     611    -0.000642518
5621     612     0.006721898
5621     613    -0.007356347
 602    5620     0.000181524
 602    5621     0.001179669
 602     602     2.017200000
 602     603     0.008612553
 602     604    -0.001713170
 602     610     0.001153174
 602     611    -0.000416569
 602     612    -0.002295013
 602     613    -0.001192363
 603    5620     0.004951214
 603    5621    -0.014792734
 603     602     0.008612553
 603     603     2.000900000
 603     604    -0.000240678
 603     610     0.001852895
 603     611     0.000267345
 603     612     0.000052445
 603     613     0.003465108
 604    5620     0.002695556
 604    5621    -0.028728601
 604     602    -0.001713170
 604     603    -0.000240678
 604     604     2.028800000
 604     610     0.001088215
 604     611    -0.000656114
 604     612    -0.000287173
 604     613    -0.001181513
 610    5620    -0.003530481
 610    5621    -0.001958928
 610     602     0.001153174
 610     603     0.001852895
 610     604     0.001088215
 610     610     2.089100000
 610     611     0.006875226
 610     612     0.007451675
 610     613     0.000654897
 611    5620    -0.003823789
 611    5621    -0.000642518
 611     602    -0.000416569
 611     603     0.000267345
 611     604    -0.000656114
 611     610     0.006875226
 611     611     2.043100000
 611     612     0.013458363
 611     613    -0.000632277
 612    5620     0.015837913
 612    5621     0.006721898
 612     602    -0.002295013
 612     603     0.000052445
 612     604    -0.000287173
 612     610     0.007451675
 612     611     0.013458363
 612     612     2.061900000
 612     613     0.000174763
 613    5620     0.008772430
 613    5621    -0.007356347
 613     602    -0.001192363
 613     603     0.003465108
 613     604    -0.001181513
 613     610     0.000654897
 613     611    -0.000632277
 613     612     0.000174763
 613     613     1.964200000
