5620    5620     2.200000002
5620    5621     0.005333590
5620     602     0.001343060
5620     603     0.006284172
5620     604     0.002042547
5620     610    -0.002303343
5620     611     0.001781979
5620     612     0.009053181
5620     613     0.009229452
5621    5620     0.005333590
5621    5621     2.507499995
5621     602    -0.003675714
5621     603     0.026642725
5621     604     0.033977931
5621     610     0.002581550
5621     611     0.000436868
5621     612    -0.006401992
5621     613     0.006655325
 602    5620     0.001343060
 602    5621    -0.003675714
 602     602     2.002100000
 602     603     0.006067982
 602     604     0.001401242
 602     610     0.002000152
 602     611     0.000589931
 602     612    -0.002696713
 602     613     0.000386450
 603    5620     0.006284172
 603    5621     0.026642725
 603     602     0.006067982
 603     603     2.025600000
 603     604     0.000559241
 603     610    -0.002171341
 603     611    -0.000460563
 603     612    -0.000130301
 603     613     0.003951277
 604    5620     0.002042547
 604    5621     0.033977931
 604     602     0.001401242
 604     603     0.000559241
 604     604     2.077000000
 604     610     0.001360969
 604     611     0.000347393
 604     612    -0.000797231
 604     613    -0.000825477
 610    5620    -0.002303343
 610    5621     0.002581550
 610     602     0.002000152
 610     603    -0.002171341
 610     604     0.001360969
 610     610     2.093100000
 610     611     0.006505280
 610     612     0.004645683
 610     613    -0.000605057
 611    5620     0.001781979
 611    5621     0.000436868
 611     602     0.000589931
 611     603    -0.000460563
 611     604     0.000347393
 611     610     0.006505280
 611     611     2.066000000
 611     612     0.018457425
 611     613     0.000950853
 612    5620     0.009053181
 612    5621    -0.006401992
 612     602    -0.002696713
 612     603    -0.000130301
 612     604    -0.000797231
 612     610     0.004645683
 612     611     0.018457425
 612     612     2.102600000
 612     613     0.000474292
 613    5620     0.009229452
 613    5621     0.006655325
 613     602     0.000386450
 613     603     0.003951277
 613     604    -0.000825477
 613     610    -0.000605057
 613     611     0.000950853
 613     612     0.000474292
 613     613     2.003000000
