5620    5620     2.162800002
5620    5621    -0.007634002
5620     602     0.001041152
5620     603     0.005534637
5620     604    -0.004514111
5620     610     0.001601517
5620     611    -0.000459442
5620     612    -0.011113268
5620     613    -0.006655754
5621    5620    -0.007634002
5621    5621     2.371799995
5621     602    -0.000518004
5621     603     0.025008081
5621     604     0.036883244
5621     610    -0.002761639
5621     611     0.000186229
5621     612     0.005863693
5621     613     0.010231206
 602    5620     0.001041152
 602    5621    -0.000518004
 602     602     2.109600000
 602     603    -0.007039956
 602     604    -0.001387111
 602     610    -0.001516515
 602     611     0.000455375
 602     612     0.002014367
 602     613     0.000768212
 603    5620     0.005534637
 603    5621     0.025008081
 603     602    -0.007039956
 603     603     2.033700000
 603     604     0.001183266
 603     610    -0.001887866
 603     611    -0.000474717
 603     612    -0.000183569
 603     613     0.003815326
 604    5620    -0.004514111
 604    5621     0.036883244
 604     602    -0.001387111
 604     603     0.001183266
 604     604     2.022600000
 604     610     0.001870133
 604     611    -0.000096879
 604     612     0.001656429
 604     613    -0.000831321
 610    5620     0.001601517
 610    5621    -0.002761639
 610     602    -0.001516515
 610     603    -0.001887866
 610     604     0.001870133
 610     610     2.095600000
 610     611     0.005695284
 610     612     0.006326622
 610     613    -0.000463289
 611    5620    -0.000459442
 611    5621     0.000186229
 611     602     0.000455375
 611     603    -0.000474717
 611     604    -0.000096879
 611     610     0.005695284
 611     611     2.072300000
 611     612     0.016955887
 611     613     0.001023776
 612    5620    -0.011113268
 612    5621     0.005863693
 612     602     0.002014367
 612     603    -0.000183569
 612     604     0.001656429
 612     610     0.006326622
 612     611     0.016955887
 612     612     2.069000000
 612     613    -0.000063960
 613    5620    -0.006655754
 613    5621     0.010231206
 613     602     0.000768212
 613     603     0.003815326
 613     604    -0.000831321
 613     610    -0.000463289
 613     611     0.001023776
 613     612    -0.000063960
 613     613     1.968700000
