5620    5620     2.447500002
5620    5621    -0.001133917
5620     602    -0.000960512
5620     603     0.005422831
5620     604     0.002283623
5620     610     0.002760206
5620     611    -0.001723208
5620     612    -0.013093921
5620     613     0.006747110
5621    5620    -0.001133917
5621    5621     2.321399995
5621     602     0.000466006
5621     603    -0.019325148
5621     604    -0.032489352
5621     610     0.002423228
5621     611     0.000159052
5621     612     0.006472074
5621     613    -0.006940425
 602    5620    -0.000960512
 602    5621     0.000466006
 602     602     2.057200000
 602     603    -0.009982651
 602     604     0.001588360
 602     610    -0.002309440
 602     611    -0.000227934
 602     612    -0.002717088
 602     613     0.000607546
 603    5620     0.005422831
 603    5621    -0.019325148
 603     602    -0.009982651
 603     603     2.048600000
 603     604    -0.000758664
 603     610    -0.002560009
 603     611     0.000465427
 603     612     0.000242878
 603     613    -0.004181877
 604    5620     0.002283623
 604    5621    -0.032489352
 604     602     0.001588360
 604     603    -0.000758664
 604     604     2.062800000
 604     610     0.001413356
 604     611     0.000433922
 604     612    -0.000716152
 604     613    -0.001105048
 610    5620     0.002760206
 610    5621     0.002423228
 610     602    -0.002309440
 610     603    -0.002560009
 610     604     0.001413356
 610     610     2.031900000
 610     611     0.007845803
 610     612     0.008878203
 610     613     0.000654103
 611    5620    -0.001723208
 611    5621     0.000159052
 611     602    -0.000227934
 611     603     0.000465427
 611     604     0.000433922
 611     610     0.007845803
 611     611     2.064800000
 611     612     0.020295785
 611     613     0.000861213
 612    5620    -0.013093921
 612    5621     0.006472074
 612     602    -0.002717088
 612     603     0.000242878
 612     604    -0.000716152
 612     610     0.008878203
 612     611     0.020295785
 612     612     2.026600000
 612     613    -0.000016483
 613    5620     0.006747110
 613    5621    -0.006940425
 613     602     0.000607546
 613     603    -0.004181877
 613     604    -0.001105048
 613     610     0.000654103
 613     611     0.000861213
 613     612    -0.000016483
 613     613     2.076100000
