5620    5620    2.507700002
5620    5621    0.004668929
5620     602    0.000552126
5620     603    0.005185549
5620     604    0.002737958
5620     610    0.003057655
5620     611    0.001393766
5620     612    0.005723656
5620     613    0.006560327
5621    5620    0.004668929
5621    5621    2.301999995
5621     602    0.001125418
5621     603    0.026102096
5621     604    0.028696074
5621     610    0.004199146
5621     611    0.000449173
5621     612    0.006927813
5621     613    0.008476709
 602    5620    0.000552126
 602    5621    0.001125418
 602     602    2.093500000
 602     603    0.008409647
 602     604    0.001357767
 602     610    0.002087738
 602     611    0.000017654
 602     612    0.002453174
 602     613    0.000640964
 603    5620    0.005185549
 603    5621    0.026102096
 603     602    0.008409647
 603     603    2.030000000
 603     604    0.001000855
 603     610    0.002297758
 603     611    0.000478047
 603     612    0.000232076
 603     613    0.003697192
 604    5620    0.002737958
 604    5621    0.028696074
 604     602    0.001357767
 604     603    0.001000855
 604     604    2.087800000
 604     610    0.002275836
 604     611    0.000646271
 604     612    0.000069200
 604     613    0.001069433
 610    5620    0.003057655
 610    5621    0.004199146
 610     602    0.002087738
 610     603    0.002297758
 610     604    0.002275836
 610     610    2.026100000
 610     611    0.006887236
 610     612    0.000014413
 610     613    0.000564702
 611    5620    0.001393766
 611    5621    0.000449173
 611     602    0.000017654
 611     603    0.000478047
 611     604    0.000646271
 611     610    0.006887236
 611     611    2.072700000
 611     612    0.018220063
 611     613    0.000914222
 612    5620    0.005723656
 612    5621    0.006927813
 612     602    0.002453174
 612     603    0.000232076
 612     604    0.000069200
 612     610    0.000014413
 612     611    0.018220063
 612     612    2.084500000
 612     613    0.000467119
 613    5620    0.006560327
 613    5621    0.008476709
 613     602    0.000640964
 613     603    0.003697192
 613     604    0.001069433
 613     610    0.000564702
 613     611    0.000914222
 613     612    0.000467119
 613     613    1.962400000
