5620    5620     2.290100002
5620    5621     0.004229252
5620     602    -0.000790448
5620     603    -0.005216137
5620     604    -0.002087407
5620     610    -0.000616442
5620     611    -0.003014406
5620     612    -0.017883423
5620     613     0.004260842
5621    5620     0.004229252
5621    5621     2.203199995
5621     602    -0.003506579
5621     603     0.018738847
5621     604    -0.029300494
5621     610    -0.002724872
5621     611    -0.000128085
5621     612    -0.007337459
5621     613     0.010674244
 602    5620    -0.000790448
 602    5621    -0.003506579
 602     602     2.004700000
 602     603    -0.009520376
 602     604     0.001928955
 602     610     0.001397900
 602     611     0.000471113
 602     612     0.002529390
 602     613     0.002157166
 603    5620    -0.005216137
 603    5621     0.018738847
 603     602    -0.009520376
 603     603     2.093100000
 603     604    -0.000417396
 603     610     0.001544053
 603     611     0.000330744
 603     612    -0.000269458
 603     613     0.004260269
 604    5620    -0.002087407
 604    5621    -0.029300494
 604     602     0.001928955
 604     603    -0.000417396
 604     604     2.002000000
 604     610    -0.001847642
 604     611     0.000306105
 604     612     0.001859277
 604     613     0.000994435
 610    5620    -0.000616442
 610    5621    -0.002724872
 610     602     0.001397900
 610     603     0.001544053
 610     604    -0.001847642
 610     610     2.119700000
 610     611     0.005750281
 610     612    -0.006917666
 610     613     0.000302745
 611    5620    -0.003014406
 611    5621    -0.000128085
 611     602     0.000471113
 611     603     0.000330744
 611     604     0.000306105
 611     610     0.005750281
 611     611     2.004100000
 611     612     0.020357250
 611     613    -0.000735847
 612    5620    -0.017883423
 612    5621    -0.007337459
 612     602     0.002529390
 612     603    -0.000269458
 612     604     0.001859277
 612     610    -0.006917666
 612     611     0.020357250
 612     612     2.083200000
 612     613    -0.000356352
 613    5620     0.004260842
 613    5621     0.010674244
 613     602     0.002157166
 613     603     0.004260269
 613     604     0.000994435
 613     610     0.000302745
 613     611    -0.000735847
 613     612    -0.000356352
 613     613     1.979100000
