5620    5620     2.404400002
5620    5621    -0.003640196
5620     602    -0.000691335
5620     603     0.005227000
5620     604    -0.000019052
5620     610    -0.004752452
5620     611    -0.003453316
5620     612    -0.008582621
5620     613     0.009395965
5621    5620    -0.003640196
5621    5621     2.374899995
5621     602     0.008225826
5621     603     0.026490435
5621     604    -0.029171986
5621     610     0.001935932
5621     611    -0.000524433
5621     612    -0.006240375
5621     613    -0.008429574
 602    5620    -0.000691335
 602    5621     0.008225826
 602     602     2.134400000
 602     603     0.008637966
 602     604    -0.001554774
 602     610    -0.001088861
 602     611     0.000415641
 602     612    -0.002554887
 602     613     0.001278136
 603    5620     0.005227000
 603    5621     0.026490435
 603     602     0.008637966
 603     603     2.106800000
 603     604     0.000868956
 603     610     0.001868687
 603     611     0.000147064
 603     612    -0.000125498
 603     613     0.003132959
 604    5620    -0.000019052
 604    5621    -0.029171986
 604     602    -0.001554774
 604     603     0.000868956
 604     604     2.090600000
 604     610    -0.000888956
 604     611    -0.000625743
 604     612    -0.000034694
 604     613    -0.000960190
 610    5620    -0.004752452
 610    5621     0.001935932
 610     602    -0.001088861
 610     603     0.001868687
 610     604    -0.000888956
 610     610     2.044100000
 610     611    -0.007440428
 610     612    -0.005138303
 610     613     0.000655615
 611    5620    -0.003453316
 611    5621    -0.000524433
 611     602     0.000415641
 611     603     0.000147064
 611     604    -0.000625743
 611     610    -0.007440428
 611     611     2.021500000
 611     612    -0.021139617
 611     613     0.000699368
 612    5620    -0.008582621
 612    5621    -0.006240375
 612     602    -0.002554887
 612     603    -0.000125498
 612     604    -0.000034694
 612     610    -0.005138303
 612     611    -0.021139617
 612     612     2.005100000
 612     613     0.000343968
 613    5620     0.009395965
 613    5621    -0.008429574
 613     602     0.001278136
 613     603     0.003132959
 613     604    -0.000960190
 613     610     0.000655615
 613     611     0.000699368
 613     612     0.000343968
 613     613     2.022300000
