5620    5620    2.340900002
5620    5621    0.006125511
5620     602    0.000696438
5620     603    0.005411918
5620     604    0.001752368
5620     610    0.002985473
5620     611    0.000667934
5620     612    0.006083727
5620     613    0.006212779
5621    5620    0.006125511
5621    5621    2.332699995
5621     602    0.000297404
5621     603    0.013944050
5621     604    0.031308137
5621     610    0.002296303
5621     611    0.000336760
5621     612    0.007498014
5621     613    0.008313702
 602    5620    0.000696438
 602    5621    0.000297404
 602     602    2.076500000
 602     603    0.009283395
 602     604    0.001775381
 602     610    0.001747424
 602     611    0.000033544
 602     612    0.002894591
 602     613    0.001316401
 603    5620    0.005411918
 603    5621    0.013944050
 603     602    0.009283395
 603     603    2.060200000
 603     604    0.000196061
 603     610    0.001907592
 603     611    0.000593910
 603     612    0.000262982
 603     613    0.004299636
 604    5620    0.001752368
 604    5621    0.031308137
 604     602    0.001775381
 604     603    0.000196061
 604     604    2.108600000
 604     610    0.001319662
 604     611    0.000365648
 604     612    0.001038536
 604     613    0.000965846
 610    5620    0.002985473
 610    5621    0.002296303
 610     602    0.001747424
 610     603    0.001907592
 610     604    0.001319662
 610     610    2.092500000
 610     611    0.006111196
 610     612    0.001739352
 610     613    0.000484055
 611    5620    0.000667934
 611    5621    0.000336760
 611     602    0.000033544
 611     603    0.000593910
 611     604    0.000365648
 611     610    0.006111196
 611     611    2.063900000
 611     612    0.017761569
 611     613    0.001047178
 612    5620    0.006083727
 612    5621    0.007498014
 612     602    0.002894591
 612     603    0.000262982
 612     604    0.001038536
 612     610    0.001739352
 612     611    0.017761569
 612     612    1.987100000
 612     613    0.000188407
 613    5620    0.006212779
 613    5621    0.008313702
 613     602    0.001316401
 613     603    0.004299636
 613     604    0.000965846
 613     610    0.000484055
 613     611    0.001047178
 613     612    0.000188407
 613     613    2.056700000
