5620    5620     2.286000002
5620    5621    -0.002613257
5620     602    -0.002631472
5620     603     0.006259943
5620     604    -0.000720989
5620     610    -0.004588854
5620     611    -0.001639699
5620     612     0.015703245
5620     613     0.005780913
5621    5620    -0.002613257
5621    5621     2.382299995
5621     602     0.002629867
5621     603     0.021748033
5621     604     0.032578543
5621     610    -0.002537189
5621     611    -0.000233798
5621     612    -0.007347720
5621     613     0.008558060
 602    5620    -0.002631472
 602    5621     0.002629867
 602     602     2.033700000
 602     603    -0.004825312
 602     604     0.001364722
 602     610    -0.002579320
 602     611     0.000593625
 602     612     0.002826811
 602     613    -0.000071390
 603    5620     0.006259943
 603    5621     0.021748033
 603     602    -0.004825312
 603     603     2.059100000
 603     604    -0.000679814
 603     610    -0.002289828
 603     611     0.000258037
 603     612     0.000256922
 603     613     0.004974064
 604    5620    -0.000720989
 604    5621     0.032578543
 604     602     0.001364722
 604     603    -0.000679814
 604     604     2.079900000
 604     610    -0.001885320
 604     611     0.000428723
 604     612    -0.000831559
 604     613     0.001282300
 610    5620    -0.004588854
 610    5621    -0.002537189
 610     602    -0.002579320
 610     603    -0.002289828
 610     604    -0.001885320
 610     610     1.993000000
 610     611    -0.005914369
 610     612     0.009263813
 610     613     0.000480976
 611    5620    -0.001639699
 611    5621    -0.000233798
 611     602     0.000593625
 611     603     0.000258037
 611     604     0.000428723
 611     610    -0.005914369
 611     611     2.150000000
 611     612     0.015195164
 611     613     0.000692065
 612    5620     0.015703245
 612    5621    -0.007347720
 612     602     0.002826811
 612     603     0.000256922
 612     604    -0.000831559
 612     610     0.009263813
 612     611     0.015195164
 612     612     2.046700000
 612     613     0.000196595
 613    5620     0.005780913
 613    5621     0.008558060
 613     602    -0.000071390
 613     603     0.004974064
 613     604     0.001282300
 613     610     0.000480976
 613     611     0.000692065
 613     612     0.000196595
 613     613     1.978700000
