5620    5620     2.325300002
5620    5621    -0.004510368
5620     602    -0.001533633
5620     603     0.005268971
5620     604    -0.001575483
5620     610     0.001120351
5620     611    -0.002096008
5620     612    -0.007007934
5620     613    -0.009680238
5621    5620    -0.004510368
5621    5621     2.439199995
5621     602     0.001577099
5621     603     0.017281529
5621     604    -0.030289135
5621     610     0.002732546
5621     611     0.000008938
5621     612     0.007464623
5621     613    -0.005799229
 602    5620    -0.001533633
 602    5621     0.001577099
 602     602     2.078700000
 602     603     0.007368451
 602     604     0.001508862
 602     610    -0.001904466
 602     611     0.000249383
 602     612     0.002780213
 602     613     0.000166019
 603    5620     0.005268971
 603    5621     0.017281529
 603     602     0.007368451
 603     603     2.061600000
 603     604    -0.000389180
 603     610     0.001809910
 603     611    -0.000391118
 603     612    -0.000101792
 603     613    -0.002986277
 604    5620    -0.001575483
 604    5621    -0.030289135
 604     602     0.001508862
 604     603    -0.000389180
 604     604     2.032300000
 604     610     0.001335291
 604     611     0.000833401
 604     612    -0.000249507
 604     613    -0.001125119
 610    5620     0.001120351
 610    5621     0.002732546
 610     602    -0.001904466
 610     603     0.001809910
 610     604     0.001335291
 610     610     2.017800000
 610     611    -0.006869818
 610     612    -0.001098633
 610     613    -0.000562515
 611    5620    -0.002096008
 611    5621     0.000008938
 611     602     0.000249383
 611     603    -0.000391118
 611     604     0.000833401
 611     610    -0.006869818
 611     611     2.032600000
 611     612     0.023410370
 611     613     0.000689298
 612    5620    -0.007007934
 612    5621     0.007464623
 612     602     0.002780213
 612     603    -0.000101792
 612     604    -0.000249507
 612     610    -0.001098633
 612     611     0.023410370
 612     612     1.974200000
 612     613    -0.000376885
 613    5620    -0.009680238
 613    5621    -0.005799229
 613     602     0.000166019
 613     603    -0.002986277
 613     604    -0.001125119
 613     610    -0.000562515
 613     611     0.000689298
 613     612    -0.000376885
 613     613     2.090300000
