5620    5620     2.126100002
5620    5621     0.003708118
5620     602     0.001284825
5620     603    -0.006321808
5620     604     0.000444966
5620     610     0.007495077
5620     611     0.003309977
5620     612    -0.018219152
5620     613     0.003085132
5621    5620     0.003708118
5621    5621     2.008799995
5621     602     0.001855444
5621     603    -0.031859007
5621     604     0.038252935
5621     610     0.001706155
5621     611     0.000079708
5621     612    -0.007944693
5621     613     0.011235406
 602    5620     0.001284825
 602    5621     0.001855444
 602     602     2.116600000
 602     603    -0.007585053
 602     604     0.001479350
 602     610    -0.001539802
 602     611     0.000137125
 602     612     0.002301611
 602     613     0.000667350
 603    5620    -0.006321808
 603    5621    -0.031859007
 603     602    -0.007585053
 603     603     1.936100000
 603     604     0.001348248
 603     610     0.002045982
 603     611    -0.000352884
 603     612    -0.000374091
 603     613    -0.004831177
 604    5620     0.000444966
 604    5621     0.038252935
 604     602     0.001479350
 604     603     0.001348248
 604     604     2.059500000
 604     610     0.000719782
 604     611    -0.000728129
 604     612     0.000393351
 604     613    -0.001482004
 610    5620     0.007495077
 610    5621     0.001706155
 610     602    -0.001539802
 610     603     0.002045982
 610     604     0.000719782
 610     610     2.058700000
 610     611     0.006698548
 610     612     0.003515439
 610     613     0.000442003
 611    5620     0.003309977
 611    5621     0.000079708
 611     602     0.000137125
 611     603    -0.000352884
 611     604    -0.000728129
 611     610     0.006698548
 611     611     1.996400000
 611     612     0.016179144
 611     613     0.000773193
 612    5620    -0.018219152
 612    5621    -0.007944693
 612     602     0.002301611
 612     603    -0.000374091
 612     604     0.000393351
 612     610     0.003515439
 612     611     0.016179144
 612     612     2.068000000
 612     613     0.000148493
 613    5620     0.003085132
 613    5621     0.011235406
 613     602     0.000667350
 613     603    -0.004831177
 613     604    -0.001482004
 613     610     0.000442003
 613     611     0.000773193
 613     612     0.000148493
 613     613     2.032600000
