5620    5620    2.370700002
5620    5621    0.005554459
5620     602    0.000549795
5620     603    0.005775592
5620     604    0.003532157
5620     610    0.008877906
5620     611    0.000110023
5620     612    0.014160838
5620     613    0.003383880
5621    5620    0.005554459
5621    5621    2.175899995
5621     602    0.001764958
5621     603    0.022096465
5621     604    0.036645143
5621     610    0.003002470
5621     611    0.000243148
5621     612    0.008286347
5621     613    0.009159411
 602    5620    0.000549795
 602    5621    0.001764958
 602     602    2.030600000
 602     603    0.008761425
 602     604    0.001872838
 602     610    0.002126460
 602     611    0.000177401
 602     612    0.002641495
 602     613    0.001084263
 603    5620    0.005775592
 603    5621    0.022096465
 603     602    0.008761425
 603     603    2.061400000
 603     604    0.000479860
 603     610    0.002374007
 603     611    0.000627140
 603     612    0.000013148
 603     613    0.004313239
 604    5620    0.003532157
 604    5621    0.036645143
 604     602    0.001872838
 604     603    0.000479860
 604     604    2.076700000
 604     610    0.001709806
 604     611    0.000949009
 604     612    0.000597625
 604     613    0.001431453
 610    5620    0.008877906
 610    5621    0.003002470
 610     602    0.002126460
 610     603    0.002374007
 610     604    0.001709806
 610     610    2.027500000
 610     611    0.006902534
 610     612    0.006484621
 610     613    0.000333323
 611    5620    0.000110023
 611    5621    0.000243148
 611     602    0.000177401
 611     603    0.000627140
 611     604    0.000949009
 611     610    0.006902534
 611     611    2.019900000
 611     612    0.017738217
 611     613    0.000928964
 612    5620    0.014160838
 612    5621    0.008286347
 612     602    0.002641495
 612     603    0.000013148
 612     604    0.000597625
 612     610    0.006484621
 612     611    0.017738217
 612     612    2.007100000
 612     613    0.000076752
 613    5620    0.003383880
 613    5621    0.009159411
 613     602    0.001084263
 613     603    0.004313239
 613     604    0.001431453
 613     610    0.000333323
 613     611    0.000928964
 613     612    0.000076752
 613     613    1.972700000
