5620    5620     2.320700002
5620    5621     0.002927644
5620     602     0.001780933
5620     603     0.006560683
5620     604     0.001662941
5620     610     0.001669499
5620     611    -0.001964502
5620     612     0.021550606
5620     613     0.005298512
5621    5620     0.002927644
5621    5621     2.259499995
5621     602     0.005806262
5621     603    -0.020463902
5621     604    -0.028126825
5621     610    -0.003366674
5621     611    -0.000229721
5621     612    -0.007222817
5621     613     0.008392485
 602    5620     0.001780933
 602    5621     0.005806262
 602     602     2.022900000
 602     603     0.005331012
 602     604     0.001553833
 602     610    -0.002591838
 602     611     0.000593655
 602     612     0.002945423
 602     613     0.000229123
 603    5620     0.006560683
 603    5621    -0.020463902
 603     602     0.005331012
 603     603     2.003600000
 603     604     0.000399721
 603     610    -0.002287785
 603     611    -0.000422958
 603     612    -0.000336842
 603     613     0.004492754
 604    5620     0.001662941
 604    5621    -0.028126825
 604     602     0.001553833
 604     603     0.000399721
 604     604     2.142800000
 604     610     0.001249778
 604     611    -0.000743376
 604     612     0.000499130
 604     613    -0.001332894
 610    5620     0.001669499
 610    5621    -0.003366674
 610     602    -0.002591838
 610     603    -0.002287785
 610     604     0.001249778
 610     610     2.030000000
 610     611    -0.006669396
 610     612     0.007437894
 610     613     0.000448158
 611    5620    -0.001964502
 611    5621    -0.000229721
 611     602     0.000593655
 611     603    -0.000422958
 611     604    -0.000743376
 611     610    -0.006669396
 611     611     2.022000000
 611     612     0.020749085
 611     613     0.000878392
 612    5620     0.021550606
 612    5621    -0.007222817
 612     602     0.002945423
 612     603    -0.000336842
 612     604     0.000499130
 612     610     0.007437894
 612     611     0.020749085
 612     612     2.060300000
 612     613    -0.000343474
 613    5620     0.005298512
 613    5621     0.008392485
 613     602     0.000229123
 613     603     0.004492754
 613     604    -0.001332894
 613     610     0.000448158
 613     611     0.000878392
 613     612    -0.000343474
 613     613     2.022200000
