5620    5620    2.534300002
5620    5621    0.005472268
5620     602    0.000485441
5620     603    0.005921493
5620     604    0.001083199
5620     610    0.004801152
5620     611    0.002549240
5620     612    0.008409831
5620     613    0.006719550
5621    5620    0.005472268
5621    5621    2.340199995
5621     602    0.000943924
5621     603    0.026754457
5621     604    0.026006885
5621     610    0.000517645
5621     611    0.000699706
5621     612    0.008728893
5621     613    0.007706997
 602    5620    0.000485441
 602    5621    0.000943924
 602     602    2.064500000
 602     603    0.010891680
 602     604    0.001678363
 602     610    0.001072205
 602     611    0.000111527
 602     612    0.003413143
 602     613    0.001042115
 603    5620    0.005921493
 603    5621    0.026754457
 603     602    0.010891680
 603     603    2.026500000
 603     604    0.001085005
 603     610    0.001932560
 603     611    0.000210195
 603     612    0.000040705
 603     613    0.004112781
 604    5620    0.001083199
 604    5621    0.026006885
 604     602    0.001678363
 604     603    0.001085005
 604     604    2.073000000
 604     610    0.000763791
 604     611    0.000298499
 604     612    0.001079018
 604     613    0.000777620
 610    5620    0.004801152
 610    5621    0.000517645
 610     602    0.001072205
 610     603    0.001932560
 610     604    0.000763791
 610     610    2.064200000
 610     611    0.005716278
 610     612    0.005259611
 610     613    0.000566126
 611    5620    0.002549240
 611    5621    0.000699706
 611     602    0.000111527
 611     603    0.000210195
 611     604    0.000298499
 611     610    0.005716278
 611     611    2.094000000
 611     612    0.025080901
 611     613    0.000634719
 612    5620    0.008409831
 612    5621    0.008728893
 612     602    0.003413143
 612     603    0.000040705
 612     604    0.001079018
 612     610    0.005259611
 612     611    0.025080901
 612     612    1.973000000
 612     613    0.000210689
 613    5620    0.006719550
 613    5621    0.007706997
 613     602    0.001042115
 613     603    0.004112781
 613     604    0.000777620
 613     610    0.000566126
 613     611    0.000634719
 613     612    0.000210689
 613     613    2.001400000
