5620    5620     2.465000002
5620    5621     0.003260057
5620     602     0.002257099
5620     603     0.004048410
5620     604    -0.000736947
5620     610    -0.005779419
5620     611     0.002431234
5620     612    -0.015961933
5620     613     0.006766443
5621    5620     0.003260057
5621    5621     2.312499995
5621     602     0.006216597
5621     603     0.025596950
5621     604    -0.028118779
5621     610    -0.001733268
5621     611     0.000304823
5621     612    -0.007720572
5621     613    -0.008009774
 602    5620     0.002257099
 602    5621     0.006216597
 602     602     1.966200000
 602     603    -0.005748374
 602     604    -0.000952285
 602     610     0.002166911
 602     611     0.000962785
 602     612    -0.002432042
 602     613     0.000501805
 603    5620     0.004048410
 603    5621     0.025596950
 603     602    -0.005748374
 603     603     2.077000000
 603     604     0.000789858
 603     610    -0.001476020
 603     611    -0.000123761
 603     612    -0.000412326
 603     613     0.003014084
 604    5620    -0.000736947
 604    5621    -0.028118779
 604     602    -0.000952285
 604     603     0.000789858
 604     604     2.141400000
 604     610     0.000633049
 604     611     0.000461914
 604     612    -0.000355448
 604     613    -0.000879359
 610    5620    -0.005779419
 610    5621    -0.001733268
 610     602     0.002166911
 610     603    -0.001476020
 610     604     0.000633049
 610     610     2.090300000
 610     611     0.005951290
 610     612     0.002448089
 610     613     0.000473232
 611    5620     0.002431234
 611    5621     0.000304823
 611     602     0.000962785
 611     603    -0.000123761
 611     604     0.000461914
 611     610     0.005951290
 611     611     2.024200000
 611     612    -0.018304836
 611     613     0.000762041
 612    5620    -0.015961933
 612    5621    -0.007720572
 612     602    -0.002432042
 612     603    -0.000412326
 612     604    -0.000355448
 612     610     0.002448089
 612     611    -0.018304836
 612     612     2.017700000
 612     613     0.000117938
 613    5620     0.006766443
 613    5621    -0.008009774
 613     602     0.000501805
 613     603     0.003014084
 613     604    -0.000879359
 613     610     0.000473232
 613     611     0.000762041
 613     612     0.000117938
 613     613     2.055000000
