5620    5620    2.347300002
5620    5621    0.002557814
5620     602    0.000592945
5620     603    0.006369879
5620     604    0.002286464
5620     610    0.002911043
5620     611    0.001412865
5620     612    0.014425111
5620     613    0.007643991
5621    5620    0.002557814
5621    5621    2.283099995
5621     602    0.003445183
5621     603    0.022594545
5621     604    0.025051054
5621     610    0.003488116
5621     611    0.000874659
5621     612    0.007797769
5621     613    0.005989410
 602    5620    0.000592945
 602    5621    0.003445183
 602     602    2.067800000
 602     603    0.010168201
 602     604    0.001291055
 602     610    0.002033431
 602     611    0.000082943
 602     612    0.002546325
 602     613    0.000693889
 603    5620    0.006369879
 603    5621    0.022594545
 603     602    0.010168201
 603     603    1.970500000
 603     604    0.001108404
 603     610    0.002475858
 603     611    0.000385443
 603     612    0.000202402
 603     613    0.004109187
 604    5620    0.002286464
 604    5621    0.025051054
 604     602    0.001291055
 604     603    0.001108404
 604     604    2.115700000
 604     610    0.001545279
 604     611    0.000697907
 604     612    0.000595259
 604     613    0.001002273
 610    5620    0.002911043
 610    5621    0.003488116
 610     602    0.002033431
 610     603    0.002475858
 610     604    0.001545279
 610     610    1.983200000
 610     611    0.005967337
 610     612    0.002494719
 610     613    0.000433089
 611    5620    0.001412865
 611    5621    0.000874659
 611     602    0.000082943
 611     603    0.000385443
 611     604    0.000697907
 611     610    0.005967337
 611     611    2.041300000
 611     612    0.019778082
 611     613    0.000706901
 612    5620    0.014425111
 612    5621    0.007797769
 612     602    0.002546325
 612     603    0.000202402
 612     604    0.000595259
 612     610    0.002494719
 612     611    0.019778082
 612     612    1.991800000
 612     613    0.000153511
 613    5620    0.007643991
 613    5621    0.005989410
 613     602    0.000693889
 613     603    0.004109187
 613     604    0.001002273
 613     610    0.000433089
 613     611    0.000706901
 613     612    0.000153511
 613     613    1.968200000
