5620    5620    2.435200002
5620    5621    0.003920496
5620     602    0.000111958
5620     603    0.005688867
5620     604    0.002214979
5620     610    0.001196265
5620     611    0.001296627
5620     612    0.007425430
5620     613    0.007851200
5621    5620    0.003920496
5621    5621    2.485899995
5621     602    0.000277175
5621     603    0.017019996
5621     604    0.027871399
5621     610    0.001580239
5621     611    0.000715284
5621     612    0.006536536
5621     613    0.006657618
 602    5620    0.000111958
 602    5621    0.000277175
 602     602    2.097600000
 602     603    0.005873696
 602     604    0.001334517
 602     610    0.001267396
 602     611    0.000102936
 602     612    0.002056711
 602     613    0.001055775
 603    5620    0.005688867
 603    5621    0.017019996
 603     602    0.005873696
 603     603    2.000500000
 603     604    0.000495652
 603     610    0.001968024
 603     611    0.000242157
 603     612    0.000118508
 603     613    0.004182286
 604    5620    0.002214979
 604    5621    0.027871399
 604     602    0.001334517
 604     603    0.000495652
 604     604    2.162100000
 604     610    0.000812979
 604     611    0.000825200
 604     612    0.000682059
 604     613    0.001288954
 610    5620    0.001196265
 610    5621    0.001580239
 610     602    0.001267396
 610     603    0.001968024
 610     604    0.000812979
 610     610    2.049400000
 610     611    0.006432747
 610     612    0.008274032
 610     613    0.000633865
 611    5620    0.001296627
 611    5621    0.000715284
 611     602    0.000102936
 611     603    0.000242157
 611     604    0.000825200
 611     610    0.006432747
 611     611    2.094300000
 611     612    0.015933890
 611     613    0.000789639
 612    5620    0.007425430
 612    5621    0.006536536
 612     602    0.002056711
 612     603    0.000118508
 612     604    0.000682059
 612     610    0.008274032
 612     611    0.015933890
 612     612    2.057100000
 612     613    0.000071170
 613    5620    0.007851200
 613    5621    0.006657618
 613     602    0.001055775
 613     603    0.004182286
 613     604    0.001288954
 613     610    0.000633865
 613     611    0.000789639
 613     612    0.000071170
 613     613    2.014400000
