5620    5620     2.287100002
5620    5621     0.004681560
5620     602     0.001538240
5620     603    -0.005306338
5620     604    -0.001713260
5620     610     0.005942257
5620     611     0.002726750
5620     612     0.017093285
5620     613    -0.004114735
5621    5620     0.004681560
5621    5621     2.362799995
5621     602    -0.002639391
5621     603    -0.020060876
5621     604    -0.035644351
5621     610    -0.000114161
5621     611    -0.000662087
5621     612     0.008258910
5621     613    -0.009719205
 602    5620     0.001538240
 602    5621    -0.002639391
 602     602     2.050100000
 602     603     0.006549883
 602     604     0.001567300
 602     610    -0.001600457
 602     611    -0.000396179
 602     612    -0.002956003
 602     613    -0.000620907
 603    5620    -0.005306338
 603    5621    -0.020060876
 603     602     0.006549883
 603     603     2.130700000
 603     604    -0.000447939
 603     610     0.001808465
 603     611    -0.000117771
 603     612     0.000140644
 603     613     0.004116912
 604    5620    -0.001713260
 604    5621    -0.035644351
 604     602     0.001567300
 604     603    -0.000447939
 604     604     2.048100000
 604     610     0.000429804
 604     611     0.000449972
 604     612     0.000692607
 604     613     0.001263350
 610    5620     0.005942257
 610    5621    -0.000114161
 610     602    -0.001600457
 610     603     0.001808465
 610     604     0.000429804
 610     610     2.060800000
 610     611    -0.006699836
 610     612    -0.005422548
 610     613    -0.000593474
 611    5620     0.002726750
 611    5621    -0.000662087
 611     602    -0.000396179
 611     603    -0.000117771
 611     604     0.000449972
 611     610    -0.006699836
 611     611     1.982700000
 611     612     0.023213051
 611     613     0.000648867
 612    5620     0.017093285
 612    5621     0.008258910
 612     602    -0.002956003
 612     603     0.000140644
 612     604     0.000692607
 612     610    -0.005422548
 612     611     0.023213051
 612     612     1.999000000
 612     613     0.000089219
 613    5620    -0.004114735
 613    5621    -0.009719205
 613     602    -0.000620907
 613     603     0.004116912
 613     604     0.001263350
 613     610    -0.000593474
 613     611     0.000648867
 613     612     0.000089219
 613     613     1.993300000
