5620    5620    2.479800002
5620    5621    0.006485332
5620     602    0.002557139
5620     603    0.005062475
5620     604    0.004642900
5620     610    0.000020606
5620     611    0.001536311
5620     612    0.005859027
5620     613    0.007710002
5621    5620    0.006485332
5621    5621    2.299499995
5621     602    0.005568546
5621     603    0.027995011
5621     604    0.029538074
5621     610    0.003407697
5621     611    0.000310100
5621     612    0.007250318
5621     613    0.008078054
 602    5620    0.002557139
 602    5621    0.005568546
 602     602    2.006100000
 602     603    0.011164145
 602     604    0.001623439
 602     610    0.002628371
 602     611    0.001237237
 602     612    0.002889006
 602     613    0.000087599
 603    5620    0.005062475
 603    5621    0.027995011
 603     602    0.011164145
 603     603    1.987800000
 603     604    0.001461509
 603     610    0.002149029
 603     611    0.000393972
 603     612    0.000406720
 603     613    0.003294064
 604    5620    0.004642900
 604    5621    0.029538074
 604     602    0.001623439
 604     603    0.001461509
 604     604    2.058300000
 604     610    0.001993676
 604     611    0.000890390
 604     612    0.000074943
 604     613    0.001159334
 610    5620    0.000020606
 610    5621    0.003407697
 610     602    0.002628371
 610     603    0.002149029
 610     604    0.001993676
 610     610    2.017400000
 610     611    0.006331230
 610     612    0.005646587
 610     613    0.000490005
 611    5620    0.001536311
 611    5621    0.000310100
 611     602    0.001237237
 611     603    0.000393972
 611     604    0.000890390
 611     610    0.006331230
 611     611    2.015100000
 611     612    0.021239734
 611     613    0.000769242
 612    5620    0.005859027
 612    5621    0.007250318
 612     602    0.002889006
 612     603    0.000406720
 612     604    0.000074943
 612     610    0.005646587
 612     611    0.021239734
 612     612    2.010800000
 612     613    0.000060845
 613    5620    0.007710002
 613    5621    0.008078054
 613     602    0.000087599
 613     603    0.003294064
 613     604    0.001159334
 613     610    0.000490005
 613     611    0.000769242
 613     612    0.000060845
 613     613    1.998600000
