5620    5620     2.262200002
5620    5621     0.005472849
5620     602     0.001404948
5620     603     0.006017400
5620     604    -0.001679429
5620     610    -0.003284739
5620     611     0.002110196
5620     612    -0.017996308
5620     613    -0.002592671
5621    5620     0.005472849
5621    5621     2.403899995
5621     602     0.002418907
5621     603     0.023872375
5621     604    -0.028951571
5621     610     0.002398198
5621     611    -0.000144852
5621     612     0.006530261
5621     613     0.009439009
 602    5620     0.001404948
 602    5621     0.002418907
 602     602     2.019400000
 602     603     0.010044037
 602     604    -0.001395164
 602     610     0.001882827
 602     611     0.000438751
 602     612     0.002380877
 602     613     0.000847588
 603    5620     0.006017400
 603    5621     0.023872375
 603     602     0.010044037
 603     603     2.006900000
 603     604     0.001025411
 603     610     0.002215178
 603     611    -0.000289812
 603     612    -0.000396052
 603     613    -0.005035813
 604    5620    -0.001679429
 604    5621    -0.028951571
 604     602    -0.001395164
 604     603     0.001025411
 604     604     2.104100000
 604     610    -0.001195137
 604     611    -0.000673097
 604     612     0.000204896
 604     613    -0.001276966
 610    5620    -0.003284739
 610    5621     0.002398198
 610     602     0.001882827
 610     603     0.002215178
 610     604    -0.001195137
 610     610     2.038200000
 610     611     0.005938205
 610     612     0.005107504
 610     613    -0.000340509
 611    5620     0.002110196
 611    5621    -0.000144852
 611     602     0.000438751
 611     603    -0.000289812
 611     604    -0.000673097
 611     610     0.005938205
 611     611     2.089300000
 611     612    -0.017869938
 611     613     0.000703749
 612    5620    -0.017996308
 612    5621     0.006530261
 612     602     0.002380877
 612     603    -0.000396052
 612     604     0.000204896
 612     610     0.005107504
 612     611    -0.017869938
 612     612     2.055700000
 612     613    -0.000252965
 613    5620    -0.002592671
 613    5621     0.009439009
 613     602     0.000847588
 613     603    -0.005035813
 613     604    -0.001276966
 613     610    -0.000340509
 613     611     0.000703749
 613     612    -0.000252965
 613     613     2.007100000
