5620    5620     2.331500002
5620    5621     0.005381637
5620     602    -0.001328927
5620     603    -0.005286955
5620     604    -0.001628183
5620     610    -0.005944072
5620     611    -0.002026924
5620     612    -0.013999093
5620     613    -0.008068406
5621    5620     0.005381637
5621    5621     2.198399995
5621     602     0.000588710
5621     603     0.025647900
5621     604     0.027531658
5621     610    -0.000905331
5621     611     0.000600314
5621     612    -0.007613322
5621     613    -0.008748966
 602    5620    -0.001328927
 602    5621     0.000588710
 602     602     2.011200000
 602     603    -0.007109225
 602     604     0.001376413
 602     610     0.001422674
 602     611     0.000867823
 602     612     0.002874715
 602     613     0.000601606
 603    5620    -0.005286955
 603    5621     0.025647900
 603     602    -0.007109225
 603     603     2.046600000
 603     604     0.001350507
 603     610    -0.001666548
 603     611    -0.000419766
 603     612    -0.000172288
 603     613     0.004229150
 604    5620    -0.001628183
 604    5621     0.027531658
 604     602     0.001376413
 604     603     0.001350507
 604     604     2.074400000
 604     610    -0.000387598
 604     611    -0.000620443
 604     612    -0.000134572
 604     613     0.001091833
 610    5620    -0.005944072
 610    5621    -0.000905331
 610     602     0.001422674
 610     603    -0.001666548
 610     604    -0.000387598
 610     610     2.103700000
 610     611     0.006121992
 610     612     0.004513554
 610     613    -0.000703398
 611    5620    -0.002026924
 611    5621     0.000600314
 611     602     0.000867823
 611     603    -0.000419766
 611     604    -0.000620443
 611     610     0.006121992
 611     611     2.035600000
 611     612     0.021016483
 611     613    -0.001061592
 612    5620    -0.013999093
 612    5621    -0.007613322
 612     602     0.002874715
 612     603    -0.000172288
 612     604    -0.000134572
 612     610     0.004513554
 612     611     0.021016483
 612     612     2.006600000
 612     613     0.000265617
 613    5620    -0.008068406
 613    5621    -0.008748966
 613     602     0.000601606
 613     603     0.004229150
 613     604     0.001091833
 613     610    -0.000703398
 613     611    -0.001061592
 613     612     0.000265617
 613     613     1.992200000
