5620    5620    2.355000002
5620    5621    0.006287133
5620     602    0.001809494
5620     603    0.005494984
5620     604    0.001053972
5620     610    0.001445412
5620     611    0.002048581
5620     612    0.014362880
5620     613    0.009758762
5621    5620    0.006287133
5621    5621    2.267499995
5621     602    0.000750562
5621     603    0.028400134
5621     604    0.039022189
5621     610    0.001971342
5621     611    0.000016803
5621     612    0.008408813
5621     613    0.006931329
 602    5620    0.001809494
 602    5621    0.000750562
 602     602    2.097500000
 602     603    0.011506523
 602     604    0.001749161
 602     610    0.001951445
 602     611    0.000392270
 602     612    0.003011072
 602     613    0.000055321
 603    5620    0.005494984
 603    5621    0.028400134
 603     602    0.011506523
 603     603    2.043500000
 603     604    0.000846852
 603     610    0.002299004
 603     611    0.000354669
 603     612    0.000396628
 603     613    0.002857785
 604    5620    0.001053972
 604    5621    0.039022189
 604     602    0.001749161
 604     603    0.000846852
 604     604    2.012300000
 604     610    0.001098763
 604     611    0.000445584
 604     612    0.001152031
 604     613    0.000727664
 610    5620    0.001445412
 610    5621    0.001971342
 610     602    0.001951445
 610     603    0.002299004
 610     604    0.001098763
 610     610    2.073900000
 610     611    0.006243105
 610     612    0.004934235
 610     613    0.000742610
 611    5620    0.002048581
 611    5621    0.000016803
 611     602    0.000392270
 611     603    0.000354669
 611     604    0.000445584
 611     610    0.006243105
 611     611    2.058200000
 611     612    0.018726959
 611     613    0.000636528
 612    5620    0.014362880
 612    5621    0.008408813
 612     602    0.003011072
 612     603    0.000396628
 612     604    0.001152031
 612     610    0.004934235
 612     611    0.018726959
 612     612    2.039600000
 612     613    0.000100629
 613    5620    0.009758762
 613    5621    0.006931329
 613     602    0.000055321
 613     603    0.002857785
 613     604    0.000727664
 613     610    0.000742610
 613     611    0.000636528
 613     612    0.000100629
 613     613    1.985500000
