5620    5620     2.255600002
5620    5621     0.005499653
5620     602    -0.001497322
5620     603     0.005642183
5620     604    -0.001323375
5620     610    -0.003514907
5620     611    -0.000751968
5620     612    -0.014781779
5620     613     0.004687260
5621    5620     0.005499653
5621    5621     2.156899995
5621     602     0.000095436
5621     603     0.020139682
5621     604    -0.034414665
5621     610    -0.001461270
5621     611     0.000175920
5621     612     0.006789355
5621     613     0.008735996
 602    5620    -0.001497322
 602    5621     0.000095436
 602     602     2.081700000
 602     603    -0.006318839
 602     604     0.001746695
 602     610    -0.001576429
 602     611    -0.000513655
 602     612     0.002315185
 602     613    -0.000665760
 603    5620     0.005642183
 603    5621     0.020139682
 603     602    -0.006318839
 603     603     2.056900000
 603     604     0.000069301
 603     610    -0.001863625
 603     611     0.000509811
 603     612     0.000044133
 603     613     0.004072797
 604    5620    -0.001323375
 604    5621    -0.034414665
 604     602     0.001746695
 604     603     0.000069301
 604     604     2.080400000
 604     610    -0.000844137
 604     611    -0.000617441
 604     612     0.000216902
 604     613    -0.001313425
 610    5620    -0.003514907
 610    5621    -0.001461270
 610     602    -0.001576429
 610     603    -0.001863625
 610     604    -0.000844137
 610     610     2.117900000
 610     611    -0.005452455
 610     612    -0.005060305
 610     613    -0.000461947
 611    5620    -0.000751968
 611    5621     0.000175920
 611     602    -0.000513655
 611     603     0.000509811
 611     604    -0.000617441
 611     610    -0.005452455
 611     611     2.041300000
 611     612     0.015483959
 611     613     0.000869793
 612    5620    -0.014781779
 612    5621     0.006789355
 612     602     0.002315185
 612     603     0.000044133
 612     604     0.000216902
 612     610    -0.005060305
 612     611     0.015483959
 612     612     2.025100000
 612     613    -0.000012278
 613    5620     0.004687260
 613    5621     0.008735996
 613     602    -0.000665760
 613     603     0.004072797
 613     604    -0.001313425
 613     610    -0.000461947
 613     611     0.000869793
 613     612    -0.000012278
 613     613     1.989100000
