5620    5620    2.453300002
5620    5621    0.002900073
5620     602    0.001233236
5620     603    0.005339501
5620     604    0.003437020
5620     610    0.000902609
5620     611    0.001105199
5620     612    0.003074416
5620     613    0.009315867
5621    5620    0.002900073
5621    5621    2.259799995
5621     602    0.002209330
5621     603    0.028074853
5621     604    0.033324075
5621     610    0.001059617
5621     611    0.000366686
5621     612    0.008267961
5621     613    0.006174392
 602    5620    0.001233236
 602    5621    0.002209330
 602     602    2.077600000
 602     603    0.010501115
 602     604    0.001558254
 602     610    0.001710766
 602     611    0.000029005
 602     612    0.002405997
 602     613    0.000363450
 603    5620    0.005339501
 603    5621    0.028074853
 603     602    0.010501115
 603     603    2.014200000
 603     604    0.001571830
 603     610    0.002178478
 603     611    0.000384460
 603     612    0.000349306
 603     613    0.003402605
 604    5620    0.003437020
 604    5621    0.033324075
 604     602    0.001558254
 604     603    0.001571830
 604     604    2.063300000
 604     610    0.000369383
 604     611    0.000958346
 604     612    0.001172636
 604     613    0.001368281
 610    5620    0.000902609
 610    5621    0.001059617
 610     602    0.001710766
 610     603    0.002178478
 610     604    0.000369383
 610     610    1.998200000
 610     611    0.006650984
 610     612    0.002661179
 610     613    0.000759029
 611    5620    0.001105199
 611    5621    0.000366686
 611     602    0.000029005
 611     603    0.000384460
 611     604    0.000958346
 611     610    0.006650984
 611     611    2.118700000
 611     612    0.020723836
 611     613    0.000858258
 612    5620    0.003074416
 612    5621    0.008267961
 612     602    0.002405997
 612     603    0.000349306
 612     604    0.001172636
 612     610    0.002661179
 612     611    0.020723836
 612     612    2.067400000
 612     613    0.000332506
 613    5620    0.009315867
 613    5621    0.006174392
 613     602    0.000363450
 613     603    0.003402605
 613     604    0.001368281
 613     610    0.000759029
 613     611    0.000858258
 613     612    0.000332506
 613     613    2.020700000
