5620    5620    2.189900002
5620    5621    0.003229528
5620     602    0.000212303
5620     603    0.007107660
5620     604    0.000071602
5620     610    0.002145934
5620     611    0.001942605
5620     612    0.017068211
5620     613    0.006596493
5621    5620    0.003229528
5621    5621    2.321099995
5621     602    0.004637910
5621     603    0.020335240
5621     604    0.031334289
5621     610    0.002598298
5621     611    0.000763434
5621     612    0.006352236
5621     613    0.007884227
 602    5620    0.000212303
 602    5621    0.004637910
 602     602    2.096700000
 602     603    0.005564399
 602     604    0.001527011
 602     610    0.001835622
 602     611    0.000180369
 602     612    0.002405601
 602     613    0.001001106
 603    5620    0.007107660
 603    5621    0.020335240
 603     602    0.005564399
 603     603    2.011600000
 603     604    0.000216184
 603     610    0.002114470
 603     611    0.000517326
 603     612    0.000022119
 603     613    0.004327462
 604    5620    0.000071602
 604    5621    0.031334289
 604     602    0.001527011
 604     603    0.000216184
 604     604    2.032500000
 604     610    0.001447649
 604     611    0.000559653
 604     612    0.000763507
 604     613    0.001033512
 610    5620    0.002145934
 610    5621    0.002598298
 610     602    0.001835622
 610     603    0.002114470
 610     604    0.001447649
 610     610    2.088400000
 610     611    0.006019056
 610     612    0.004061712
 610     613    0.000389325
 611    5620    0.001942605
 611    5621    0.000763434
 611     602    0.000180369
 611     603    0.000517326
 611     604    0.000559653
 611     610    0.006019056
 611     611    2.033000000
 611     612    0.020283877
 611     613    0.000887504
 612    5620    0.017068211
 612    5621    0.006352236
 612     602    0.002405601
 612     603    0.000022119
 612     604    0.000763507
 612     610    0.004061712
 612     611    0.020283877
 612     612    2.152200000
 612     613    0.000097436
 613    5620    0.006596493
 613    5621    0.007884227
 613     602    0.001001106
 613     603    0.004327462
 613     604    0.001033512
 613     610    0.000389325
 613     611    0.000887504
 613     612    0.000097436
 613     613    2.084400000
