5620    5620     2.389200002
5620    5621     0.004360282
5620     602     0.002731925
5620     603     0.006461637
5620     604     0.002320347
5620     610    -0.003395316
5620     611     0.000024154
5620     612     0.011537124
5620     613    -0.007261687
5621    5620     0.004360282
5621    5621     2.299399995
5621     602    -0.005716201
5621     603    -0.023556046
5621     604     0.025324243
5621     610    -0.002649889
5621     611     0.000482156
5621     612    -0.006809211
5621     613    -0.007577347
 602    5620     0.002731925
 602    5621    -0.005716201
 602     602     1.999100000
 602     603    -0.008570793
 602     604    -0.001363051
 602     610     0.002865947
 602     611     0.001103063
 602     612     0.002595531
 602     613     0.000050025
 603    5620     0.006461637
 603    5621    -0.023556046
 603     602    -0.008570793
 603     603     2.010700000
 603     604    -0.000429997
 603     610    -0.002763126
 603     611     0.000519095
 603     612     0.000082740
 603     613    -0.004706987
 604    5620     0.002320347
 604    5621     0.025324243
 604     602    -0.001363051
 604     603    -0.000429997
 604     604     2.121700000
 604     610     0.001133383
 604     611     0.000784574
 604     612    -0.000574788
 604     613     0.001175023
 610    5620    -0.003395316
 610    5621    -0.002649889
 610     602     0.002865947
 610     603    -0.002763126
 610     604     0.001133383
 610     610     1.983600000
 610     611    -0.007977448
 610     612    -0.009312790
 610     613     0.000653905
 611    5620     0.000024154
 611    5621     0.000482156
 611     602     0.001103063
 611     603     0.000519095
 611     604     0.000784574
 611     610    -0.007977448
 611     611     2.014400000
 611     612     0.016838554
 611     613     0.000961336
 612    5620     0.011537124
 612    5621    -0.006809211
 612     602     0.002595531
 612     603     0.000082740
 612     604    -0.000574788
 612     610    -0.009312790
 612     611     0.016838554
 612     612     2.069100000
 612     613    -0.000137289
 613    5620    -0.007261687
 613    5621    -0.007577347
 613     602     0.000050025
 613     603    -0.004706987
 613     604     0.001175023
 613     610     0.000653905
 613     611     0.000961336
 613     612    -0.000137289
 613     613     1.980000000
