5620    5620    2.386000002
5620    5621    0.003784322
5620     602    0.001861324
5620     603    0.005579291
5620     604    0.000971798
5620     610    0.000693134
5620     611    0.002932536
5620     612    0.004685670
5620     613    0.010692356
5621    5620    0.003784322
5621    5621    2.237299995
5621     602    0.002182586
5621     603    0.024410868
5621     604    0.029459624
5621     610    0.003065645
5621     611    0.000390133
5621     612    0.007149381
5621     613    0.006579556
 602    5620    0.001861324
 602    5621    0.002182586
 602     602    2.087900000
 602     603    0.006116529
 602     604    0.001539489
 602     610    0.002039759
 602     611    0.000033659
 602     612    0.002477534
 602     613    0.000026054
 603    5620    0.005579291
 603    5621    0.024410868
 603     602    0.006116529
 603     603    2.010300000
 603     604    0.001083811
 603     610    0.001851413
 603     611    0.000216488
 603     612    0.000008729
 603     613    0.003515408
 604    5620    0.000971798
 604    5621    0.029459624
 604     602    0.001539489
 604     603    0.001083811
 604     604    2.017700000
 604     610    0.001752123
 604     611    0.000381965
 604     612    0.001239211
 604     613    0.000732042
 610    5620    0.000693134
 610    5621    0.003065645
 610     602    0.002039759
 610     603    0.001851413
 610     604    0.001752123
 610     610    2.122100000
 610     611    0.006466235
 610     612    0.000056629
 610     613    0.000587095
 611    5620    0.002932536
 611    5621    0.000390133
 611     602    0.000033659
 611     603    0.000216488
 611     604    0.000381965
 611     610    0.006466235
 611     611    2.028400000
 611     612    0.019798725
 611     613    0.000708652
 612    5620    0.004685670
 612    5621    0.007149381
 612     602    0.002477534
 612     603    0.000008729
 612     604    0.001239211
 612     610    0.000056629
 612     611    0.019798725
 612     612    2.071300000
 612     613    0.000422350
 613    5620    0.010692356
 613    5621    0.006579556
 613     602    0.000026054
 613     603    0.003515408
 613     604    0.000732042
 613     610    0.000587095
 613     611    0.000708652
 613     612    0.000422350
 613     613    1.945200000
