5620    5620     2.297400002
5620    5621    -0.004313022
5620     602     0.000079742
5620     603     0.005895240
5620     604     0.003037122
5620     610    -0.002133287
5620     611     0.003960891
5620     612     0.021851110
5620     613    -0.003426983
5621    5620    -0.004313022
5621    5621     2.126999995
5621     602    -0.000804720
5621     603    -0.029561070
5621     604    -0.033514857
5621     610    -0.003211492
5621     611     0.000356971
5621     612    -0.008055355
5621     613    -0.008724409
 602    5620     0.000079742
 602    5621    -0.000804720
 602     602     2.083200000
 602     603    -0.009061797
 602     604    -0.001527493
 602     610     0.001600516
 602     611    -0.000229404
 602     612    -0.002200347
 602     613    -0.001126829
 603    5620     0.005895240
 603    5621    -0.029561070
 603     602    -0.009061797
 603     603     2.047700000
 603     604    -0.001136171
 603     610     0.002211880
 603     611    -0.000205757
 603     612    -0.000496883
 603     613     0.004181983
 604    5620     0.003037122
 604    5621    -0.033514857
 604     602    -0.001527493
 604     603    -0.001136171
 604     604     2.003500000
 604     610     0.001507989
 604     611     0.000403755
 604     612     0.001054440
 604     613    -0.001002197
 610    5620    -0.002133287
 610    5621    -0.003211492
 610     602     0.001600516
 610     603     0.002211880
 610     604     0.001507989
 610     610     2.049800000
 610     611    -0.008024364
 610     612     0.008925789
 610     613     0.000386327
 611    5620     0.003960891
 611    5621     0.000356971
 611     602    -0.000229404
 611     603    -0.000205757
 611     604     0.000403755
 611     610    -0.008024364
 611     611     2.013400000
 611     612    -0.014349882
 611     613     0.000527213
 612    5620     0.021851110
 612    5621    -0.008055355
 612     602    -0.002200347
 612     603    -0.000496883
 612     604     0.001054440
 612     610     0.008925789
 612     611    -0.014349882
 612     612     1.969100000
 612     613    -0.000221553
 613    5620    -0.003426983
 613    5621    -0.008724409
 613     602    -0.001126829
 613     603     0.004181983
 613     604    -0.001002197
 613     610     0.000386327
 613     611     0.000527213
 613     612    -0.000221553
 613     613     2.023200000
