5620    5620     2.320100002
5620    5621     0.006917019
5620     602    -0.000498409
5620     603     0.006503707
5620     604    -0.001870416
5620     610    -0.002652357
5620     611     0.003600640
5620     612    -0.015162723
5620     613    -0.007707954
5621    5620     0.006917019
5621    5621     2.212899995
5621     602    -0.006309888
5621     603     0.024805922
5621     604     0.030407779
5621     610     0.003401286
5621     611    -0.000520870
5621     612    -0.006229286
5621     613     0.010709709
 602    5620    -0.000498409
 602    5621    -0.006309888
 602     602     2.042500000
 602     603    -0.006053727
 602     604     0.001580599
 602     610     0.002005514
 602     611    -0.000218898
 602     612    -0.002397204
 602     613    -0.001311853
 603    5620     0.006503707
 603    5621     0.024805922
 603     602    -0.006053727
 603     603     2.094500000
 603     604    -0.000013375
 603     610    -0.002056276
 603     611    -0.000019391
 603     612     0.000046940
 603     613     0.004933192
 604    5620    -0.001870416
 604    5621     0.030407779
 604     602     0.001580599
 604     603    -0.000013375
 604     604     2.130600000
 604     610    -0.001539168
 604     611     0.000685538
 604     612     0.000017055
 604     613    -0.001313612
 610    5620    -0.002652357
 610    5621     0.003401286
 610     602     0.002005514
 610     603    -0.002056276
 610     604    -0.001539168
 610     610     2.093900000
 610     611     0.007351840
 610     612     0.003978986
 610     613     0.000430042
 611    5620     0.003600640
 611    5621    -0.000520870
 611     602    -0.000218898
 611     603    -0.000019391
 611     604     0.000685538
 611     610     0.007351840
 611     611     2.051500000
 611     612    -0.021667011
 611     613    -0.000543719
 612    5620    -0.015162723
 612    5621    -0.006229286
 612     602    -0.002397204
 612     603     0.000046940
 612     604     0.000017055
 612     610     0.003978986
 612     611    -0.021667011
 612     612     2.058100000
 612     613     0.000000139
 613    5620    -0.007707954
 613    5621     0.010709709
 613     602    -0.001311853
 613     603     0.004933192
 613     604    -0.001313612
 613     610     0.000430042
 613     611    -0.000543719
 613     612     0.000000139
 613     613     1.970500000
