5620    5620    2.256700002
5620    5621    0.003877338
5620     602    0.000590677
5620     603    0.005233000
5620     604    0.003224574
5620     610    0.006425920
5620     611    0.002129067
5620     612    0.018709753
5620     613    0.005483430
5621    5620    0.003877338
5621    5621    2.467999995
5621     602    0.002550903
5621     603    0.026958185
5621     604    0.031143691
5621     610    0.001556969
5621     611    0.000792957
5621     612    0.006221597
5621     613    0.007152479
 602    5620    0.000590677
 602    5621    0.002550903
 602     602    2.132700000
 602     603    0.009941415
 602     604    0.001574952
 602     610    0.001224888
 602     611    0.000200566
 602     612    0.002403065
 602     613    0.000800307
 603    5620    0.005233000
 603    5621    0.026958185
 603     602    0.009941415
 603     603    1.937700000
 603     604    0.001536621
 603     610    0.001973020
 603     611    0.000467364
 603     612    0.000451582
 603     613    0.003476780
 604    5620    0.003224574
 604    5621    0.031143691
 604     602    0.001574952
 604     603    0.001536621
 604     604    2.056200000
 604     610    0.000269440
 604     611    0.000966959
 604     612    0.001050404
 604     613    0.001195616
 610    5620    0.006425920
 610    5621    0.001556969
 610     602    0.001224888
 610     603    0.001973020
 610     604    0.000269440
 610     610    2.074200000
 610     611    0.006643046
 610     612    0.004695736
 610     613    0.000500637
 611    5620    0.002129067
 611    5621    0.000792957
 611     602    0.000200566
 611     603    0.000467364
 611     604    0.000966959
 611     610    0.006643046
 611     611    2.055200000
 611     612    0.018299072
 611     613    0.000894257
 612    5620    0.018709753
 612    5621    0.006221597
 612     602    0.002403065
 612     603    0.000451582
 612     604    0.001050404
 612     610    0.004695736
 612     611    0.018299072
 612     612    2.081600000
 612     613    0.000083082
 613    5620    0.005483430
 613    5621    0.007152479
 613     602    0.000800307
 613     603    0.003476780
 613     604    0.001195616
 613     610    0.000500637
 613     611    0.000894257
 613     612    0.000083082
 613     613    2.001400000
