5620    5620     2.361100002
5620    5621     0.006180813
5620     602    -0.002266903
5620     603     0.005079801
5620     604    -0.001003846
5620     610     0.004882233
5620     611     0.002860419
5620     612    -0.021355804
5620     613    -0.007668662
5621    5620     0.006180813
5621    5621     2.309599995
5621     602     0.003591107
5621     603     0.013316513
5621     604     0.034678163
5621     610     0.002347145
5621     611    -0.000118456
5621     612     0.007534257
5621     613    -0.008160353
 602    5620    -0.002266903
 602    5621     0.003591107
 602     602     2.026500000
 602     603     0.000779744
 602     604    -0.001198171
 602     610     0.002121442
 602     611     0.000676211
 602     612    -0.002532618
 602     613    -0.000169337
 603    5620     0.005079801
 603    5621     0.013316513
 603     602     0.000779744
 603     603     2.127700000
 603     604     0.001024652
 603     610    -0.001683424
 603     611    -0.000346913
 603     612     0.000292855
 603     613     0.003550678
 604    5620    -0.001003846
 604    5621     0.034678163
 604     602    -0.001198171
 604     603     0.001024652
 604     604     2.082300000
 604     610     0.001186574
 604     611    -0.000518661
 604     612     0.000378815
 604     613    -0.001006136
 610    5620     0.004882233
 610    5621     0.002347145
 610     602     0.002121442
 610     603    -0.001683424
 610     604     0.001186574
 610     610     2.037900000
 610     611     0.005916933
 610     612     0.004895820
 610     613    -0.000441987
 611    5620     0.002860419
 611    5621    -0.000118456
 611     602     0.000676211
 611     603    -0.000346913
 611     604    -0.000518661
 611     610     0.005916933
 611     611     2.110300000
 611     612     0.017590051
 611     613     0.000672898
 612    5620    -0.021355804
 612    5621     0.007534257
 612     602    -0.002532618
 612     603     0.000292855
 612     604     0.000378815
 612     610     0.004895820
 612     611     0.017590051
 612     612     1.973500000
 612     613     0.000086736
 613    5620    -0.007668662
 613    5621    -0.008160353
 613     602    -0.000169337
 613     603     0.003550678
 613     604    -0.001006136
 613     610    -0.000441987
 613     611     0.000672898
 613     612     0.000086736
 613     613     1.978800000
