5620    5620    2.519700002
5620    5621    0.004613211
5620     602    0.000542626
5620     603    0.005232152
5620     604    0.001153279
5620     610    0.002954335
5620     611    0.001474835
5620     612    0.019944405
5620     613    0.006003003
5621    5620    0.004613211
5621    5621    2.406399995
5621     602    0.001560270
5621     603    0.012225718
5621     604    0.030195296
5621     610    0.002148380
5621     611    0.000109184
5621     612    0.007099386
5621     613    0.007284930
 602    5620    0.000542626
 602    5621    0.001560270
 602     602    2.020100000
 602     603    0.007439725
 602     604    0.001890630
 602     610    0.001841283
 602     611    0.000450830
 602     612    0.002884672
 602     613    0.001179578
 603    5620    0.005232152
 603    5621    0.012225718
 603     602    0.007439725
 603     603    2.145400000
 603     604    0.000079683
 603     610    0.002112508
 603     611    0.000371404
 603     612    0.000060034
 603     613    0.004004668
 604    5620    0.001153279
 604    5621    0.030195296
 604     602    0.001890630
 604     603    0.000079683
 604     604    1.996700000
 604     610    0.001291239
 604     611    0.000706378
 604     612    0.000056991
 604     613    0.001511130
 610    5620    0.002954335
 610    5621    0.002148380
 610     602    0.001841283
 610     603    0.002112508
 610     604    0.001291239
 610     610    2.090000000
 610     611    0.006249252
 610     612    0.005412197
 610     613    0.000563018
 611    5620    0.001474835
 611    5621    0.000109184
 611     602    0.000450830
 611     603    0.000371404
 611     604    0.000706378
 611     610    0.006249252
 611     611    2.082400000
 611     612    0.018727118
 611     613    0.000816027
 612    5620    0.019944405
 612    5621    0.007099386
 612     602    0.002884672
 612     603    0.000060034
 612     604    0.000056991
 612     610    0.005412197
 612     611    0.018727118
 612     612    2.067700000
 612     613    0.000045432
 613    5620    0.006003003
 613    5621    0.007284930
 613     602    0.001179578
 613     603    0.004004668
 613     604    0.001511130
 613     610    0.000563018
 613     611    0.000816027
 613     612    0.000045432
 613     613    2.056300000
