5620    5620    2.482400002
5620    5621    0.004061416
5620     602    0.001122825
5620     603    0.005813254
5620     604    0.001227584
5620     610    0.001636008
5620     611    0.000241981
5620     612    0.014347155
5620     613    0.005551861
5621    5620    0.004061416
5621    5621    2.207299995
5621     602    0.002745791
5621     603    0.025917953
5621     604    0.035037761
5621     610    0.003477800
5621     611    0.000702054
5621     612    0.005609020
5621     613    0.009653945
 602    5620    0.001122825
 602    5621    0.002745791
 602     602    2.064600000
 602     603    0.011310122
 602     604    0.002162772
 602     610    0.002437744
 602     611    0.001027874
 602     612    0.002456101
 602     613    0.000874190
 603    5620    0.005813254
 603    5621    0.025917953
 603     602    0.011310122
 603     603    1.947600000
 603     604    0.001787942
 603     610    0.002438208
 603     611    0.000546768
 603     612    0.000396176
 603     613    0.004455965
 604    5620    0.001227584
 604    5621    0.035037761
 604     602    0.002162772
 604     603    0.001787942
 604     604    1.975400000
 604     610    0.002202479
 604     611    0.000983503
 604     612    0.000176143
 604     613    0.001628486
 610    5620    0.001636008
 610    5621    0.003477800
 610     602    0.002437744
 610     603    0.002438208
 610     604    0.002202479
 610     610    2.004200000
 610     611    0.006785492
 610     612    0.007686348
 610     613    0.000421473
 611    5620    0.000241981
 611    5621    0.000702054
 611     602    0.001027874
 611     603    0.000546768
 611     604    0.000983503
 611     610    0.006785492
 611     611    1.943600000
 611     612    0.016758544
 611     613    0.001188250
 612    5620    0.014347155
 612    5621    0.005609020
 612     602    0.002456101
 612     603    0.000396176
 612     604    0.000176143
 612     610    0.007686348
 612     611    0.016758544
 612     612    2.109900000
 612     613    0.000110792
 613    5620    0.005551861
 613    5621    0.009653945
 613     602    0.000874190
 613     603    0.004455965
 613     604    0.001628486
 613     610    0.000421473
 613     611    0.001188250
 613     612    0.000110792
 613     613    2.009800000
