5620    5620     2.269600002
5620    5621    -0.006030133
5620     602    -0.001179536
5620     603    -0.005073122
5620     604     0.000999074
5620     610    -0.003474364
5620     611     0.002171998
5620     612     0.019523906
5620     613     0.003547854
5621    5620    -0.006030133
5621    5621     2.431899995
5621     602     0.002572168
5621     603    -0.015771487
5621     604     0.028820092
5621     610    -0.002538301
5621     611    -0.000063115
5621     612    -0.007514399
5621     613     0.008563093
 602    5620    -0.001179536
 602    5621     0.002572168
 602     602     2.069600000
 602     603    -0.007817374
 602     604    -0.001440219
 602     610    -0.001862341
 602     611     0.000383199
 602     612     0.002541516
 602     613     0.000934832
 603    5620    -0.005073122
 603    5621    -0.015771487
 603     602    -0.007817374
 603     603     2.072700000
 603     604     0.000267191
 603     610     0.002123124
 603     611     0.000502196
 603     612     0.000033772
 603     613    -0.004309130
 604    5620     0.000999074
 604    5621     0.028820092
 604     602    -0.001440219
 604     603     0.000267191
 604     604     2.119400000
 604     610     0.001441654
 604     611    -0.000525383
 604     612    -0.000174958
 604     613     0.001248595
 610    5620    -0.003474364
 610    5621    -0.002538301
 610     602    -0.001862341
 610     603     0.002123124
 610     604     0.001441654
 610     610     2.081400000
 610     611     0.006250703
 610     612    -0.009153528
 610     613     0.000395136
 611    5620     0.002171998
 611    5621    -0.000063115
 611     602     0.000383199
 611     603     0.000502196
 611     604    -0.000525383
 611     610     0.006250703
 611     611     2.065900000
 611     612     0.016646891
 611     613     0.000916616
 612    5620     0.019523906
 612    5621    -0.007514399
 612     602     0.002541516
 612     603     0.000033772
 612     604    -0.000174958
 612     610    -0.009153528
 612     611     0.016646891
 612     612     1.943600000
 612     613     0.000087027
 613    5620     0.003547854
 613    5621     0.008563093
 613     602     0.000934832
 613     603    -0.004309130
 613     604     0.001248595
 613     610     0.000395136
 613     611     0.000916616
 613     612     0.000087027
 613     613     2.013400000
