5620    5620    2.386000002
5620    5621    0.006096571
5620     602    0.001613978
5620     603    0.005909527
5620     604    0.002494799
5620     610    0.003884976
5620     611    0.003189748
5620     612    0.012085614
5620     613    0.007817914
5621    5620    0.006096571
5621    5621    2.173499995
5621     602    0.003537226
5621     603    0.026665470
5621     604    0.030687349
5621     610    0.001426134
5621     611    0.000200240
5621     612    0.007778438
5621     613    0.006413922
 602    5620    0.001613978
 602    5621    0.003537226
 602     602    2.092700000
 602     603    0.005539793
 602     604    0.001331840
 602     610    0.001836727
 602     611    0.000136603
 602     612    0.002500724
 602     613    0.000087376
 603    5620    0.005909527
 603    5621    0.026665470
 603     602    0.005539793
 603     603    2.023300000
 603     604    0.000240835
 603     610    0.002374507
 603     611    0.000408809
 603     612    0.000318212
 603     613    0.003365778
 604    5620    0.002494799
 604    5621    0.030687349
 604     602    0.001331840
 604     603    0.000240835
 604     604    2.068000000
 604     610    0.000621003
 604     611    0.000570866
 604     612    0.000246279
 604     613    0.000909849
 610    5620    0.003884976
 610    5621    0.001426134
 610     602    0.001836727
 610     603    0.002374507
 610     604    0.000621003
 610     610    2.031800000
 610     611    0.006682371
 610     612    0.004810703
 610     613    0.000648558
 611    5620    0.003189748
 611    5621    0.000200240
 611     602    0.000136603
 611     603    0.000408809
 611     604    0.000570866
 611     610    0.006682371
 611     611    2.086500000
 611     612    0.019672479
 611     613    0.000634065
 612    5620    0.012085614
 612    5621    0.007778438
 612     602    0.002500724
 612     603    0.000318212
 612     604    0.000246279
 612     610    0.004810703
 612     611    0.019672479
 612     612    1.981400000
 612     613    0.000398137
 613    5620    0.007817914
 613    5621    0.006413922
 613     602    0.000087376
 613     603    0.003365778
 613     604    0.000909849
 613     610    0.000648558
 613     611    0.000634065
 613     612    0.000398137
 613     613    2.087100000
