5620    5620     2.255900002
5620    5621     0.003169064
5620     602    -0.001572538
5620     603    -0.007369036
5620     604    -0.001938784
5620     610     0.000022735
5620     611    -0.003040845
5620     612    -0.005984059
5620     613    -0.004770730
5621    5620     0.003169064
5621    5621     2.354499995
5621     602     0.001430737
5621     603    -0.027161476
5621     604     0.030493463
5621     610    -0.002315623
5621     611    -0.000487721
5621     612     0.007774122
5621     613    -0.009329314
 602    5620    -0.001572538
 602    5621     0.001430737
 602     602     2.049100000
 602     603     0.007906268
 602     604    -0.001536443
 602     610    -0.002393301
 602     611    -0.000467635
 602     612    -0.002819578
 602     613    -0.000557218
 603    5620    -0.007369036
 603    5621    -0.027161476
 603     602     0.007906268
 603     603     2.016100000
 603     604    -0.001028504
 603     610    -0.002571673
 603     611    -0.000268877
 603     612    -0.000052094
 603     613     0.005275015
 604    5620    -0.001938784
 604    5621     0.030493463
 604     602    -0.001536443
 604     603    -0.001028504
 604     604     2.046600000
 604     610    -0.001260017
 604     611     0.000757655
 604     612    -0.000472995
 604     613     0.001227854
 610    5620     0.000022735
 610    5621    -0.002315623
 610     602    -0.002393301
 610     603    -0.002571673
 610     604    -0.001260017
 610     610     2.020200000
 610     611     0.008222155
 610     612    -0.004408156
 610     613     0.000522261
 611    5620    -0.003040845
 611    5621    -0.000487721
 611     602    -0.000467635
 611     603    -0.000268877
 611     604     0.000757655
 611     610     0.008222155
 611     611     2.084600000
 611     612    -0.019487795
 611     613    -0.000646249
 612    5620    -0.005984059
 612    5621     0.007774122
 612     602    -0.002819578
 612     603    -0.000052094
 612     604    -0.000472995
 612     610    -0.004408156
 612     611    -0.019487795
 612     612     2.104300000
 612     613     0.000096099
 613    5620    -0.004770730
 613    5621    -0.009329314
 613     602    -0.000557218
 613     603     0.005275015
 613     604     0.001227854
 613     610     0.000522261
 613     611    -0.000646249
 613     612     0.000096099
 613     613     2.020000000
