5620    5620     2.315000002
5620    5621     0.003933684
5620     602     0.000060247
5620     603    -0.006130270
5620     604    -0.002010182
5620     610     0.001352767
5620     611     0.001126872
5620     612    -0.006370508
5620     613    -0.005334119
5621    5620     0.003933684
5621    5621     2.384199995
5621     602    -0.003626261
5621     603     0.013575820
5621     604     0.028093916
5621     610    -0.002525956
5621     611     0.000050640
5621     612     0.007695068
5621     613     0.008078665
 602    5620     0.000060247
 602    5621    -0.003626261
 602     602     2.148500000
 602     603     0.008898984
 602     604     0.001401807
 602     610     0.001582621
 602     611    -0.000191293
 602     612     0.002726251
 602     613    -0.001341255
 603    5620    -0.006130270
 603    5621     0.013575820
 603     602     0.008898984
 603     603     2.046500000
 603     604    -0.000209152
 603     610    -0.002305459
 603     611     0.000614683
 603     612    -0.000302078
 603     613     0.004658145
 604    5620    -0.002010182
 604    5621     0.028093916
 604     602     0.001401807
 604     603    -0.000209152
 604     604     2.098800000
 604     610    -0.001273962
 604     611     0.000401771
 604     612    -0.000810702
 604     613     0.001000255
 610    5620     0.001352767
 610    5621    -0.002525956
 610     602     0.001582621
 610     603    -0.002305459
 610     604    -0.001273962
 610     610     2.012900000
 610     611     0.006744994
 610     612     0.004354891
 610     613     0.000489431
 611    5620     0.001126872
 611    5621     0.000050640
 611     602    -0.000191293
 611     603     0.000614683
 611     604     0.000401771
 611     610     0.006744994
 611     611     2.047200000
 611     612     0.016113018
 611     613     0.000989049
 612    5620    -0.006370508
 612    5621     0.007695068
 612     602     0.002726251
 612     603    -0.000302078
 612     604    -0.000810702
 612     610     0.004354891
 612     611     0.016113018
 612     612     2.037800000
 612     613    -0.000293659
 613    5620    -0.005334119
 613    5621     0.008078665
 613     602    -0.001341255
 613     603     0.004658145
 613     604     0.001000255
 613     610     0.000489431
 613     611     0.000989049
 613     612    -0.000293659
 613     613     1.997300000
