5620    5620     2.442700002
5620    5621     0.003232974
5620     602     0.000456481
5620     603    -0.005655120
5620     604     0.004974005
5620     610    -0.000722257
5620     611     0.001791434
5620     612    -0.007750329
5620     613    -0.004263815
5621    5620     0.003232974
5621    5621     2.435399995
5621     602    -0.004448205
5621     603     0.021899127
5621     604    -0.025361400
5621     610    -0.001822922
5621     611    -0.000822077
5621     612    -0.007072113
5621     613     0.008788847
 602    5620     0.000456481
 602    5621    -0.004448205
 602     602     2.057200000
 602     603    -0.008042501
 602     604    -0.001551413
 602     610     0.001441251
 602     611     0.000565917
 602     612    -0.002840489
 602     613     0.001147517
 603    5620    -0.005655120
 603    5621     0.021899127
 603     602    -0.008042501
 603     603     2.040700000
 603     604    -0.000345239
 603     610    -0.002006722
 603     611     0.000364379
 603     612     0.000101821
 603     613     0.004298775
 604    5620     0.004974005
 604    5621    -0.025361400
 604     602    -0.001551413
 604     603    -0.000345239
 604     604     2.096800000
 604     610     0.000519929
 604     611     0.000791828
 604     612    -0.000948102
 604     613    -0.001285341
 610    5620    -0.000722257
 610    5621    -0.001822922
 610     602     0.001441251
 610     603    -0.002006722
 610     604     0.000519929
 610     610     2.015300000
 610     611     0.005434364
 610     612     0.007131970
 610     613     0.000521422
 611    5620     0.001791434
 611    5621    -0.000822077
 611     602     0.000565917
 611     603     0.000364379
 611     604     0.000791828
 611     610     0.005434364
 611     611     2.082500000
 611     612     0.016977595
 611     613     0.000704088
 612    5620    -0.007750329
 612    5621    -0.007072113
 612     602    -0.002840489
 612     603     0.000101821
 612     604    -0.000948102
 612     610     0.007131970
 612     611     0.016977595
 612     612     1.959400000
 612     613    -0.000146216
 613    5620    -0.004263815
 613    5621     0.008788847
 613     602     0.001147517
 613     603     0.004298775
 613     604    -0.001285341
 613     610     0.000521422
 613     611     0.000704088
 613     612    -0.000146216
 613     613     2.057400000
