5620    5620     2.222600002
5620    5621    -0.005598225
5620     602    -0.001152795
5620     603    -0.005413990
5620     604    -0.001147044
5620     610     0.009515235
5620     611     0.002331118
5620     612     0.002759180
5620     613    -0.010174738
5621    5620    -0.005598225
5621    5621     2.177699995
5621     602    -0.003390293
5621     603     0.031308793
5621     604     0.034034234
5621     610     0.000770023
5621     611    -0.000822900
5621     612    -0.006877310
5621     613    -0.007287659
 602    5620    -0.001152795
 602    5621    -0.003390293
 602     602     2.009100000
 602     603    -0.009161920
 602     604     0.001463002
 602     610     0.001680579
 602     611     0.000957956
 602     612     0.002454214
 602     613     0.000483998
 603    5620    -0.005413990
 603    5621     0.031308793
 603     602    -0.009161920
 603     603     2.047000000
 603     604     0.001058544
 603     610     0.001969392
 603     611    -0.000389237
 603     612    -0.000124264
 603     613    -0.003152931
 604    5620    -0.001147044
 604    5621     0.034034234
 604     602     0.001463002
 604     603     0.001058544
 604     604     2.084700000
 604     610    -0.000653762
 604     611     0.000496539
 604     612    -0.000484074
 604     613     0.000859067
 610    5620     0.009515235
 610    5621     0.000770023
 610     602     0.001680579
 610     603     0.001969392
 610     604    -0.000653762
 610     610     1.990800000
 610     611    -0.006973553
 610     612    -0.003719676
 610     613    -0.000813925
 611    5620     0.002331118
 611    5621    -0.000822900
 611     602     0.000957956
 611     603    -0.000389237
 611     604     0.000496539
 611     610    -0.006973553
 611     611     1.992800000
 611     612    -0.017682533
 611     613     0.001029432
 612    5620     0.002759180
 612    5621    -0.006877310
 612     602     0.002454214
 612     603    -0.000124264
 612     604    -0.000484074
 612     610    -0.003719676
 612     611    -0.017682533
 612     612     2.023700000
 612     613     0.000782217
 613    5620    -0.010174738
 613    5621    -0.007287659
 613     602     0.000483998
 613     603    -0.003152931
 613     604     0.000859067
 613     610    -0.000813925
 613     611     0.001029432
 613     612     0.000782217
 613     613     2.060700000
