5620    5620    2.486600002
5620    5621    0.004402506
5620     602    0.000521847
5620     603    0.005107237
5620     604    0.000174311
5620     610    0.005017639
5620     611    0.003176793
5620     612    0.007076366
5620     613    0.006869950
5621    5620    0.004402506
5621    5621    2.151399995
5621     602    0.000191823
5621     603    0.022947502
5621     604    0.028084513
5621     610    0.002758337
5621     611    0.000480860
5621     612    0.006871341
5621     613    0.008256811
 602    5620    0.000521847
 602    5621    0.000191823
 602     602    2.142100000
 602     603    0.008191701
 602     604    0.001318029
 602     610    0.001819101
 602     611    0.000038247
 602     612    0.002446358
 602     613    0.000911971
 603    5620    0.005107237
 603    5621    0.022947502
 603     602    0.008191701
 603     603    2.078800000
 603     604    0.001070169
 603     610    0.001987510
 603     611    0.000099234
 603     612    0.000102072
 603     613    0.003632466
 604    5620    0.000174311
 604    5621    0.028084513
 604     602    0.001318029
 604     603    0.001070169
 604     604    2.113800000
 604     610    0.001445507
 604     611    0.000359726
 604     612    0.000471620
 604     613    0.000880081
 610    5620    0.005017639
 610    5621    0.002758337
 610     602    0.001819101
 610     603    0.001987510
 610     604    0.001445507
 610     610    2.042400000
 610     611    0.006424586
 610     612    0.001685132
 610     613    0.000512972
 611    5620    0.003176793
 611    5621    0.000480860
 611     602    0.000038247
 611     603    0.000099234
 611     604    0.000359726
 611     610    0.006424586
 611     611    2.094000000
 611     612    0.021635613
 611     613    0.000493141
 612    5620    0.007076366
 612    5621    0.006871341
 612     602    0.002446358
 612     603    0.000102072
 612     604    0.000471620
 612     610    0.001685132
 612     611    0.021635613
 612     612    2.054800000
 612     613    0.000532038
 613    5620    0.006869950
 613    5621    0.008256811
 613     602    0.000911971
 613     603    0.003632466
 613     604    0.000880081
 613     610    0.000512972
 613     611    0.000493141
 613     612    0.000532038
 613     613    2.091100000
