5620    5620    2.248100002
5620    5621    0.005158194
5620     602    0.001707959
5620     603    0.005332638
5620     604    0.005240518
5620     610    0.006582958
5620     611    0.002873682
5620     612    0.009267485
5620     613    0.005256020
5621    5620    0.005158194
5621    5621    2.255299995
5621     602    0.003812918
5621     603    0.022973127
5621     604    0.032661345
5621     610    0.001717369
5621     611    0.000235600
5621     612    0.006762944
5621     613    0.008584754
 602    5620    0.001707959
 602    5621    0.003812918
 602     602    1.991000000
 602     603    0.006479339
 602     604    0.001516120
 602     610    0.001798895
 602     611    0.000158205
 602     612    0.002185838
 602     613    0.000344600
 603    5620    0.005332638
 603    5621    0.022973127
 603     602    0.006479339
 603     603    2.071600000
 603     604    0.000774984
 603     610    0.001853142
 603     611    0.000303298
 603     612    0.000017733
 603     613    0.004152090
 604    5620    0.005240518
 604    5621    0.032661345
 604     602    0.001516120
 604     603    0.000774984
 604     604    2.054800000
 604     610    0.000542089
 604     611    0.001012752
 604     612    0.000830710
 604     613    0.001598968
 610    5620    0.006582958
 610    5621    0.001717369
 610     602    0.001798895
 610     603    0.001853142
 610     604    0.000542089
 610     610    2.073200000
 610     611    0.006059453
 610     612    0.002360998
 610     613    0.000464617
 611    5620    0.002873682
 611    5621    0.000235600
 611     602    0.000158205
 611     603    0.000303298
 611     604    0.001012752
 611     610    0.006059453
 611     611    2.013000000
 611     612    0.017593689
 611     613    0.000781988
 612    5620    0.009267485
 612    5621    0.006762944
 612     602    0.002185838
 612     603    0.000017733
 612     604    0.000830710
 612     610    0.002360998
 612     611    0.017593689
 612     612    2.081800000
 612     613    0.000120687
 613    5620    0.005256020
 613    5621    0.008584754
 613     602    0.000344600
 613     603    0.004152090
 613     604    0.001598968
 613     610    0.000464617
 613     611    0.000781988
 613     612    0.000120687
 613     613    2.045800000
