5620    5620     2.383100002
5620    5621     0.005026871
5620     602     0.001514239
5620     603    -0.007096226
5620     604     0.002212798
5620     610    -0.005380384
5620     611     0.000409341
5620     612     0.005104323
5620     613    -0.006310684
5621    5620     0.005026871
5621    5621     2.138999995
5621     602     0.000997765
5621     603    -0.032367507
5621     604    -0.034892135
5621     610     0.002725580
5621     611    -0.000066217
5621     612    -0.007273566
5621     613    -0.007738979
 602    5620     0.001514239
 602    5621     0.000997765
 602     602     1.974600000
 602     603     0.010043024
 602     604    -0.001843653
 602     610    -0.002187317
 602     611     0.000637096
 602     612     0.002886814
 602     613    -0.000459337
 603    5620    -0.007096226
 603    5621    -0.032367507
 603     602     0.010043024
 603     603     1.940400000
 603     604     0.001281388
 603     610    -0.002145909
 603     611    -0.000499659
 603     612    -0.000057360
 603     613     0.004518639
 604    5620     0.002212798
 604    5621    -0.034892135
 604     602    -0.001843653
 604     603     0.001281388
 604     604     2.061400000
 604     610     0.001463009
 604     611    -0.000721865
 604     612    -0.000258192
 604     613    -0.001187601
 610    5620    -0.005380384
 610    5621     0.002725580
 610     602    -0.002187317
 610     603    -0.002145909
 610     604     0.001463009
 610     610     2.050500000
 610     611    -0.005315524
 610     612     0.005218814
 610     613     0.000397299
 611    5620     0.000409341
 611    5621    -0.000066217
 611     602     0.000637096
 611     603    -0.000499659
 611     604    -0.000721865
 611     610    -0.005315524
 611     611     1.999200000
 611     612     0.019911146
 611     613    -0.000857829
 612    5620     0.005104323
 612    5621    -0.007273566
 612     602     0.002886814
 612     603    -0.000057360
 612     604    -0.000258192
 612     610     0.005218814
 612     611     0.019911146
 612     612     1.982800000
 612     613     0.000119843
 613    5620    -0.006310684
 613    5621    -0.007738979
 613     602    -0.000459337
 613     603     0.004518639
 613     604    -0.001187601
 613     610     0.000397299
 613     611    -0.000857829
 613     612     0.000119843
 613     613     2.083300000
