5620    5620     2.256700002
5620    5621     0.004126654
5620     602    -0.002079259
5620     603     0.006695227
5620     604    -0.000609271
5620     610    -0.004774999
5620     611    -0.002109282
5620     612     0.001223819
5620     613    -0.005190930
5621    5620     0.004126654
5621    5621     2.349999995
5621     602    -0.000258299
5621     603    -0.026720917
5621     604     0.033202184
5621     610    -0.001767225
5621     611     0.000206199
5621     612    -0.004876887
5621     613     0.010137134
 602    5620    -0.002079259
 602    5621    -0.000258299
 602     602     2.081800000
 602     603    -0.003881115
 602     604    -0.001623639
 602     610     0.002299015
 602     611    -0.000544281
 602     612     0.002006910
 602     613    -0.000043964
 603    5620     0.006695227
 603    5621    -0.026720917
 603     602    -0.003881115
 603     603     1.985300000
 603     604     0.000720646
 603     610     0.002402589
 603     611    -0.000314503
 603     612     0.000384637
 603     613    -0.005200189
 604    5620    -0.000609271
 604    5621     0.033202184
 604     602    -0.001623639
 604     603     0.000720646
 604     604     2.042600000
 604     610    -0.001152377
 604     611    -0.000696545
 604     612     0.000204220
 604     613    -0.001324284
 610    5620    -0.004774999
 610    5621    -0.001767225
 610     602     0.002299015
 610     603     0.002402589
 610     604    -0.001152377
 610     610     2.032900000
 610     611     0.007729432
 610     612    -0.002498656
 610     613    -0.000682687
 611    5620    -0.002109282
 611    5621     0.000206199
 611     602    -0.000544281
 611     603    -0.000314503
 611     604    -0.000696545
 611     610     0.007729432
 611     611     2.077700000
 611     612     0.014772505
 611     613    -0.000858933
 612    5620     0.001223819
 612    5621    -0.004876887
 612     602     0.002006910
 612     603     0.000384637
 612     604     0.000204220
 612     610    -0.002498656
 612     611     0.014772505
 612     612     2.049200000
 612     613     0.000404421
 613    5620    -0.005190930
 613    5621     0.010137134
 613     602    -0.000043964
 613     603    -0.005200189
 613     604    -0.001324284
 613     610    -0.000682687
 613     611    -0.000858933
 613     612     0.000404421
 613     613     1.994800000
