5620    5620     2.378100002
5620    5621     0.005679557
5620     602     0.000341332
5620     603    -0.005432425
5620     604     0.002572888
5620     610     0.003322621
5620     611    -0.001937401
5620     612     0.013686157
5620     613    -0.007944790
5621    5620     0.005679557
5621    5621     2.209899995
5621     602    -0.004023357
5621     603    -0.018028530
5621     604    -0.032909911
5621     610    -0.000881371
5621     611     0.000196194
5621     612     0.007086562
5621     613    -0.008385023
 602    5620     0.000341332
 602    5621    -0.004023357
 602     602     2.071100000
 602     603    -0.003944752
 602     604     0.001741258
 602     610     0.000962405
 602     611    -0.000004548
 602     612    -0.002267014
 602     613     0.001016820
 603    5620    -0.005432425
 603    5621    -0.018028530
 603     602    -0.003944752
 603     603     2.166400000
 603     604     0.000077664
 603     610    -0.001841889
 603     611    -0.000403895
 603     612     0.000050421
 603     613    -0.003907899
 604    5620     0.002572888
 604    5621    -0.032909911
 604     602     0.001741258
 604     603     0.000077664
 604     604     2.031200000
 604     610    -0.000492169
 604     611     0.000738909
 604     612    -0.000045199
 604     613    -0.001156957
 610    5620     0.003322621
 610    5621    -0.000881371
 610     602     0.000962405
 610     603    -0.001841889
 610     604    -0.000492169
 610     610     2.035100000
 610     611     0.006073017
 610     612    -0.006729274
 610     613    -0.000774314
 611    5620    -0.001937401
 611    5621     0.000196194
 611     602    -0.000004548
 611     603    -0.000403895
 611     604     0.000738909
 611     610     0.006073017
 611     611     2.066500000
 611     612    -0.016681301
 611     613    -0.000916635
 612    5620     0.013686157
 612    5621     0.007086562
 612     602    -0.002267014
 612     603     0.000050421
 612     604    -0.000045199
 612     610    -0.006729274
 612     611    -0.016681301
 612     612     2.054400000
 612     613    -0.000087001
 613    5620    -0.007944790
 613    5621    -0.008385023
 613     602     0.001016820
 613     603    -0.003907899
 613     604    -0.001156957
 613     610    -0.000774314
 613     611    -0.000916635
 613     612    -0.000087001
 613     613     2.009400000
