5620    5620     2.396000002
5620    5621    -0.006451667
5620     602     0.000347135
5620     603    -0.004744400
5620     604     0.002691167
5620     610     0.000521001
5620     611    -0.000020766
5620     612    -0.013399093
5620     613     0.006624791
5621    5620    -0.006451667
5621    5621     2.336599995
5621     602     0.003993192
5621     603    -0.017696361
5621     604    -0.032069830
5621     610     0.003788033
5621     611    -0.000305909
5621     612    -0.006363908
5621     613     0.007164836
 602    5620     0.000347135
 602    5621     0.003993192
 602     602     2.045800000
 602     603    -0.008666048
 602     604     0.001760514
 602     610    -0.002181348
 602     611     0.000151082
 602     612    -0.002425463
 602     613     0.001077964
 603    5620    -0.004744400
 603    5621    -0.017696361
 603     602    -0.008666048
 603     603     2.079700000
 603     604    -0.000116187
 603     610    -0.001869649
 603     611    -0.000469861
 603     612     0.000025072
 603     613     0.003036607
 604    5620     0.002691167
 604    5621    -0.032069830
 604     602     0.001760514
 604     603    -0.000116187
 604     604     2.061000000
 604     610    -0.002143953
 604     611     0.000261716
 604     612    -0.001351650
 604     613     0.000843627
 610    5620     0.000521001
 610    5621     0.003788033
 610     602    -0.002181348
 610     603    -0.001869649
 610     604    -0.002143953
 610     610     2.057900000
 610     611    -0.005692250
 610     612     0.005865844
 610     613    -0.000390129
 611    5620    -0.000020766
 611    5621    -0.000305909
 611     602     0.000151082
 611     603    -0.000469861
 611     604     0.000261716
 611     610    -0.005692250
 611     611     2.005100000
 611     612     0.013864314
 611     613     0.000888314
 612    5620    -0.013399093
 612    5621    -0.006363908
 612     602    -0.002425463
 612     603     0.000025072
 612     604    -0.001351650
 612     610     0.005865844
 612     611     0.013864314
 612     612     2.040400000
 612     613     0.000100662
 613    5620     0.006624791
 613    5621     0.007164836
 613     602     0.001077964
 613     603     0.003036607
 613     604     0.000843627
 613     610    -0.000390129
 613     611     0.000888314
 613     612     0.000100662
 613     613     2.068200000
