5620    5620    2.324600002
5620    5621    0.006875673
5620     602    0.001483211
5620     603    0.004962421
5620     604    0.003723039
5620     610    0.004234747
5620     611    0.004528934
5620     612    0.015937492
5620     613    0.004252929
5621    5620    0.006875673
5621    5621    2.473299995
5621     602    0.000321582
5621     603    0.026754896
5621     604    0.030553987
5621     610    0.001131587
5621     611    0.000519952
5621     612    0.005861459
5621     613    0.007926301
 602    5620    0.001483211
 602    5621    0.000321582
 602     602    2.022000000
 602     603    0.008206625
 602     604    0.001468752
 602     610    0.001487828
 602     611    0.000051427
 602     612    0.002183672
 602     613    0.000662449
 603    5620    0.004962421
 603    5621    0.026754896
 603     602    0.008206625
 603     603    2.041100000
 603     604    0.000793846
 603     610    0.001619915
 603     611    0.000050930
 603     612    0.000087649
 603     613    0.003736013
 604    5620    0.003723039
 604    5621    0.030553987
 604     602    0.001468752
 604     603    0.000793846
 604     604    1.965800000
 604     610    0.000165441
 604     611    0.000643292
 604     612    0.000624664
 604     613    0.001335118
 610    5620    0.004234747
 610    5621    0.001131587
 610     602    0.001487828
 610     603    0.001619915
 610     604    0.000165441
 610     610    2.072200000
 610     611    0.005696101
 610     612    0.005568516
 610     613    0.000423032
 611    5620    0.004528934
 611    5621    0.000519952
 611     602    0.000051427
 611     603    0.000050930
 611     604    0.000643292
 611     610    0.005696101
 611     611    2.107500000
 611     612    0.014485970
 611     613    0.000469020
 612    5620    0.015937492
 612    5621    0.005861459
 612     602    0.002183672
 612     603    0.000087649
 612     604    0.000624664
 612     610    0.005568516
 612     611    0.014485970
 612     612    2.093900000
 612     613    0.000228028
 613    5620    0.004252929
 613    5621    0.007926301
 613     602    0.000662449
 613     603    0.003736013
 613     604    0.001335118
 613     610    0.000423032
 613     611    0.000469020
 613     612    0.000228028
 613     613    2.001500000
