5620    5620    2.310600002
5620    5621    0.002911236
5620     602    0.000694530
5620     603    0.006022332
5620     604    0.002655614
5620     610    0.006544421
5620     611    0.003456352
5620     612    0.013045362
5620     613    0.009583913
5621    5620    0.002911236
5621    5621    2.392499995
5621     602    0.000777175
5621     603    0.010299811
5621     604    0.027474636
5621     610    0.001122860
5621     611    0.000392817
5621     612    0.007025993
5621     613    0.005416760
 602    5620    0.000694530
 602    5621    0.000777175
 602     602    2.138000000
 602     603    0.003859760
 602     604    0.001336291
 602     610    0.001288378
 602     611    0.000086649
 602     612    0.002174502
 602     613    0.000619852
 603    5620    0.006022332
 603    5621    0.010299811
 603     602    0.003859760
 603     603    2.085400000
 603     604    0.000140022
 603     610    0.002072949
 603     611    0.000346651
 603     612    0.000032067
 603     613    0.003692929
 604    5620    0.002655614
 604    5621    0.027474636
 604     602    0.001336291
 604     603    0.000140022
 604     604    2.083500000
 604     610    0.000524004
 604     611    0.000867793
 604     612    0.000446625
 604     613    0.001247984
 610    5620    0.006544421
 610    5621    0.001122860
 610     602    0.001288378
 610     603    0.002072949
 610     604    0.000524004
 610     610    2.070700000
 610     611    0.006933831
 610     612    0.008525616
 610     613    0.000682996
 611    5620    0.003456352
 611    5621    0.000392817
 611     602    0.000086649
 611     603    0.000346651
 611     604    0.000867793
 611     610    0.006933831
 611     611    1.984700000
 611     612    0.015610531
 611     613    0.000722033
 612    5620    0.013045362
 612    5621    0.007025993
 612     602    0.002174502
 612     603    0.000032067
 612     604    0.000446625
 612     610    0.008525616
 612     611    0.015610531
 612     612    2.046800000
 612     613    0.000000976
 613    5620    0.009583913
 613    5621    0.005416760
 613     602    0.000619852
 613     603    0.003692929
 613     604    0.001247984
 613     610    0.000682996
 613     611    0.000722033
 613     612    0.000000976
 613     613    2.018500000
