5620    5620     2.236900002
5620    5621    -0.003388409
5620     602    -0.002957675
5620     603     0.006578151
5620     604    -0.000871955
5620     610     0.004750743
5620     611    -0.001662290
5620     612     0.005163197
5620     613     0.008862245
5621    5620    -0.003388409
5621    5621     2.219199995
5621     602    -0.001784486
5621     603     0.027883459
5621     604    -0.036337881
5621     610     0.002522565
5621     611     0.000535566
5621     612     0.006374352
5621     613    -0.006909709
 602    5620    -0.002957675
 602    5621    -0.001784486
 602     602     2.083000000
 602     603    -0.003437761
 602     604    -0.001466549
 602     610    -0.002535026
 602     611     0.000661082
 602     612    -0.002494561
 602     613     0.000353985
 603    5620     0.006578151
 603    5621     0.027883459
 603     602    -0.003437761
 603     603     2.048300000
 603     604     0.000440822
 603     610    -0.002050618
 603     611    -0.000284825
 603     612     0.000035912
 603     613     0.003776515
 604    5620    -0.000871955
 604    5621    -0.036337881
 604     602    -0.001466549
 604     603     0.000440822
 604     604     2.054300000
 604     610     0.001652582
 604     611     0.000398034
 604     612     0.000659609
 604     613    -0.000845414
 610    5620     0.004750743
 610    5621     0.002522565
 610     602    -0.002535026
 610     603    -0.002050618
 610     604     0.001652582
 610     610     2.011200000
 610     611    -0.006318830
 610     612     0.009080568
 610     613    -0.000574536
 611    5620    -0.001662290
 611    5621     0.000535566
 611     602     0.000661082
 611     603    -0.000284825
 611     604     0.000398034
 611     610    -0.006318830
 611     611     2.070600000
 611     612     0.018464687
 611     613    -0.000576059
 612    5620     0.005163197
 612    5621     0.006374352
 612     602    -0.002494561
 612     603     0.000035912
 612     604     0.000659609
 612     610     0.009080568
 612     611     0.018464687
 612     612     2.047200000
 612     613     0.000191004
 613    5620     0.008862245
 613    5621    -0.006909709
 613     602     0.000353985
 613     603     0.003776515
 613     604    -0.000845414
 613     610    -0.000574536
 613     611    -0.000576059
 613     612     0.000191004
 613     613     1.939300000
