5620    5620     2.538600002
5620    5621     0.004488503
5620     602    -0.001335027
5620     603     0.005028949
5620     604    -0.000470024
5620     610    -0.001087730
5620     611     0.001662510
5620     612     0.001099806
5620     613    -0.005426427
5621    5620     0.004488503
5621    5621     2.264899995
5621     602    -0.001740610
5621     603    -0.024610304
5621     604     0.033682960
5621     610    -0.001943577
5621     611    -0.000155181
5621     612    -0.006274232
5621     613    -0.009284860
 602    5620    -0.001335027
 602    5621    -0.001740610
 602     602     2.087100000
 602     603     0.007149416
 602     604    -0.001419737
 602     610    -0.001715506
 602     611     0.000204706
 602     612     0.002273377
 602     613    -0.000522349
 603    5620     0.005028949
 603    5621    -0.024610304
 603     602     0.007149416
 603     603     2.085200000
 603     604    -0.000611082
 603     610    -0.001706388
 603     611     0.000334293
 603     612     0.000117579
 603     613    -0.003770275
 604    5620    -0.000470024
 604    5621     0.033682960
 604     602    -0.001419737
 604     603    -0.000611082
 604     604     2.076800000
 604     610    -0.000760073
 604     611    -0.000594924
 604     612     0.000000903
 604     613    -0.001123753
 610    5620    -0.001087730
 610    5621    -0.001943577
 610     602    -0.001715506
 610     603    -0.001706388
 610     604    -0.000760073
 610     610     2.117900000
 610     611     0.006670306
 610     612     0.003251274
 610     613    -0.000458545
 611    5620     0.001662510
 611    5621    -0.000155181
 611     602     0.000204706
 611     603     0.000334293
 611     604    -0.000594924
 611     610     0.006670306
 611     611     2.054200000
 611     612    -0.018254153
 611     613     0.000800919
 612    5620     0.001099806
 612    5621    -0.006274232
 612     602     0.002273377
 612     603     0.000117579
 612     604     0.000000903
 612     610     0.003251274
 612     611    -0.018254153
 612     612     2.082900000
 612     613    -0.000338469
 613    5620    -0.005426427
 613    5621    -0.009284860
 613     602    -0.000522349
 613     603    -0.003770275
 613     604    -0.001123753
 613     610    -0.000458545
 613     611     0.000800919
 613     612    -0.000338469
 613     613     2.040700000
