5620    5620    2.339500002
5620    5621    0.004890647
5620     602    0.003121182
5620     603    0.006553692
5620     604    0.000104206
5620     610    0.000411954
5620     611    0.001695789
5620     612    0.001061593
5620     613    0.006891522
5621    5620    0.004890647
5621    5621    2.357799995
5621     602    0.005932120
5621     603    0.025875751
5621     604    0.030134197
5621     610    0.002323900
5621     611    0.000067246
5621     612    0.007746032
5621     613    0.006372416
 602    5620    0.003121182
 602    5621    0.005932120
 602     602    1.982700000
 602     603    0.006506164
 602     604    0.001601805
 602     610    0.002551729
 602     611    0.000954497
 602     612    0.002945482
 602     613    0.000094526
 603    5620    0.006553692
 603    5621    0.025875751
 603     602    0.006506164
 603     603    2.034700000
 603     604    0.000140334
 603     610    0.002392869
 603     611    0.000441529
 603     612    0.000088333
 603     613    0.003790643
 604    5620    0.000104206
 604    5621    0.030134197
 604     602    0.001601805
 604     603    0.000140334
 604     604    2.047100000
 604     610    0.001440384
 604     611    0.000649779
 604     612    0.000304586
 604     613    0.001046739
 610    5620    0.000411954
 610    5621    0.002323900
 610     602    0.002551729
 610     603    0.002392869
 610     604    0.001440384
 610     610    2.086200000
 610     611    0.005454717
 610     612    0.007988900
 610     613    0.000495760
 611    5620    0.001695789
 611    5621    0.000067246
 611     602    0.000954497
 611     603    0.000441529
 611     604    0.000649779
 611     610    0.005454717
 611     611    1.990600000
 611     612    0.015747416
 611     613    0.000727315
 612    5620    0.001061593
 612    5621    0.007746032
 612     602    0.002945482
 612     603    0.000088333
 612     604    0.000304586
 612     610    0.007988900
 612     611    0.015747416
 612     612    2.045600000
 612     613    0.000075606
 613    5620    0.006891522
 613    5621    0.006372416
 613     602    0.000094526
 613     603    0.003790643
 613     604    0.001046739
 613     610    0.000495760
 613     611    0.000727315
 613     612    0.000075606
 613     613    1.908300000
