5620    5620    2.180800002
5620    5621    0.007149076
5620     602    0.000623514
5620     603    0.006539092
5620     604    0.003464534
5620     610    0.002589875
5620     611    0.002652854
5620     612    0.020849303
5620     613    0.006998941
5621    5620    0.007149076
5621    5621    2.405699995
5621     602    0.001107863
5621     603    0.010196813
5621     604    0.028454018
5621     610    0.003121451
5621     611    0.000607998
5621     612    0.007714846
5621     613    0.008080554
 602    5620    0.000623514
 602    5621    0.001107863
 602     602    2.065300000
 602     603    0.006898259
 602     604    0.001714133
 602     610    0.002086533
 602     611    0.000183850
 602     612    0.002920776
 602     613    0.001331760
 603    5620    0.006539092
 603    5621    0.010196813
 603     602    0.006898259
 603     603    2.052500000
 603     604    0.000435613
 603     610    0.002168261
 603     611    0.000479878
 603     612    0.000289767
 603     613    0.004479195
 604    5620    0.003464534
 604    5621    0.028454018
 604     602    0.001714133
 604     603    0.000435613
 604     604    2.049500000
 604     610    0.001290459
 604     611    0.000681381
 604     612    0.000585665
 604     613    0.001265010
 610    5620    0.002589875
 610    5621    0.003121451
 610     602    0.002086533
 610     603    0.002168261
 610     604    0.001290459
 610     610    2.058000000
 610     611    0.006728955
 610     612    0.006205254
 610     613    0.000459431
 611    5620    0.002652854
 611    5621    0.000607998
 611     602    0.000183850
 611     603    0.000479878
 611     604    0.000681381
 611     610    0.006728955
 611     611    2.116500000
 611     612    0.020333118
 611     613    0.000713301
 612    5620    0.020849303
 612    5621    0.007714846
 612     602    0.002920776
 612     603    0.000289767
 612     604    0.000585665
 612     610    0.006205254
 612     611    0.020333118
 612     612    2.015200000
 612     613    0.000073289
 613    5620    0.006998941
 613    5621    0.008080554
 613     602    0.001331760
 613     603    0.004479195
 613     604    0.001265010
 613     610    0.000459431
 613     611    0.000713301
 613     612    0.000073289
 613     613    2.045200000
