5620    5620     2.233600002
5620    5621    -0.003305853
5620     602     0.001608386
5620     603    -0.005756378
5620     604     0.003244422
5620     610    -0.004201806
5620     611    -0.004160914
5620     612    -0.014076573
5620     613    -0.005246027
5621    5620    -0.003305853
5621    5621     2.289199995
5621     602    -0.000373575
5621     603     0.017693860
5621     604    -0.027484503
5621     610    -0.002340808
5621     611    -0.000711300
5621     612     0.006753325
5621     613     0.007406700
 602    5620     0.001608386
 602    5621    -0.000373575
 602     602     2.032600000
 602     603    -0.004313025
 602     604     0.001404530
 602     610    -0.001996875
 602     611    -0.000047521
 602     612     0.002364641
 602     613     0.000445295
 603    5620    -0.005756378
 603    5621     0.017693860
 603     602    -0.004313025
 603     603     2.143500000
 603     604    -0.000073410
 603     610    -0.001805232
 603     611    -0.000250532
 603     612     0.000083155
 603     613    -0.003737528
 604    5620     0.003244422
 604    5621    -0.027484503
 604     602     0.001404530
 604     603    -0.000073410
 604     604     2.126400000
 604     610     0.001099431
 604     611     0.000727454
 604     612     0.000394478
 604     613     0.001156561
 610    5620    -0.004201806
 610    5621    -0.002340808
 610     602    -0.001996875
 610     603    -0.001805232
 610     604     0.001099431
 610     610     2.057200000
 610     611    -0.006288587
 610     612     0.005188895
 610     613     0.000358987
 611    5620    -0.004160914
 611    5621    -0.000711300
 611     602    -0.000047521
 611     603    -0.000250532
 611     604     0.000727454
 611     610    -0.006288587
 611     611     2.134700000
 611     612    -0.017037295
 611     613    -0.000564611
 612    5620    -0.014076573
 612    5621     0.006753325
 612     602     0.002364641
 612     603     0.000083155
 612     604     0.000394478
 612     610     0.005188895
 612     611    -0.017037295
 612     612     2.086700000
 612     613     0.000012037
 613    5620    -0.005246027
 613    5621     0.007406700
 613     602     0.000445295
 613     603    -0.003737528
 613     604     0.001156561
 613     610     0.000358987
 613     611    -0.000564611
 613     612     0.000012037
 613     613     2.045500000
