5620    5620    2.047100002
5620    5621    0.004184534
5620     602    0.001603334
5620     603    0.005439542
5620     604    0.003170941
5620     610    0.006171488
5620     611    0.002713878
5620     612    0.018402910
5620     613    0.005915782
5621    5620    0.004184534
5621    5621    2.292999995
5621     602    0.002308666
5621     603    0.019372189
5621     604    0.035989860
5621     610    0.002728981
5621     611    0.000248864
5621     612    0.006391715
5621     613    0.007336379
 602    5620    0.001603334
 602    5621    0.002308666
 602     602    2.106800000
 602     603    0.006727983
 602     604    0.001822812
 602     610    0.002270238
 602     611    0.000259211
 602     612    0.002381816
 602     613    0.000486492
 603    5620    0.005439542
 603    5621    0.019372189
 603     602    0.006727983
 603     603    2.069400000
 603     604    0.000214169
 603     610    0.002030567
 603     611    0.000482155
 603     612    0.000113174
 603     613    0.003613378
 604    5620    0.003170941
 604    5621    0.035989860
 604     602    0.001822812
 604     603    0.000214169
 604     604    2.045200000
 604     610    0.001542621
 604     611    0.000809434
 604     612    0.000445000
 604     613    0.001525293
 610    5620    0.006171488
 610    5621    0.002728981
 610     602    0.002270238
 610     603    0.002030567
 610     604    0.001542621
 610     610    2.090700000
 610     611    0.006054798
 610     612    0.006275503
 610     613    0.000460803
 611    5620    0.002713878
 611    5621    0.000248864
 611     602    0.000259211
 611     603    0.000482155
 611     604    0.000809434
 611     610    0.006054798
 611     611    2.071100000
 611     612    0.014317258
 611     613    0.000875048
 612    5620    0.018402910
 612    5621    0.006391715
 612     602    0.002381816
 612     603    0.000113174
 612     604    0.000445000
 612     610    0.006275503
 612     611    0.014317258
 612     612    2.121100000
 612     613    0.000252356
 613    5620    0.005915782
 613    5621    0.007336379
 613     602    0.000486492
 613     603    0.003613378
 613     604    0.001525293
 613     610    0.000460803
 613     611    0.000875048
 613     612    0.000252356
 613     613    2.019600000
