5620    5620     2.146400002
5620    5621    -0.005059244
5620     602    -0.001465298
5620     603     0.006402816
5620     604     0.000604291
5620     610    -0.008302057
5620     611    -0.003150888
5620     612    -0.012178429
5620     613    -0.005862962
5621    5620    -0.005059244
5621    5621     2.167999995
5621     602     0.003468240
5621     603    -0.030747543
5621     604    -0.040646300
5621     610    -0.000257162
5621     611     0.000247888
5621     612    -0.006760846
5621     613     0.008322490
 602    5620    -0.001465298
 602    5621     0.003468240
 602     602     2.144800000
 602     603     0.004941102
 602     604    -0.001657231
 602     610     0.001028620
 602     611     0.000013628
 602     612    -0.002517830
 602     613    -0.000734308
 603    5620     0.006402816
 603    5621    -0.030747543
 603     602     0.004941102
 603     603     2.087500000
 603     604    -0.000318688
 603     610     0.001922254
 603     611    -0.000529131
 603     612    -0.000124844
 603     613     0.004310332
 604    5620     0.000604291
 604    5621    -0.040646300
 604     602    -0.001657231
 604     603    -0.000318688
 604     604     1.991600000
 604     610    -0.000335829
 604     611     0.000576902
 604     612    -0.000690841
 604     613     0.001207214
 610    5620    -0.008302057
 610    5621    -0.000257162
 610     602     0.001028620
 610     603     0.001922254
 610     604    -0.000335829
 610     610     2.044500000
 610     611     0.006405576
 610     612    -0.008018647
 610     613    -0.000554479
 611    5620    -0.003150888
 611    5621     0.000247888
 611     602     0.000013628
 611     603    -0.000529131
 611     604     0.000576902
 611     610     0.006405576
 611     611     1.984300000
 611     612    -0.016210429
 611     613    -0.000836292
 612    5620    -0.012178429
 612    5621    -0.006760846
 612     602    -0.002517830
 612     603    -0.000124844
 612     604    -0.000690841
 612     610    -0.008018647
 612     611    -0.016210429
 612     612     2.071600000
 612     613    -0.000222504
 613    5620    -0.005862962
 613    5621     0.008322490
 613     602    -0.000734308
 613     603     0.004310332
 613     604     0.001207214
 613     610    -0.000554479
 613     611    -0.000836292
 613     612    -0.000222504
 613     613     2.013500000
