5620    5620     2.250000002
5620    5621     0.005198047
5620     602    -0.001715822
5620     603    -0.005743563
5620     604     0.000020637
5620     610    -0.003558548
5620     611    -0.001667500
5620     612     0.010615169
5620     613     0.008557179
5621    5620     0.005198047
5621    5621     2.543199995
5621     602     0.002600256
5621     603    -0.012417639
5621     604     0.026959560
5621     610    -0.001306988
5621     611    -0.000374721
5621     612     0.006384791
5621     613    -0.005730701
 602    5620    -0.001715822
 602    5621     0.002600256
 602     602     2.122700000
 602     603     0.003846936
 602     604    -0.001032450
 602     610    -0.001812927
 602     611     0.000882300
 602     612     0.002083824
 602     613     0.000043807
 603    5620    -0.005743563
 603    5621    -0.012417639
 603     602     0.003846936
 603     603     2.104600000
 603     604    -0.000101410
 603     610    -0.002015955
 603     611    -0.000330549
 603     612    -0.000097526
 603     613    -0.003602753
 604    5620     0.000020637
 604    5621     0.026959560
 604     602    -0.001032450
 604     603    -0.000101410
 604     604     2.031600000
 604     610    -0.001180566
 604     611     0.000516026
 604     612    -0.000402446
 604     613    -0.000981452
 610    5620    -0.003558548
 610    5621    -0.001306988
 610     602    -0.001812927
 610     603    -0.002015955
 610     604    -0.001180566
 610     610     2.024700000
 610     611     0.006355634
 610     612     0.006324458
 610     613     0.000547409
 611    5620    -0.001667500
 611    5621    -0.000374721
 611     602     0.000882300
 611     603    -0.000330549
 611     604     0.000516026
 611     610     0.006355634
 611     611     2.052200000
 611     612     0.020163935
 611     613    -0.000869847
 612    5620     0.010615169
 612    5621     0.006384791
 612     602     0.002083824
 612     603    -0.000097526
 612     604    -0.000402446
 612     610     0.006324458
 612     611     0.020163935
 612     612     1.982400000
 612     613     0.000271572
 613    5620     0.008557179
 613    5621    -0.005730701
 613     602     0.000043807
 613     603    -0.003602753
 613     604    -0.000981452
 613     610     0.000547409
 613     611    -0.000869847
 613     612     0.000271572
 613     613     1.978000000
