5620    5620     2.398500002
5620    5621     0.003098546
5620     602    -0.000995170
5620     603    -0.005350017
5620     604     0.000733623
5620     610    -0.005711457
5620     611     0.002017606
5620     612    -0.004020809
5620     613    -0.007015474
5621    5620     0.003098546
5621    5621     2.378599995
5621     602    -0.002973457
5621     603     0.008121480
5621     604     0.025932620
5621     610     0.001518962
5621     611    -0.000265571
5621     612     0.007181377
5621     613    -0.007898641
 602    5620    -0.000995170
 602    5621    -0.002973457
 602     602     2.137400000
 602     603    -0.002784463
 602     604     0.001286418
 602     610     0.001467212
 602     611     0.000080916
 602     612    -0.002438588
 602     613     0.000877404
 603    5620    -0.005350017
 603    5621     0.008121480
 603     602    -0.002784463
 603     603     2.119000000
 603     604     0.000624098
 603     610     0.001678426
 603     611     0.000386733
 603     612    -0.000513135
 603     613     0.004432163
 604    5620     0.000733623
 604    5621     0.025932620
 604     602     0.001286418
 604     603     0.000624098
 604     604     2.075400000
 604     610    -0.000907603
 604     611    -0.000544914
 604     612    -0.000045154
 604     613     0.001203789
 610    5620    -0.005711457
 610    5621     0.001518962
 610     602     0.001467212
 610     603     0.001678426
 610     604    -0.000907603
 610     610     2.073200000
 610     611     0.005733349
 610     612    -0.002932004
 610     613     0.000469282
 611    5620     0.002017606
 611    5621    -0.000265571
 611     602     0.000080916
 611     603     0.000386733
 611     604    -0.000544914
 611     610     0.005733349
 611     611     2.080400000
 611     612    -0.019116033
 611     613     0.000892723
 612    5620    -0.004020809
 612    5621     0.007181377
 612     602    -0.002438588
 612     603    -0.000513135
 612     604    -0.000045154
 612     610    -0.002932004
 612     611    -0.019116033
 612     612     2.004700000
 612     613     0.000400536
 613    5620    -0.007015474
 613    5621    -0.007898641
 613     602     0.000877404
 613     603     0.004432163
 613     604     0.001203789
 613     610     0.000469282
 613     611     0.000892723
 613     612     0.000400536
 613     613     1.928600000
