5620    5620    2.313200002
5620    5621    0.005611636
5620     602    0.000762198
5620     603    0.006296419
5620     604    0.000939995
5620     610    0.002879042
5620     611    0.001537954
5620     612    0.014183028
5620     613    0.004261407
5621    5620    0.005611636
5621    5621    2.166499995
5621     602    0.004265865
5621     603    0.022644721
5621     604    0.033350369
5621     610    0.002025011
5621     611    0.000352638
5621     612    0.007993020
5621     613    0.007285616
 602    5620    0.000762198
 602    5621    0.004265865
 602     602    2.059500000
 602     603    0.012481720
 602     604    0.001793470
 602     610    0.001922726
 602     611    0.000017983
 602     612    0.002821278
 602     613    0.000891502
 603    5620    0.006296419
 603    5621    0.022644721
 603     602    0.012481720
 603     603    1.975400000
 603     604    0.000955299
 603     610    0.002160582
 603     611    0.000476263
 603     612    0.000293719
 603     613    0.003989464
 604    5620    0.000939995
 604    5621    0.033350369
 604     602    0.001793470
 604     603    0.000955299
 604     604    1.987500000
 604     610    0.001438740
 604     611    0.000391550
 604     612    0.000967165
 604     613    0.000844808
 610    5620    0.002879042
 610    5621    0.002025011
 610     602    0.001922726
 610     603    0.002160582
 610     604    0.001438740
 610     610    2.005100000
 610     611    0.005981769
 610     612    0.006736715
 610     613    0.000329365
 611    5620    0.001537954
 611    5621    0.000352638
 611     602    0.000017983
 611     603    0.000476263
 611     604    0.000391550
 611     610    0.005981769
 611     611    2.020500000
 611     612    0.018457535
 611     613    0.000668201
 612    5620    0.014183028
 612    5621    0.007993020
 612     602    0.002821278
 612     603    0.000293719
 612     604    0.000967165
 612     610    0.006736715
 612     611    0.018457535
 612     612    2.059300000
 612     613    0.000164646
 613    5620    0.004261407
 613    5621    0.007285616
 613     602    0.000891502
 613     603    0.003989464
 613     604    0.000844808
 613     610    0.000329365
 613     611    0.000668201
 613     612    0.000164646
 613     613    2.047900000
