5620    5620     2.410900002
5620    5621     0.006284357
5620     602     0.000002804
5620     603     0.005748030
5620     604    -0.000405064
5620     610    -0.008363762
5620     611    -0.002972713
5620     612     0.010124805
5620     613    -0.004431002
5621    5620     0.006284357
5621    5621     2.488399995
5621     602     0.004478659
5621     603     0.027459470
5621     604    -0.034231905
5621     610    -0.000015227
5621     611     0.000010854
5621     612     0.006118346
5621     613    -0.009204297
 602    5620     0.000002804
 602    5621     0.004478659
 602     602     2.095700000
 602     603     0.008692328
 602     604     0.001711851
 602     610     0.000704755
 602     611     0.000016521
 602     612     0.002258711
 602     613    -0.001389136
 603    5620     0.005748030
 603    5621     0.027459470
 603     602     0.008692328
 603     603     2.048100000
 603     604    -0.000846528
 603     610    -0.001711000
 603     611     0.000362539
 603     612     0.000130384
 603     613     0.004425899
 604    5620    -0.000405064
 604    5621    -0.034231905
 604     602     0.001711851
 604     603    -0.000846528
 604     604     2.063200000
 604     610    -0.000353107
 604     611    -0.000497187
 604     612    -0.000590596
 604     613    -0.001298388
 610    5620    -0.008363762
 610    5621    -0.000015227
 610     602     0.000704755
 610     603    -0.001711000
 610     604    -0.000353107
 610     610     2.138700000
 610     611    -0.005381585
 610     612     0.004526969
 610     613    -0.000478570
 611    5620    -0.002972713
 611    5621     0.000010854
 611     602     0.000016521
 611     603     0.000362539
 611     604    -0.000497187
 611     610    -0.005381585
 611     611     2.042100000
 611     612    -0.015918033
 611     613    -0.000669585
 612    5620     0.010124805
 612    5621     0.006118346
 612     602     0.002258711
 612     603     0.000130384
 612     604    -0.000590596
 612     610     0.004526969
 612     611    -0.015918033
 612     612     2.084400000
 612     613     0.000207219
 613    5620    -0.004431002
 613    5621    -0.009204297
 613     602    -0.001389136
 613     603     0.004425899
 613     604    -0.001298388
 613     610    -0.000478570
 613     611    -0.000669585
 613     612     0.000207219
 613     613     1.989700000
