5620    5620    2.537300002
5620    5621    0.007065535
5620     602    0.001055156
5620     603    0.006041976
5620     604    0.002058755
5620     610    0.008365737
5620     611    0.002045963
5620     612    0.005875915
5620     613    0.005488770
5621    5620    0.007065535
5621    5621    2.376399995
5621     602    0.002174414
5621     603    0.025622695
5621     604    0.032680705
5621     610    0.001252317
5621     611    0.000405367
5621     612    0.006872115
5621     613    0.007214092
 602    5620    0.001055156
 602    5621    0.002174414
 602     602    2.083100000
 602     603    0.005342543
 602     604    0.001271528
 602     610    0.000889341
 602     611    0.000113630
 602     612    0.002194270
 602     613    0.000644110
 603    5620    0.006041976
 603    5621    0.025622695
 603     602    0.005342543
 603     603    2.050300000
 603     604    0.000478976
 603     610    0.001702071
 603     611    0.000307511
 603     612    0.000391005
 603     613    0.003839787
 604    5620    0.002058755
 604    5621    0.032680705
 604     602    0.001271528
 604     603    0.000478976
 604     604    2.085500000
 604     610    0.000549260
 604     611    0.000706196
 604     612    0.000555201
 604     613    0.001220398
 610    5620    0.008365737
 610    5621    0.001252317
 610     602    0.000889341
 610     603    0.001702071
 610     604    0.000549260
 610     610    2.056900000
 610     611    0.005023132
 610     612    0.004824343
 610     613    0.000515689
 611    5620    0.002045963
 611    5621    0.000405367
 611     602    0.000113630
 611     603    0.000307511
 611     604    0.000706196
 611     610    0.005023132
 611     611    2.065000000
 611     612    0.018125089
 611     613    0.000600259
 612    5620    0.005875915
 612    5621    0.006872115
 612     602    0.002194270
 612     603    0.000391005
 612     604    0.000555201
 612     610    0.004824343
 612     611    0.018125089
 612     612    2.106500000
 612     613    0.000398893
 613    5620    0.005488770
 613    5621    0.007214092
 613     602    0.000644110
 613     603    0.003839787
 613     604    0.001220398
 613     610    0.000515689
 613     611    0.000600259
 613     612    0.000398893
 613     613    2.028800000
