5620    5620     2.227900002
5620    5621    -0.008062185
5620     602     0.000500170
5620     603     0.005484578
5620     604    -0.002560176
5620     610     0.006762990
5620     611    -0.003070903
5620     612    -0.012079768
5620     613    -0.005730068
5621    5620    -0.008062185
5621    5621     2.453099995
5621     602     0.002334618
5621     603    -0.016270469
5621     604    -0.030277032
5621     610     0.003080449
5621     611    -0.000407668
5621     612     0.006861416
5621     613    -0.008710196
 602    5620     0.000500170
 602    5621     0.002334618
 602     602     2.072300000
 602     603    -0.004255617
 602     604     0.001305014
 602     610     0.002040309
 602     611    -0.000122532
 602     612     0.002443558
 602     613     0.001029372
 603    5620     0.005484578
 603    5621    -0.016270469
 603     602    -0.004255617
 603     603     2.168200000
 603     604     0.000152645
 603     610    -0.001982380
 603     611     0.000321826
 603     612    -0.000301867
 603     613     0.003660691
 604    5620    -0.002560176
 604    5621    -0.030277032
 604     602     0.001305014
 604     603     0.000152645
 604     604     2.025000000
 604     610     0.001480598
 604     611    -0.000660741
 604     612     0.000278548
 604     613    -0.001219227
 610    5620     0.006762990
 610    5621     0.003080449
 610     602     0.002040309
 610     603    -0.001982380
 610     604     0.001480598
 610     610     1.987500000
 610     611     0.007802390
 610     612    -0.004618361
 610     613    -0.000442360
 611    5620    -0.003070903
 611    5621    -0.000407668
 611     602    -0.000122532
 611     603     0.000321826
 611     604    -0.000660741
 611     610     0.007802390
 611     611     2.059900000
 611     612    -0.018286070
 611     613    -0.000707771
 612    5620    -0.012079768
 612    5621     0.006861416
 612     602     0.002443558
 612     603    -0.000301867
 612     604     0.000278548
 612     610    -0.004618361
 612     611    -0.018286070
 612     612     2.019500000
 612     613     0.000145925
 613    5620    -0.005730068
 613    5621    -0.008710196
 613     602     0.001029372
 613     603     0.003660691
 613     604    -0.001219227
 613     610    -0.000442360
 613     611    -0.000707771
 613     612     0.000145925
 613     613     2.046800000
