5620    5620     2.338700002
5620    5621     0.006866901
5620     602     0.003272314
5620     603    -0.006557805
5620     604    -0.001319739
5620     610    -0.003388000
5620     611     0.001497807
5620     612    -0.017679447
5620     613     0.004115698
5621    5620     0.006866901
5621    5621     2.355399995
5621     602    -0.005599400
5621     603     0.027595060
5621     604    -0.030445175
5621     610     0.002468899
5621     611    -0.000365877
5621     612    -0.007163267
5621     613    -0.009133011
 602    5620     0.003272314
 602    5621    -0.005599400
 602     602     1.973200000
 602     603    -0.008247836
 602     604    -0.001687550
 602     610    -0.002922244
 602     611    -0.001433942
 602     612     0.002887385
 602     613    -0.000067387
 603    5620    -0.006557805
 603    5621     0.027595060
 603     602    -0.008247836
 603     603     2.017900000
 603     604    -0.001104085
 603     610     0.002316773
 603     611     0.000499349
 603     612    -0.000129944
 603     613    -0.004755078
 604    5620    -0.001319739
 604    5621    -0.030445175
 604     602    -0.001687550
 604     603    -0.001104085
 604     604     2.042800000
 604     610     0.001941057
 604     611     0.000612525
 604     612    -0.000435930
 604     613    -0.001158842
 610    5620    -0.003388000
 610    5621     0.002468899
 610     602    -0.002922244
 610     603     0.002316773
 610     604     0.001941057
 610     610     2.064600000
 610     611     0.006227050
 610     612     0.005449002
 610     613     0.000249701
 611    5620     0.001497807
 611    5621    -0.000365877
 611     602    -0.001433942
 611     603     0.000499349
 611     604     0.000612525
 611     610     0.006227050
 611     611     2.053000000
 611     612    -0.018616683
 611     613    -0.000770093
 612    5620    -0.017679447
 612    5621    -0.007163267
 612     602     0.002887385
 612     603    -0.000129944
 612     604    -0.000435930
 612     610     0.005449002
 612     611    -0.018616683
 612     612     2.016400000
 612     613    -0.000082887
 613    5620     0.004115698
 613    5621    -0.009133011
 613     602    -0.000067387
 613     603    -0.004755078
 613     604    -0.001158842
 613     610     0.000249701
 613     611    -0.000770093
 613     612    -0.000082887
 613     613     1.953200000
