5620    5620     2.386900002
5620    5621    -0.003793002
5620     602     0.001749164
5620     603    -0.006206509
5620     604     0.000405324
5620     610     0.006336264
5620     611     0.001571783
5620     612     0.008145525
5620     613     0.005783884
5621    5620    -0.003793002
5621    5621     2.317599995
5621     602    -0.000691925
5621     603     0.024250635
5621     604     0.029693556
5621     610     0.000817298
5621     611     0.000606175
5621     612     0.006157631
5621     613     0.006650515
 602    5620     0.001749164
 602    5621    -0.000691925
 602     602     2.026800000
 602     603     0.009660191
 602     604    -0.001632118
 602     610    -0.001528492
 602     611    -0.000056355
 602     612     0.002466121
 602     613    -0.000796593
 603    5620    -0.006206509
 603    5621     0.024250635
 603     602     0.009660191
 603     603     2.011000000
 603     604     0.001004904
 603     610    -0.002371426
 603     611    -0.000420426
 603     612    -0.000096141
 603     613    -0.004709091
 604    5620     0.000405324
 604    5621     0.029693556
 604     602    -0.001632118
 604     603     0.001004904
 604     604     2.011900000
 604     610    -0.000245116
 604     611    -0.000411874
 604     612     0.000319846
 604     613    -0.001135614
 610    5620     0.006336264
 610    5621     0.000817298
 610     602    -0.001528492
 610     603    -0.002371426
 610     604    -0.000245116
 610     610     2.062900000
 610     611     0.006275208
 610     612     0.009514894
 610     613    -0.000667582
 611    5620     0.001571783
 611    5621     0.000606175
 611     602    -0.000056355
 611     603    -0.000420426
 611     604    -0.000411874
 611     610     0.006275208
 611     611     2.070600000
 611     612     0.014080959
 611     613     0.000684701
 612    5620     0.008145525
 612    5621     0.006157631
 612     602     0.002466121
 612     603    -0.000096141
 612     604     0.000319846
 612     610     0.009514894
 612     611     0.014080959
 612     612     2.047000000
 612     613    -0.000146698
 613    5620     0.005783884
 613    5621     0.006650515
 613     602    -0.000796593
 613     603    -0.004709091
 613     604    -0.001135614
 613     610    -0.000667582
 613     611     0.000684701
 613     612    -0.000146698
 613     613     1.995100000
