5620    5620    2.567600002
5620    5621    0.003996174
5620     602    0.001178194
5620     603    0.005872602
5620     604    0.001549900
5620     610    0.003823888
5620     611    0.001132201
5620     612    0.001349287
5620     613    0.008202745
5621    5620    0.003996174
5621    5621    2.254999995
5621     602    0.002254232
5621     603    0.027359846
5621     604    0.034125231
5621     610    0.001525818
5621     611    0.000216929
5621     612    0.007347389
5621     613    0.007287652
 602    5620    0.001178194
 602    5621    0.002254232
 602     602    2.099300000
 602     603    0.006044413
 602     604    0.001372473
 602     610    0.001950784
 602     611    0.000272929
 602     612    0.002275951
 602     613    0.000358588
 603    5620    0.005872602
 603    5621    0.027359846
 603     602    0.006044413
 603     603    1.947100000
 603     604    0.000839847
 603     610    0.002565676
 603     611    0.000597973
 603     612    0.000192514
 603     613    0.003745119
 604    5620    0.001549900
 604    5621    0.034125231
 604     602    0.001372473
 604     603    0.000839847
 604     604    2.082800000
 604     610    0.001201422
 604     611    0.000688513
 604     612    0.000074094
 604     613    0.001119021
 610    5620    0.003823888
 610    5621    0.001525818
 610     602    0.001950784
 610     603    0.002565676
 610     604    0.001201422
 610     610    2.037700000
 610     611    0.007512020
 610     612    0.006489986
 610     613    0.000786940
 611    5620    0.001132201
 611    5621    0.000216929
 611     602    0.000272929
 611     603    0.000597973
 611     604    0.000688513
 611     610    0.007512020
 611     611    1.990800000
 611     612    0.017063091
 611     613    0.001230993
 612    5620    0.001349287
 612    5621    0.007347389
 612     602    0.002275951
 612     603    0.000192514
 612     604    0.000074094
 612     610    0.006489986
 612     611    0.017063091
 612     612    1.987100000
 612     613    0.000527739
 613    5620    0.008202745
 613    5621    0.007287652
 613     602    0.000358588
 613     603    0.003745119
 613     604    0.001119021
 613     610    0.000786940
 613     611    0.001230993
 613     612    0.000527739
 613     613    2.017500000
