5620    5620     2.210100002
5620    5621    -0.006994158
5620     602     0.001076144
5620     603    -0.006666214
5620     604    -0.000438614
5620     610    -0.003211231
5620     611    -0.002521306
5620     612     0.002493022
5620     613    -0.005083824
5621    5620    -0.006994158
5621    5621     2.267699995
5621     602     0.005899093
5621     603    -0.024196189
5621     604    -0.032766415
5621     610     0.000649621
5621     611     0.000031499
5621     612    -0.006922194
5621     613    -0.010839833
 602    5620     0.001076144
 602    5621     0.005899093
 602     602     2.162700000
 602     603    -0.007645335
 602     604    -0.001558325
 602     610    -0.000359866
 602     611     0.000480005
 602     612     0.002361815
 602     613    -0.001939173
 603    5620    -0.006666214
 603    5621    -0.024196189
 603     602    -0.007645335
 603     603     2.041800000
 603     604     0.000364229
 603     610    -0.002058049
 603     611    -0.000282878
 603     612    -0.000260467
 603     613    -0.005132225
 604    5620    -0.000438614
 604    5621    -0.032766415
 604     602    -0.001558325
 604     603     0.000364229
 604     604     2.057800000
 604     610    -0.000465108
 604     611     0.000484249
 604     612    -0.000544993
 604     613    -0.001252589
 610    5620    -0.003211231
 610    5621     0.000649621
 610     602    -0.000359866
 610     603    -0.002058049
 610     604    -0.000465108
 610     610     2.087200000
 610     611    -0.006592290
 610     612    -0.005530382
 610     613    -0.000615712
 611    5620    -0.002521306
 611    5621     0.000031499
 611     602     0.000480005
 611     603    -0.000282878
 611     604     0.000484249
 611     610    -0.006592290
 611     611     2.098400000
 611     612     0.017152649
 611     613    -0.000669732
 612    5620     0.002493022
 612    5621    -0.006922194
 612     602     0.002361815
 612     603    -0.000260467
 612     604    -0.000544993
 612     610    -0.005530382
 612     611     0.017152649
 612     612     2.073300000
 612     613    -0.000185161
 613    5620    -0.005083824
 613    5621    -0.010839833
 613     602    -0.001939173
 613     603    -0.005132225
 613     604    -0.001252589
 613     610    -0.000615712
 613     611    -0.000669732
 613     612    -0.000185161
 613     613     1.977500000
