5620    5620     2.351300002
5620    5621     0.007044874
5620     602    -0.001957262
5620     603     0.005586454
5620     604    -0.000998831
5620     610     0.002297069
5620     611     0.002822687
5620     612     0.015509873
5620     613    -0.006897925
5621    5620     0.007044874
5621    5621     2.344299995
5621     602    -0.002680040
5621     603    -0.027935968
5621     604    -0.032098143
5621     610     0.001678585
5621     611    -0.000989446
5621     612     0.007344511
5621     613    -0.007051420
 602    5620    -0.001957262
 602    5621    -0.002680040
 602     602     2.044900000
 602     603    -0.011365614
 602     604     0.001580955
 602     610     0.002024340
 602     611    -0.000434234
 602     612     0.002627260
 602     613    -0.000045421
 603    5620     0.005586454
 603    5621    -0.027935968
 603     602    -0.011365614
 603     603     2.034700000
 603     604    -0.001480367
 603     610    -0.002097945
 603     611     0.000210044
 603     612    -0.000376802
 603     613    -0.003413478
 604    5620    -0.000998831
 604    5621    -0.032098143
 604     602     0.001580955
 604     603    -0.001480367
 604     604     2.083400000
 604     610    -0.001229732
 604     611     0.000554857
 604     612     0.000384793
 604     613     0.000937276
 610    5620     0.002297069
 610    5621     0.001678585
 610     602     0.002024340
 610     603    -0.002097945
 610     604    -0.001229732
 610     610     2.066500000
 610     611    -0.006420136
 610     612     0.008540557
 610     613     0.000536994
 611    5620     0.002822687
 611    5621    -0.000989446
 611     602    -0.000434234
 611     603     0.000210044
 611     604     0.000554857
 611     610    -0.006420136
 611     611     2.056100000
 611     612     0.017871926
 611     613     0.000733355
 612    5620     0.015509873
 612    5621     0.007344511
 612     602     0.002627260
 612     603    -0.000376802
 612     604     0.000384793
 612     610     0.008540557
 612     611     0.017871926
 612     612     2.013300000
 612     613    -0.000047495
 613    5620    -0.006897925
 613    5621    -0.007051420
 613     602    -0.000045421
 613     603    -0.003413478
 613     604     0.000937276
 613     610     0.000536994
 613     611     0.000733355
 613     612    -0.000047495
 613     613     2.029800000
