5620    5620    2.299300002
5620    5621    0.008101332
5620     602    0.001113373
5620     603    0.006551584
5620     604    0.001255735
5620     610    0.004735192
5620     611    0.001906396
5620     612    0.007176035
5620     613    0.006237050
5621    5620    0.008101332
5621    5621    2.170199995
5621     602    0.003568301
5621     603    0.029311875
5621     604    0.031438061
5621     610    0.002946292
5621     611    0.000009795
5621     612    0.007039963
5621     613    0.009583046
 602    5620    0.001113373
 602    5621    0.003568301
 602     602    2.018600000
 602     603    0.012103687
 602     604    0.001738498
 602     610    0.002094837
 602     611    0.000395985
 602     612    0.002679942
 602     613    0.001100800
 603    5620    0.006551584
 603    5621    0.029311875
 603     602    0.012103687
 603     603    1.959100000
 603     604    0.000879940
 603     610    0.002594234
 603     611    0.000501387
 603     612    0.000135565
 603     613    0.004982116
 604    5620    0.001255735
 604    5621    0.031438061
 604     602    0.001738498
 604     603    0.000879940
 604     604    2.055900000
 604     610    0.001718208
 604     611    0.000599472
 604     612    0.000301849
 604     613    0.001135834
 610    5620    0.004735192
 610    5621    0.002946292
 610     602    0.002094837
 610     603    0.002594234
 610     604    0.001718208
 610     610    1.972400000
 610     611    0.007222465
 610     612    0.006057320
 610     613    0.000554068
 611    5620    0.001906396
 611    5621    0.000009795
 611     602    0.000395985
 611     603    0.000501387
 611     604    0.000599472
 611     610    0.007222465
 611     611    1.999200000
 611     612    0.016512807
 611     613    0.000989548
 612    5620    0.007176035
 612    5621    0.007039963
 612     602    0.002679942
 612     603    0.000135565
 612     604    0.000301849
 612     610    0.006057320
 612     611    0.016512807
 612     612    2.085900000
 612     613    0.000307532
 613    5620    0.006237050
 613    5621    0.009583046
 613     602    0.001100800
 613     603    0.004982116
 613     604    0.001135834
 613     610    0.000554068
 613     611    0.000989548
 613     612    0.000307532
 613     613    2.039000000
