5620    5620     2.344600002
5620    5621     0.004821582
5620     602    -0.000719921
5620     603    -0.006119595
5620     604    -0.001193653
5620     610     0.002238444
5620     611    -0.000847509
5620     612    -0.011023722
5620     613     0.008926183
5621    5620     0.004821582
5621    5621     2.434299995
5621     602    -0.002980372
5621     603    -0.011851042
5621     604     0.034817269
5621     610     0.000474144
5621     611    -0.000315017
5621     612    -0.006032725
5621     613     0.007829194
 602    5620    -0.000719921
 602    5621    -0.002980372
 602     602     2.031400000
 602     603     0.005199654
 602     604    -0.001820422
 602     610    -0.001293423
 602     611     0.000141211
 602     612     0.002272005
 602     613     0.001034971
 603    5620    -0.006119595
 603    5621    -0.011851042
 603     602     0.005199654
 603     603     2.087100000
 603     604     0.000682535
 603     610    -0.002055570
 603     611    -0.000434327
 603     612     0.000085978
 603     613    -0.004114105
 604    5620    -0.001193653
 604    5621     0.034817269
 604     602    -0.001820422
 604     603     0.000682535
 604     604     2.063000000
 604     610    -0.000906597
 604     611    -0.000430195
 604     612    -0.000860808
 604     613     0.001088966
 610    5620     0.002238444
 610    5621     0.000474144
 610     602    -0.001293423
 610     603    -0.002055570
 610     604    -0.000906597
 610     610     1.987000000
 610     611     0.006517946
 610     612    -0.008910791
 610     613    -0.000747020
 611    5620    -0.000847509
 611    5621    -0.000315017
 611     602     0.000141211
 611     603    -0.000434327
 611     604    -0.000430195
 611     610     0.006517946
 611     611     2.017800000
 611     612    -0.012426500
 611     613    -0.000992887
 612    5620    -0.011023722
 612    5621    -0.006032725
 612     602     0.002272005
 612     603     0.000085978
 612     604    -0.000860808
 612     610    -0.008910791
 612     611    -0.012426500
 612     612     2.030800000
 612     613     0.000022006
 613    5620     0.008926183
 613    5621     0.007829194
 613     602     0.001034971
 613     603    -0.004114105
 613     604     0.001088966
 613     610    -0.000747020
 613     611    -0.000992887
 613     612     0.000022006
 613     613     1.924600000
