5620    5620     2.499100002
5620    5621     0.003323837
5620     602     0.000533563
5620     603    -0.005053279
5620     604     0.003300785
5620     610    -0.000583686
5620     611    -0.000745632
5620     612     0.005175617
5620     613     0.006540267
5621    5620     0.003323837
5621    5621     2.489999995
5621     602     0.000925745
5621     603     0.011419626
5621     604     0.023380210
5621     610     0.003294167
5621     611    -0.000268541
5621     612     0.007448703
5621     613     0.005889797
 602    5620     0.000533563
 602    5621     0.000925745
 602     602     2.148800000
 602     603     0.008040347
 602     604    -0.001321527
 602     610    -0.002133808
 602     611    -0.000041037
 602     612    -0.002604104
 602     613     0.000862489
 603    5620    -0.005053279
 603    5621     0.011419626
 603     602     0.008040347
 603     603     2.096600000
 603     604     0.000367761
 603     610     0.002343798
 603     611     0.000527689
 603     612     0.000070074
 603     613    -0.003519417
 604    5620     0.003300785
 604    5621     0.023380210
 604     602    -0.001321527
 604     603     0.000367761
 604     604     2.150300000
 604     610    -0.001983558
 604     611    -0.000829901
 604     612    -0.000861011
 604     613    -0.001216894
 610    5620    -0.000583686
 610    5621     0.003294167
 610     602    -0.002133808
 610     603     0.002343798
 610     604    -0.001983558
 610     610     2.004100000
 610     611    -0.007382470
 610     612     0.006471028
 610     613     0.000450617
 611    5620    -0.000745632
 611    5621    -0.000268541
 611     602    -0.000041037
 611     603     0.000527689
 611     604    -0.000829901
 611     610    -0.007382470
 611     611     2.062100000
 611     612    -0.017213730
 611     613    -0.000945816
 612    5620     0.005175617
 612    5621     0.007448703
 612     602    -0.002604104
 612     603     0.000070074
 612     604    -0.000861011
 612     610     0.006471028
 612     611    -0.017213730
 612     612     2.031400000
 612     613     0.000235151
 613    5620     0.006540267
 613    5621     0.005889797
 613     602     0.000862489
 613     603    -0.003519417
 613     604    -0.001216894
 613     610     0.000450617
 613     611    -0.000945816
 613     612     0.000235151
 613     613     2.067000000
