5620    5620    2.312500002
5620    5621    0.002555003
5620     602    0.000404433
5620     603    0.005425169
5620     604    0.001477787
5620     610    0.001128115
5620     611    0.001827846
5620     612    0.004280247
5620     613    0.004537063
5621    5620    0.002555003
5621    5621    2.331699995
5621     602    0.002361724
5621     603    0.020088664
5621     604    0.021388695
5621     610    0.000349683
5621     611    0.000416442
5621     612    0.006616986
5621     613    0.010715761
 602    5620    0.000404433
 602    5621    0.002361724
 602     602    2.096300000
 602     603    0.009165122
 602     604    0.001270270
 602     610    0.001052391
 602     611    0.000481122
 602     612    0.002472639
 602     613    0.001380702
 603    5620    0.005425169
 603    5621    0.020088664
 603     602    0.009165122
 603     603    2.096400000
 603     604    0.000281981
 603     610    0.001802857
 603     611    0.000599482
 603     612    0.000021627
 603     613    0.004778053
 604    5620    0.001477787
 604    5621    0.021388695
 604     602    0.001270270
 604     603    0.000281981
 604     604    2.121500000
 604     610    0.000003957
 604     611    0.000546879
 604     612    0.000366670
 604     613    0.001109519
 610    5620    0.001128115
 610    5621    0.000349683
 610     602    0.001052391
 610     603    0.001802857
 610     604    0.000003957
 610     610    2.037400000
 610     611    0.006612413
 610     612    0.008459692
 610     613    0.000683839
 611    5620    0.001827846
 611    5621    0.000416442
 611     602    0.000481122
 611     603    0.000599482
 611     604    0.000546879
 611     610    0.006612413
 611     611    1.996800000
 611     612    0.014847736
 611     613    0.001117669
 612    5620    0.004280247
 612    5621    0.006616986
 612     602    0.002472639
 612     603    0.000021627
 612     604    0.000366670
 612     610    0.008459692
 612     611    0.014847736
 612     612    2.063900000
 612     613    0.000054445
 613    5620    0.004537063
 613    5621    0.010715761
 613     602    0.001380702
 613     603    0.004778053
 613     604    0.001109519
 613     610    0.000683839
 613     611    0.001117669
 613     612    0.000054445
 613     613    1.981100000
