5620    5620     2.377500002
5620    5621    -0.005077665
5620     602     0.000664422
5620     603     0.006215574
5620     604     0.000023444
5620     610    -0.000750002
5620     611     0.000819198
5620     612     0.001206078
5620     613    -0.003223881
5621    5620    -0.005077665
5621    5621     2.257999995
5621     602     0.001929929
5621     603     0.024601398
5621     604     0.032377223
5621     610     0.001582304
5621     611     0.000372421
5621     612     0.005435659
5621     613     0.008934059
 602    5620     0.000664422
 602    5621     0.001929929
 602     602     2.091900000
 602     603    -0.008577325
 602     604     0.001461825
 602     610    -0.001477216
 602     611     0.000181447
 602     612    -0.001941456
 602     613     0.001140581
 603    5620     0.006215574
 603    5621     0.024601398
 603     602    -0.008577325
 603     603     2.058000000
 603     604     0.000711868
 603     610    -0.002223595
 603     611     0.000394668
 603     612    -0.000345745
 603     613    -0.004517457
 604    5620     0.000023444
 604    5621     0.032377223
 604     602     0.001461825
 604     603     0.000711868
 604     604     2.062700000
 604     610    -0.000943714
 604     611     0.000435421
 604     612    -0.000682043
 604     613     0.001275410
 610    5620    -0.000750002
 610    5621     0.001582304
 610     602    -0.001477216
 610     603    -0.002223595
 610     604    -0.000943714
 610     610     2.092900000
 610     611     0.007280319
 610     612    -0.000670907
 610     613    -0.000419485
 611    5620     0.000819198
 611    5621     0.000372421
 611     602     0.000181447
 611     603     0.000394668
 611     604     0.000435421
 611     610     0.007280319
 611     611     1.973300000
 611     612    -0.016541380
 611     613     0.000802575
 612    5620     0.001206078
 612    5621     0.005435659
 612     602    -0.001941456
 612     603    -0.000345745
 612     604    -0.000682043
 612     610    -0.000670907
 612     611    -0.016541380
 612     612     2.084700000
 612     613     0.000292034
 613    5620    -0.003223881
 613    5621     0.008934059
 613     602     0.001140581
 613     603    -0.004517457
 613     604     0.001275410
 613     610    -0.000419485
 613     611     0.000802575
 613     612     0.000292034
 613     613     2.028800000
