5620    5620    2.357600002
5620    5621    0.003540803
5620     602    0.001723958
5620     603    0.006060700
5620     604    0.000140056
5620     610    0.008365150
5620     611    0.001107020
5620     612    0.006634387
5620     613    0.003550986
5621    5620    0.003540803
5621    5621    2.188199995
5621     602    0.005084934
5621     603    0.032623145
5621     604    0.037410471
5621     610    0.000384222
5621     611    0.000321817
5621     612    0.006988116
5621     613    0.008909919
 602    5620    0.001723958
 602    5621    0.005084934
 602     602    2.054800000
 602     603    0.006383796
 602     604    0.001825617
 602     610    0.001098374
 602     611    0.000239964
 602     612    0.002848334
 602     613    0.000869981
 603    5620    0.006060700
 603    5621    0.032623145
 603     602    0.006383796
 603     603    2.037100000
 603     604    0.001007659
 603     610    0.001914607
 603     611    0.000388789
 603     612    0.000054765
 603     613    0.004731506
 604    5620    0.000140056
 604    5621    0.037410471
 604     602    0.001825617
 604     603    0.001007659
 604     604    2.095100000
 604     610    0.000108992
 604     611    0.000582889
 604     612    0.000058319
 604     613    0.001375221
 610    5620    0.008365150
 610    5621    0.000384222
 610     602    0.001098374
 610     603    0.001914607
 610     604    0.000108992
 610     610    2.001700000
 610     611    0.006573557
 610     612    0.006600108
 610     613    0.000633221
 611    5620    0.001107020
 611    5621    0.000321817
 611     602    0.000239964
 611     603    0.000388789
 611     604    0.000582889
 611     610    0.006573557
 611     611    2.061000000
 611     612    0.018236452
 611     613    0.000783501
 612    5620    0.006634387
 612    5621    0.006988116
 612     602    0.002848334
 612     603    0.000054765
 612     604    0.000058319
 612     610    0.006600108
 612     611    0.018236452
 612     612    2.009300000
 612     613    0.000252332
 613    5620    0.003550986
 613    5621    0.008909919
 613     602    0.000869981
 613     603    0.004731506
 613     604    0.001375221
 613     610    0.000633221
 613     611    0.000783501
 613     612    0.000252332
 613     613    2.042400000
