5620    5620    2.389700002
5620    5621    0.008388911
5620     602    0.003086781
5620     603    0.006109927
5620     604    0.002675564
5620     610    0.000896011
5620     611    0.000656699
5620     612    0.003948108
5620     613    0.003409424
5621    5620    0.008388911
5621    5621    2.340799995
5621     602    0.006769296
5621     603    0.020592516
5621     604    0.036607453
5621     610    0.002988314
5621     611    0.000165864
5621     612    0.006059663
5621     613    0.009689721
 602    5620    0.003086781
 602    5621    0.006769296
 602     602    2.007400000
 602     603    0.004137555
 602     604    0.001402948
 602     610    0.002513192
 602     611    0.000584670
 602     612    0.002084177
 602     613    0.000073462
 603    5620    0.006109927
 603    5621    0.020592516
 603     602    0.004137555
 603     603    2.039900000
 603     604    0.000388125
 603     610    0.002332798
 603     611    0.000445097
 603     612    0.000247163
 603     613    0.004128141
 604    5620    0.002675564
 604    5621    0.036607453
 604     602    0.001402948
 604     603    0.000388125
 604     604    2.060500000
 604     610    0.002058294
 604     611    0.000291162
 604     612    0.000743260
 604     613    0.001074522
 610    5620    0.000896011
 610    5621    0.002988314
 610     602    0.002513192
 610     603    0.002332798
 610     604    0.002058294
 610     610    1.965600000
 610     611    0.005987740
 610     612    0.006805737
 610     613    0.000429126
 611    5620    0.000656699
 611    5621    0.000165864
 611     602    0.000584670
 611     603    0.000445097
 611     604    0.000291162
 611     610    0.005987740
 611     611    2.089000000
 611     612    0.014582521
 611     613    0.000660261
 612    5620    0.003948108
 612    5621    0.006059663
 612     602    0.002084177
 612     603    0.000247163
 612     604    0.000743260
 612     610    0.006805737
 612     611    0.014582521
 612     612    2.162100000
 612     613    0.000137683
 613    5620    0.003409424
 613    5621    0.009689721
 613     602    0.000073462
 613     603    0.004128141
 613     604    0.001074522
 613     610    0.000429126
 613     611    0.000660261
 613     612    0.000137683
 613     613    2.022800000
