5620    5620    2.522200002
5620    5621    0.006866376
5620     602    0.001397449
5620     603    0.006132278
5620     604    0.000051453
5620     610    0.000059510
5620     611    0.000635450
5620     612    0.004774735
5620     613    0.007361313
5621    5620    0.006866376
5621    5621    2.296499995
5621     602    0.000899519
5621     603    0.022845875
5621     604    0.027599015
5621     610    0.001930806
5621     611    0.000413564
5621     612    0.006605946
5621     613    0.008480270
 602    5620    0.001397449
 602    5621    0.000899519
 602     602    2.007800000
 602     603    0.009443773
 602     604    0.001500609
 602     610    0.001871094
 602     611    0.000381798
 602     612    0.002841929
 602     613    0.000660878
 603    5620    0.006132278
 603    5621    0.022845875
 603     602    0.009443773
 603     603    2.111700000
 603     604    0.000865129
 603     610    0.002047284
 603     611    0.000494237
 603     612    0.000212338
 603     613    0.004298015
 604    5620    0.000051453
 604    5621    0.027599015
 604     602    0.001500609
 604     603    0.000865129
 604     604    2.094900000
 604     610    0.001149132
 604     611    0.000364512
 604     612    0.000711069
 604     613    0.000870941
 610    5620    0.000059510
 610    5621    0.001930806
 610     602    0.001871094
 610     603    0.002047284
 610     604    0.001149132
 610     610    2.071900000
 610     611    0.005406667
 610     612    0.003012375
 610     613    0.000498032
 611    5620    0.000635450
 611    5621    0.000413564
 611     602    0.000381798
 611     603    0.000494237
 611     604    0.000364512
 611     610    0.005406667
 611     611    2.105800000
 611     612    0.015851789
 611     613    0.000883156
 612    5620    0.004774735
 612    5621    0.006605946
 612     602    0.002841929
 612     603    0.000212338
 612     604    0.000711069
 612     610    0.003012375
 612     611    0.015851789
 612     612    1.993200000
 612     613    0.000448000
 613    5620    0.007361313
 613    5621    0.008480270
 613     602    0.000660878
 613     603    0.004298015
 613     604    0.000870941
 613     610    0.000498032
 613     611    0.000883156
 613     612    0.000448000
 613     613    1.992700000
