5620    5620     2.327400002
5620    5621    -0.005673058
5620     602    -0.001811059
5620     603     0.005601020
5620     604     0.000212674
5620     610    -0.001480498
5620     611    -0.000995425
5620     612    -0.012496437
5620     613     0.006760897
5621    5620    -0.005673058
5621    5621     2.409299995
5621     602    -0.004220994
5621     603    -0.013893079
5621     604     0.031852017
5621     610     0.003123001
5621     611     0.000408062
5621     612    -0.006937821
5621     613    -0.007197369
 602    5620    -0.001811059
 602    5621    -0.004220994
 602     602     2.068700000
 602     603    -0.004596936
 602     604    -0.001072027
 602     610    -0.001880418
 602     611    -0.000941125
 602     612     0.002176437
 602     613    -0.000177970
 603    5620     0.005601020
 603    5621    -0.013893079
 603     602    -0.004596936
 603     603     2.048500000
 603     604    -0.000121742
 603     610    -0.001753209
 603     611     0.000633736
 603     612     0.000143860
 603     613     0.004200990
 604    5620     0.000212674
 604    5621     0.031852017
 604     602    -0.001072027
 604     603    -0.000121742
 604     604     2.128100000
 604     610     0.001543089
 604     611    -0.000728485
 604     612     0.000016461
 604     613    -0.001342974
 610    5620    -0.001480498
 610    5621     0.003123001
 610     602    -0.001880418
 610     603    -0.001753209
 610     604     0.001543089
 610     610     2.040500000
 610     611     0.005647156
 610     612     0.007601568
 610     613     0.000388243
 611    5620    -0.000995425
 611    5621     0.000408062
 611     602    -0.000941125
 611     603     0.000633736
 611     604    -0.000728485
 611     610     0.005647156
 611     611     2.005600000
 611     612     0.015698804
 611     613     0.001095854
 612    5620    -0.012496437
 612    5621    -0.006937821
 612     602     0.002176437
 612     603     0.000143860
 612     604     0.000016461
 612     610     0.007601568
 612     611     0.015698804
 612     612     1.999100000
 612     613     0.000050178
 613    5620     0.006760897
 613    5621    -0.007197369
 613     602    -0.000177970
 613     603     0.004200990
 613     604    -0.001342974
 613     610     0.000388243
 613     611     0.001095854
 613     612     0.000050178
 613     613     1.975100000
