5620    5620     2.306700002
5620    5621     0.002938526
5620     602    -0.001087127
5620     603     0.006793573
5620     604     0.003420015
5620     610    -0.001711293
5620     611     0.000004242
5620     612     0.007961922
5620     613    -0.007199215
5621    5620     0.002938526
5621    5621     2.329399995
5621     602     0.001424270
5621     603    -0.018403875
5621     604    -0.032104762
5621     610    -0.002165919
5621     611    -0.000096928
5621     612    -0.006692791
5621     613    -0.007041205
 602    5620    -0.001087127
 602    5621     0.001424270
 602     602     2.065500000
 602     603     0.007230516
 602     604     0.001509907
 602     610     0.001933339
 602     611    -0.000576559
 602     612     0.002390676
 602     613    -0.000799789
 603    5620     0.006793573
 603    5621    -0.018403875
 603     602     0.007230516
 603     603     2.046000000
 603     604    -0.000277474
 603     610    -0.002117937
 603     611     0.000543880
 603     612    -0.000495828
 603     613    -0.004748354
 604    5620     0.003420015
 604    5621    -0.032104762
 604     602     0.001509907
 604     603    -0.000277474
 604     604     2.041700000
 604     610     0.001557391
 604     611    -0.000385532
 604     612    -0.000745516
 604     613     0.001097858
 610    5620    -0.001711293
 610    5621    -0.002165919
 610     602     0.001933339
 610     603    -0.002117937
 610     604     0.001557391
 610     610     2.055100000
 610     611    -0.005862124
 610     612    -0.001895231
 610     613     0.000424792
 611    5620     0.000004242
 611    5621    -0.000096928
 611     602    -0.000576559
 611     603     0.000543880
 611     604    -0.000385532
 611     610    -0.005862124
 611     611     2.032300000
 611     612     0.018901734
 611     613     0.000884194
 612    5620     0.007961922
 612    5621    -0.006692791
 612     602     0.002390676
 612     603    -0.000495828
 612     604    -0.000745516
 612     610    -0.001895231
 612     611     0.018901734
 612     612     2.059000000
 612     613     0.000530525
 613    5620    -0.007199215
 613    5621    -0.007041205
 613     602    -0.000799789
 613     603    -0.004748354
 613     604     0.001097858
 613     610     0.000424792
 613     611     0.000884194
 613     612     0.000530525
 613     613     2.000100000
