5620    5620    2.408100002
5620    5621    0.003639750
5620     602    0.001540834
5620     603    0.005937234
5620     604    0.000057615
5620     610    0.000306659
5620     611    0.003454022
5620     612    0.016356983
5620     613    0.006696836
5621    5620    0.003639750
5621    5621    2.353099995
5621     602    0.006024265
5621     603    0.018417495
5621     604    0.027000667
5621     610    0.002794107
5621     611    0.000919490
5621     612    0.007038912
5621     613    0.008026678
 602    5620    0.001540834
 602    5621    0.006024265
 602     602    2.012400000
 602     603    0.005784764
 602     604    0.001398921
 602     610    0.002402493
 602     611    0.000407403
 602     612    0.002468196
 602     613    0.000512673
 603    5620    0.005937234
 603    5621    0.018417495
 603     602    0.005784764
 603     603    2.024900000
 603     604    0.000327630
 603     610    0.002405381
 603     611    0.000142731
 603     612    0.000165456
 603     613    0.005574105
 604    5620    0.000057615
 604    5621    0.027000667
 604     602    0.001398921
 604     603    0.000327630
 604     604    2.032200000
 604     610    0.001408292
 604     611    0.000473243
 604     612    0.000308087
 604     613    0.001272562
 610    5620    0.000306659
 610    5621    0.002794107
 610     602    0.002402493
 610     603    0.002405381
 610     604    0.001408292
 610     610    2.005300000
 610     611    0.007472629
 610     612    0.007907489
 610     613    0.000652169
 611    5620    0.003454022
 611    5621    0.000919490
 611     602    0.000407403
 611     603    0.000142731
 611     604    0.000473243
 611     610    0.007472629
 611     611    2.070400000
 611     612    0.016961200
 611     613    0.000663744
 612    5620    0.016356983
 612    5621    0.007038912
 612     602    0.002468196
 612     603    0.000165456
 612     604    0.000308087
 612     610    0.007907489
 612     611    0.016961200
 612     612    2.078600000
 612     613    0.000003690
 613    5620    0.006696836
 613    5621    0.008026678
 613     602    0.000512673
 613     603    0.005574105
 613     604    0.001272562
 613     610    0.000652169
 613     611    0.000663744
 613     612    0.000003690
 613     613    1.939100000
