5620    5620     2.321400002
5620    5621     0.004230578
5620     602     0.001274004
5620     603     0.005389016
5620     604    -0.000031369
5620     610     0.004017621
5620     611     0.002829603
5620     612    -0.011920210
5620     613     0.001005482
5621    5620     0.004230578
5621    5621     2.333699995
5621     602    -0.002328166
5621     603    -0.020166581
5621     604     0.031853248
5621     610    -0.000699445
5621     611     0.000801163
5621     612     0.008507027
5621     613     0.008457156
 602    5620     0.001274004
 602    5621    -0.002328166
 602     602     2.062700000
 602     603    -0.007651298
 602     604     0.001534371
 602     610     0.001665535
 602     611     0.000139351
 602     612    -0.002821332
 602     613    -0.001343868
 603    5620     0.005389016
 603    5621    -0.020166581
 603     602    -0.007651298
 603     603     2.108900000
 603     604     0.000392033
 603     610     0.001985620
 603     611     0.000147523
 603     612    -0.000120979
 603     613    -0.004325109
 604    5620    -0.000031369
 604    5621     0.031853248
 604     602     0.001534371
 604     603     0.000392033
 604     604     2.050100000
 604     610     0.000675623
 604     611     0.000503693
 604     612     0.000287148
 604     613    -0.001431796
 610    5620     0.004017621
 610    5621    -0.000699445
 610     602     0.001665535
 610     603     0.001985620
 610     604     0.000675623
 610     610     2.026900000
 610     611    -0.006997590
 610     612     0.007757419
 610     613     0.000334594
 611    5620     0.002829603
 611    5621     0.000801163
 611     602     0.000139351
 611     603     0.000147523
 611     604     0.000503693
 611     610    -0.006997590
 611     611     2.055100000
 611     612    -0.020019505
 611     613    -0.000648908
 612    5620    -0.011920210
 612    5621     0.008507027
 612     602    -0.002821332
 612     603    -0.000120979
 612     604     0.000287148
 612     610     0.007757419
 612     611    -0.020019505
 612     612     1.987900000
 612     613    -0.000042719
 613    5620     0.001005482
 613    5621     0.008457156
 613     602    -0.001343868
 613     603    -0.004325109
 613     604    -0.001431796
 613     610     0.000334594
 613     611    -0.000648908
 613     612    -0.000042719
 613     613     1.976600000
