5620    5620    2.251700002
5620    5621    0.005442134
5620     602    0.001923127
5620     603    0.004945450
5620     604    0.005400591
5620     610    0.001784540
5620     611    0.000573653
5620     612    0.018722405
5620     613    0.004743988
5621    5620    0.005442134
5621    5621    2.335199995
5621     602    0.001342431
5621     603    0.027575071
5621     604    0.040839765
5621     610    0.003217718
5621     611    0.000710756
5621     612    0.008074565
5621     613    0.008257412
 602    5620    0.001923127
 602    5621    0.001342431
 602     602    1.980600000
 602     603    0.011136603
 602     604    0.001664124
 602     610    0.002612244
 602     611    0.000410774
 602     612    0.003075638
 602     613    0.000366418
 603    5620    0.004945450
 603    5621    0.027575071
 603     602    0.011136603
 603     603    2.048900000
 603     604    0.000945714
 603     610    0.002016988
 603     611    0.000585503
 603     612    0.000254004
 603     613    0.003209031
 604    5620    0.005400591
 604    5621    0.040839765
 604     602    0.001664124
 604     603    0.000945714
 604     604    2.057300000
 604     610    0.001812712
 604     611    0.000183504
 604     612    0.002011781
 604     613    0.000869543
 610    5620    0.001784540
 610    5621    0.003217718
 610     602    0.002612244
 610     603    0.002016988
 610     604    0.001812712
 610     610    2.003300000
 610     611    0.006357179
 610     612    0.005967614
 610     613    0.000367551
 611    5620    0.000573653
 611    5621    0.000710756
 611     602    0.000410774
 611     603    0.000585503
 611     604    0.000183504
 611     610    0.006357179
 611     611    1.942900000
 611     612    0.019529980
 611     613    0.001010123
 612    5620    0.018722405
 612    5621    0.008074565
 612     602    0.003075638
 612     603    0.000254004
 612     604    0.002011781
 612     610    0.005967614
 612     611    0.019529980
 612     612    1.999200000
 612     613    0.000090424
 613    5620    0.004743988
 613    5621    0.008257412
 613     602    0.000366418
 613     603    0.003209031
 613     604    0.000869543
 613     610    0.000367551
 613     611    0.001010123
 613     612    0.000090424
 613     613    2.135900000
