5620    5620    2.202800002
5620    5621    0.003426982
5620     602    0.001648141
5620     603    0.005490161
5620     604    0.000190431
5620     610    0.002260189
5620     611    0.002633738
5620     612    0.012494667
5620     613    0.006344070
5621    5620    0.003426982
5621    5621    2.386699995
5621     602    0.000399288
5621     603    0.021582080
5621     604    0.028699016
5621     610    0.000325238
5621     611    0.000721339
5621     612    0.007579845
5621     613    0.005976731
 602    5620    0.001648141
 602    5621    0.000399288
 602     602    1.975300000
 602     603    0.008246635
 602     604    0.001498240
 602     610    0.001526937
 602     611    0.000128567
 602     612    0.002566565
 602     613    0.000386603
 603    5620    0.005490161
 603    5621    0.021582080
 603     602    0.008246635
 603     603    2.053400000
 603     604    0.000700497
 603     610    0.001779725
 603     611    0.000159371
 603     612    0.000194603
 603     613    0.003191492
 604    5620    0.000190431
 604    5621    0.028699016
 604     602    0.001498240
 604     603    0.000700497
 604     604    2.072100000
 604     610    0.000409365
 604     611    0.000486945
 604     612    0.000640829
 604     613    0.001035093
 610    5620    0.002260189
 610    5621    0.000325238
 610     602    0.001526937
 610     603    0.001779725
 610     604    0.000409365
 610     610    2.067400000
 610     611    0.006990224
 610     612    0.007626422
 610     613    0.000581031
 611    5620    0.002633738
 611    5621    0.000721339
 611     602    0.000128567
 611     603    0.000159371
 611     604    0.000486945
 611     610    0.006990224
 611     611    2.085700000
 611     612    0.016073989
 611     613    0.000516034
 612    5620    0.012494667
 612    5621    0.007579845
 612     602    0.002566565
 612     603    0.000194603
 612     604    0.000640829
 612     610    0.007626422
 612     611    0.016073989
 612     612    2.018600000
 612     613    0.000002459
 613    5620    0.006344070
 613    5621    0.005976731
 613     602    0.000386603
 613     603    0.003191492
 613     604    0.001035093
 613     610    0.000581031
 613     611    0.000516034
 613     612    0.000002459
 613     613    2.061200000
