5620    5620     2.338700002
5620    5621    -0.005245465
5620     602    -0.000668822
5620     603     0.004895722
5620     604     0.002160547
5620     610    -0.006326044
5620     611     0.001469788
5620     612    -0.008120765
5620     613    -0.006351092
5621    5620    -0.005245465
5621    5621     2.322999995
5621     602    -0.002765618
5621     603     0.026984540
5621     604    -0.035074643
5621     610    -0.000349486
5621     611    -0.000197542
5621     612    -0.006241569
5621     613     0.007968647
 602    5620    -0.000668822
 602    5621    -0.002765618
 602     602     2.074400000
 602     603    -0.011113842
 602     604    -0.001811033
 602     610    -0.000542940
 602     611     0.000201588
 602     612     0.002321740
 602     613     0.001298116
 603    5620     0.004895722
 603    5621     0.026984540
 603     602    -0.011113842
 603     603     2.056800000
 603     604     0.001326929
 603     610     0.001646647
 603     611    -0.000307785
 603     612     0.000244952
 603     613     0.003398308
 604    5620     0.002160547
 604    5621    -0.035074643
 604     602    -0.001811033
 604     603     0.001326929
 604     604     2.058400000
 604     610     0.000543677
 604     611     0.000871702
 604     612     0.000479275
 604     613     0.001507782
 610    5620    -0.006326044
 610    5621    -0.000349486
 610     602    -0.000542940
 610     603     0.001646647
 610     604     0.000543677
 610     610     2.096600000
 610     611     0.006354772
 610     612    -0.003801898
 610     613    -0.000709312
 611    5620     0.001469788
 611    5621    -0.000197542
 611     602     0.000201588
 611     603    -0.000307785
 611     604     0.000871702
 611     610     0.006354772
 611     611     2.087300000
 611     612     0.017334188
 611     613     0.000695087
 612    5620    -0.008120765
 612    5621    -0.006241569
 612     602     0.002321740
 612     603     0.000244952
 612     604     0.000479275
 612     610    -0.003801898
 612     611     0.017334188
 612     612     2.014000000
 612     613     0.000123500
 613    5620    -0.006351092
 613    5621     0.007968647
 613     602     0.001298116
 613     603     0.003398308
 613     604     0.001507782
 613     610    -0.000709312
 613     611     0.000695087
 613     612     0.000123500
 613     613     2.034800000
