5620    5620     2.350800002
5620    5621    -0.003865608
5620     602    -0.001797054
5620     603     0.005879097
5620     604     0.002110847
5620     610    -0.003826369
5620     611     0.000162542
5620     612    -0.019786793
5620     613    -0.004117281
5621    5620    -0.003865608
5621    5621     2.296499995
5621     602    -0.001954975
5621     603     0.012445118
5621     604     0.028098282
5621     610    -0.001335455
5621     611     0.000370977
5621     612    -0.007207027
5621     613     0.009019968
 602    5620    -0.001797054
 602    5621    -0.001954975
 602     602     2.091500000
 602     603    -0.003649987
 602     604     0.001507416
 602     610    -0.001864358
 602     611     0.000209328
 602     612     0.002408889
 602     613    -0.000566751
 603    5620     0.005879097
 603    5621     0.012445118
 603     602    -0.003649987
 603     603     2.084200000
 603     604     0.000476910
 603     610     0.002035999
 603     611    -0.000448502
 603     612    -0.000038588
 603     613    -0.004316099
 604    5620     0.002110847
 604    5621     0.028098282
 604     602     0.001507416
 604     603     0.000476910
 604     604     1.990700000
 604     610    -0.001497422
 604     611     0.000617540
 604     612    -0.000583441
 604     613     0.001412312
 610    5620    -0.003826369
 610    5621    -0.001335455
 610     602    -0.001864358
 610     603     0.002035999
 610     604    -0.001497422
 610     610     2.098700000
 610     611     0.006030869
 610     612     0.009117514
 610     613    -0.000379243
 611    5620     0.000162542
 611    5621     0.000370977
 611     602     0.000209328
 611     603    -0.000448502
 611     604     0.000617540
 611     610     0.006030869
 611     611     2.111500000
 611     612     0.018072104
 611     613    -0.000839373
 612    5620    -0.019786793
 612    5621    -0.007207027
 612     602     0.002408889
 612     603    -0.000038588
 612     604    -0.000583441
 612     610     0.009117514
 612     611     0.018072104
 612     612     2.025800000
 612     613    -0.000241719
 613    5620    -0.004117281
 613    5621     0.009019968
 613     602    -0.000566751
 613     603    -0.004316099
 613     604     0.001412312
 613     610    -0.000379243
 613     611    -0.000839373
 613     612    -0.000241719
 613     613     1.926900000
