5620    5620    2.389100002
5620    5621    0.006055138
5620     602    0.001639977
5620     603    0.004980039
5620     604    0.003496800
5620     610    0.005602776
5620     611    0.004750636
5620     612    0.013134817
5620     613    0.008323366
5621    5620    0.006055138
5621    5621    2.274499995
5621     602    0.001716158
5621     603    0.023126863
5621     604    0.033785571
5621     610    0.002158661
5621     611    0.000178873
5621     612    0.007510774
5621     613    0.008992580
 602    5620    0.001639977
 602    5621    0.001716158
 602     602    2.038700000
 602     603    0.005395734
 602     604    0.001622857
 602     610    0.001823651
 602     611    0.000277555
 602     612    0.002591166
 602     613    0.000282916
 603    5620    0.004980039
 603    5621    0.023126863
 603     602    0.005395734
 603     603    2.066000000
 603     604    0.000233830
 603     610    0.001723810
 603     611    0.000161517
 603     612    0.000361565
 603     613    0.003510772
 604    5620    0.003496800
 604    5621    0.033785571
 604     602    0.001622857
 604     603    0.000233830
 604     604    2.020800000
 604     610    0.000869070
 604     611    0.000784989
 604     612    0.000467235
 604     613    0.001290727
 610    5620    0.005602776
 610    5621    0.002158661
 610     602    0.001823651
 610     603    0.001723810
 610     604    0.000869070
 610     610    2.083900000
 610     611    0.005968296
 610     612    0.001024192
 610     613    0.000576388
 611    5620    0.004750636
 611    5621    0.000178873
 611     602    0.000277555
 611     603    0.000161517
 611     604    0.000784989
 611     610    0.005968296
 611     611    2.052400000
 611     612    0.019079891
 611     613    0.000562720
 612    5620    0.013134817
 612    5621    0.007510774
 612     602    0.002591166
 612     603    0.000361565
 612     604    0.000467235
 612     610    0.001024192
 612     611    0.019079891
 612     612    2.027800000
 612     613    0.000603731
 613    5620    0.008323366
 613    5621    0.008992580
 613     602    0.000282916
 613     603    0.003510772
 613     604    0.001290727
 613     610    0.000576388
 613     611    0.000562720
 613     612    0.000603731
 613     613    2.007400000
