5620    5620     2.386900002
5620    5621     0.005139867
5620     602     0.002244999
5620     603    -0.005607286
5620     604    -0.000071881
5620     610     0.003936614
5620     611    -0.000779257
5620     612     0.004476152
5620     613     0.000456701
5621    5620     0.005139867
5621    5621     2.317099995
5621     602     0.002900233
5621     603    -0.017823299
5621     604     0.027095803
5621     610    -0.004395903
5621     611    -0.000141899
5621     612    -0.007799103
5621     613    -0.009066827
 602    5620     0.002244999
 602    5621     0.002900233
 602     602     2.006700000
 602     603     0.005350129
 602     604    -0.001307854
 602     610    -0.002843896
 602     611     0.000915493
 602     612     0.002647273
 602     613    -0.000406070
 603    5620    -0.005607286
 603    5621    -0.017823299
 603     602     0.005350129
 603     603     2.075000000
 603     604     0.000253663
 603     610    -0.002417053
 603     611     0.000613635
 603     612     0.000171554
 603     613     0.004294914
 604    5620    -0.000071881
 604    5621     0.027095803
 604     602    -0.001307854
 604     603     0.000253663
 604     604     2.058900000
 604     610    -0.002547031
 604     611    -0.000613842
 604     612     0.000539333
 604     613    -0.001318710
 610    5620     0.003936614
 610    5621    -0.004395903
 610     602    -0.002843896
 610     603    -0.002417053
 610     604    -0.002547031
 610     610     1.948800000
 610     611     0.007820743
 610     612    -0.004902738
 610     613    -0.000245322
 611    5620    -0.000779257
 611    5621    -0.000141899
 611     602     0.000915493
 611     603     0.000613635
 611     604    -0.000613842
 611     610     0.007820743
 611     611     2.030000000
 611     612     0.017577573
 611     613    -0.000922555
 612    5620     0.004476152
 612    5621    -0.007799103
 612     602     0.002647273
 612     603     0.000171554
 612     604     0.000539333
 612     610    -0.004902738
 612     611     0.017577573
 612     612     2.010800000
 612     613     0.000178788
 613    5620     0.000456701
 613    5621    -0.009066827
 613     602    -0.000406070
 613     603     0.004294914
 613     604    -0.001318710
 613     610    -0.000245322
 613     611    -0.000922555
 613     612     0.000178788
 613     613     2.019100000
