5620    5620     2.378000002
5620    5621     0.004403865
5620     602    -0.001895059
5620     603    -0.004803810
5620     604     0.000715713
5620     610    -0.002361823
5620     611    -0.000661076
5620     612    -0.000474574
5620     613    -0.008015660
5621    5620     0.004403865
5621    5621     2.403199995
5621     602     0.002453318
5621     603     0.022893432
5621     604     0.030447629
5621     610    -0.002614623
5621     611    -0.000274754
5621     612    -0.007544134
5621     613    -0.006068697
 602    5620    -0.001895059
 602    5621     0.002453318
 602     602     2.131500000
 602     603    -0.009111496
 602     604    -0.001254490
 602     610    -0.002040700
 602     611     0.000141009
 602     612    -0.002505664
 602     613     0.000111880
 603    5620    -0.004803810
 603    5621     0.022893432
 603     602    -0.009111496
 603     603     2.050900000
 603     604    -0.001057918
 603     610    -0.002193603
 603     611    -0.000315607
 603     612     0.000186898
 603     613     0.002963971
 604    5620     0.000715713
 604    5621     0.030447629
 604     602    -0.001254490
 604     603    -0.001057918
 604     604     2.067400000
 604     610    -0.001457714
 604     611    -0.000380991
 604     612    -0.000995667
 604     613     0.000783218
 610    5620    -0.002361823
 610    5621    -0.002614623
 610     602    -0.002040700
 610     603    -0.002193603
 610     604    -0.001457714
 610     610     2.021900000
 610     611     0.007027802
 610     612     0.004657700
 610     613    -0.000627296
 611    5620    -0.000661076
 611    5621    -0.000274754
 611     602     0.000141009
 611     603    -0.000315607
 611     604    -0.000380991
 611     610     0.007027802
 611     611     2.053800000
 611     612    -0.019639342
 611     613    -0.000773505
 612    5620    -0.000474574
 612    5621    -0.007544134
 612     602    -0.002505664
 612     603     0.000186898
 612     604    -0.000995667
 612     610     0.004657700
 612     611    -0.019639342
 612     612     2.008100000
 612     613    -0.000422299
 613    5620    -0.008015660
 613    5621    -0.006068697
 613     602     0.000111880
 613     603     0.002963971
 613     604     0.000783218
 613     610    -0.000627296
 613     611    -0.000773505
 613     612    -0.000422299
 613     613     2.057700000
