5620    5620    2.382200002
5620    5621    0.006363620
5620     602    0.001153030
5620     603    0.005230219
5620     604    0.002074549
5620     610    0.001377077
5620     611    0.000411522
5620     612    0.006020897
5620     613    0.006412666
5621    5620    0.006363620
5621    5621    2.300299995
5621     602    0.003728834
5621     603    0.023677401
5621     604    0.031726452
5621     610    0.002736998
5621     611    0.000268886
5621     612    0.007758370
5621     613    0.007850395
 602    5620    0.001153030
 602    5621    0.003728834
 602     602    2.080000000
 602     603    0.007804897
 602     604    0.001604869
 602     610    0.001925425
 602     611    0.000378632
 602     612    0.002652897
 602     613    0.000720708
 603    5620    0.005230219
 603    5621    0.023677401
 603     602    0.007804897
 603     603    2.048200000
 603     604    0.000779959
 603     610    0.001914173
 603     611    0.000352430
 603     612    0.000182939
 603     613    0.003667124
 604    5620    0.002074549
 604    5621    0.031726452
 604     602    0.001604869
 604     603    0.000779959
 604     604    2.054000000
 604     610    0.001021217
 604     611    0.000812487
 604     612    0.000616896
 604     613    0.001244195
 610    5620    0.001377077
 610    5621    0.002736998
 610     602    0.001925425
 610     603    0.001914173
 610     604    0.001021217
 610     610    2.002300000
 610     611    0.005863371
 610     612    0.006355543
 610     613    0.000474607
 611    5620    0.000411522
 611    5621    0.000268886
 611     602    0.000378632
 611     603    0.000352430
 611     604    0.000812487
 611     610    0.005863371
 611     611    2.089400000
 611     612    0.017326776
 611     613    0.000929008
 612    5620    0.006020897
 612    5621    0.007758370
 612     602    0.002652897
 612     603    0.000182939
 612     604    0.000616896
 612     610    0.006355543
 612     611    0.017326776
 612     612    2.069200000
 612     613    0.000098159
 613    5620    0.006412666
 613    5621    0.007850395
 613     602    0.000720708
 613     603    0.003667124
 613     604    0.001244195
 613     610    0.000474607
 613     611    0.000929008
 613     612    0.000098159
 613     613    1.969600000
