5620    5620    2.204000002
5620    5621    0.004648481
5620     602    0.000686373
5620     603    0.006084554
5620     604    0.000282565
5620     610    0.006243513
5620     611    0.003197374
5620     612    0.013703759
5620     613    0.006113183
5621    5620    0.004648481
5621    5621    2.261599995
5621     602    0.002700498
5621     603    0.025620116
5621     604    0.032866892
5621     610    0.001977493
5621     611    0.000466392
5621     612    0.007316256
5621     613    0.007564126
 602    5620    0.000686373
 602    5621    0.002700498
 602     602    2.071700000
 602     603    0.010158342
 602     604    0.001579310
 602     610    0.001638853
 602     611    0.000082360
 602     612    0.002404547
 602     613    0.000837703
 603    5620    0.006084554
 603    5621    0.025620116
 603     602    0.010158342
 603     603    2.036400000
 603     604    0.001016508
 603     610    0.002305358
 603     611    0.000206108
 603     612    0.000181563
 603     613    0.004130917
 604    5620    0.000282565
 604    5621    0.032866892
 604     602    0.001579310
 604     603    0.001016508
 604     604    2.091800000
 604     610    0.001155969
 604     611    0.000549311
 604     612    0.000145460
 604     613    0.001144703
 610    5620    0.006243513
 610    5621    0.001977493
 610     602    0.001638853
 610     603    0.002305358
 610     604    0.001155969
 610     610    2.055400000
 610     611    0.006793027
 610     612    0.006397844
 610     613    0.000525757
 611    5620    0.003197374
 611    5621    0.000466392
 611     602    0.000082360
 611     603    0.000206108
 611     604    0.000549311
 611     610    0.006793027
 611     611    2.171100000
 611     612    0.019486648
 611     613    0.000607232
 612    5620    0.013703759
 612    5621    0.007316256
 612     602    0.002404547
 612     603    0.000181563
 612     604    0.000145460
 612     610    0.006397844
 612     611    0.019486648
 612     612    2.056200000
 612     613    0.000161822
 613    5620    0.006113183
 613    5621    0.007564126
 613     602    0.000837703
 613     603    0.004130917
 613     604    0.001144703
 613     610    0.000525757
 613     611    0.000607232
 613     612    0.000161822
 613     613    2.028200000
