5620    5620     2.504700002
5620    5621     0.006801050
5620     602     0.001747671
5620     603     0.006198950
5620     604     0.000664448
5620     610     0.002764927
5620     611     0.000060130
5620     612     0.011014662
5620     613    -0.005821842
5621    5620     0.006801050
5621    5621     2.317099995
5621     602     0.000308884
5621     603    -0.024543032
5621     604     0.028056903
5621     610     0.002547283
5621     611    -0.000217080
5621     612    -0.007157337
5621     613    -0.008935119
 602    5620     0.001747671
 602    5621     0.000308884
 602     602     2.005900000
 602     603    -0.004766949
 602     604    -0.001213548
 602     610    -0.002144303
 602     611     0.000928708
 602     612    -0.002651985
 602     613    -0.000246372
 603    5620     0.006198950
 603    5621    -0.024543032
 603     602    -0.004766949
 603     603     2.050800000
 603     604    -0.000383704
 603     610    -0.002117702
 603     611    -0.000295581
 603     612    -0.000164108
 603     613    -0.004069654
 604    5620     0.000664448
 604    5621     0.028056903
 604     602    -0.001213548
 604     603    -0.000383704
 604     604     2.087400000
 604     610     0.001494591
 604     611    -0.000532410
 604     612    -0.000159658
 604     613     0.000907757
 610    5620     0.002764927
 610    5621     0.002547283
 610     602    -0.002144303
 610     603    -0.002117702
 610     604     0.001494591
 610     610     2.064700000
 610     611     0.006182919
 610     612     0.010007161
 610     613    -0.000440854
 611    5620     0.000060130
 611    5621    -0.000217080
 611     602     0.000928708
 611     603    -0.000295581
 611     604    -0.000532410
 611     610     0.006182919
 611     611     2.003200000
 611     612     0.016391344
 611     613    -0.000724244
 612    5620     0.011014662
 612    5621    -0.007157337
 612     602    -0.002651985
 612     603    -0.000164108
 612     604    -0.000159658
 612     610     0.010007161
 612     611     0.016391344
 612     612     2.027700000
 612     613     0.000068664
 613    5620    -0.005821842
 613    5621    -0.008935119
 613     602    -0.000246372
 613     603    -0.004069654
 613     604     0.000907757
 613     610    -0.000440854
 613     611    -0.000724244
 613     612     0.000068664
 613     613     2.017400000
