5620    5620     2.414200002
5620    5621     0.004482121
5620     602     0.001532114
5620     603    -0.005307628
5620     604    -0.001223216
5620     610     0.006443713
5620     611     0.005089266
5620     612    -0.008006957
5620     613     0.002619193
5621    5620     0.004482121
5621    5621     2.322399995
5621     602     0.003091224
5621     603    -0.027748165
5621     604     0.034901842
5621     610     0.002025157
5621     611    -0.000852348
5621     612     0.007563401
5621     613     0.010787078
 602    5620     0.001532114
 602    5621     0.003091224
 602     602     2.041400000
 602     603     0.009582277
 602     604     0.001594303
 602     610    -0.002023345
 602     611     0.000058208
 602     612     0.002644864
 602     613     0.000507047
 603    5620    -0.005307628
 603    5621    -0.027748165
 603     602     0.009582277
 603     603     2.025200000
 603     604    -0.001403359
 603     610    -0.002101178
 603     611     0.000096008
 603     612    -0.000159036
 603     613    -0.004752153
 604    5620    -0.001223216
 604    5621     0.034901842
 604     602     0.001594303
 604     603    -0.001403359
 604     604     2.014400000
 604     610     0.001111853
 604     611     0.000564896
 604     612    -0.000475795
 604     613     0.001457842
 610    5620     0.006443713
 610    5621     0.002025157
 610     602    -0.002023345
 610     603    -0.002101178
 610     604     0.001111853
 610     610     2.053000000
 610     611     0.005721107
 610     612    -0.004315815
 610     613     0.000417083
 611    5620     0.005089266
 611    5621    -0.000852348
 611     602     0.000058208
 611     603     0.000096008
 611     604     0.000564896
 611     610     0.005721107
 611     611     2.097900000
 611     612    -0.017432773
 611     613     0.000166030
 612    5620    -0.008006957
 612    5621     0.007563401
 612     602     0.002644864
 612     603    -0.000159036
 612     604    -0.000475795
 612     610    -0.004315815
 612     611    -0.017432773
 612     612     2.059900000
 612     613     0.000007782
 613    5620     0.002619193
 613    5621     0.010787078
 613     602     0.000507047
 613     603    -0.004752153
 613     604     0.001457842
 613     610     0.000417083
 613     611     0.000166030
 613     612     0.000007782
 613     613     2.010400000
