5620    5620    2.437400002
5620    5621    0.004184943
5620     602    0.000156965
5620     603    0.006192896
5620     604    0.001647814
5620     610    0.003177931
5620     611    0.000494837
5620     612    0.001621950
5620     613    0.003104660
5621    5620    0.004184943
5621    5621    2.522499995
5621     602    0.005290398
5621     603    0.025203791
5621     604    0.028696587
5621     610    0.002754838
5621     611    0.000212873
5621     612    0.005772789
5621     613    0.008402128
 602    5620    0.000156965
 602    5621    0.005290398
 602     602    2.144500000
 602     603    0.007755152
 602     604    0.001624389
 602     610    0.001629425
 602     611    0.000199610
 602     612    0.002392912
 602     613    0.001457824
 603    5620    0.006192896
 603    5621    0.025203791
 603     602    0.007755152
 603     603    2.004900000
 603     604    0.000897324
 603     610    0.002276037
 603     611    0.000357141
 603     612    0.000165567
 603     613    0.005075581
 604    5620    0.001647814
 604    5621    0.028696587
 604     602    0.001624389
 604     603    0.000897324
 604     604    2.022700000
 604     610    0.001647453
 604     611    0.000673971
 604     612    0.000174546
 604     613    0.001488949
 610    5620    0.003177931
 610    5621    0.002754838
 610     602    0.001629425
 610     603    0.002276037
 610     604    0.001647453
 610     610    2.024800000
 610     611    0.006155333
 610     612    0.003750814
 610     613    0.000333104
 611    5620    0.000494837
 611    5621    0.000212873
 611     602    0.000199610
 611     603    0.000357141
 611     604    0.000673971
 611     610    0.006155333
 611     611    2.040600000
 611     612    0.016772808
 611     613    0.000724713
 612    5620    0.001621950
 612    5621    0.005772789
 612     602    0.002392912
 612     603    0.000165567
 612     604    0.000174546
 612     610    0.003750814
 612     611    0.016772808
 612     612    2.113100000
 612     613    0.000169455
 613    5620    0.003104660
 613    5621    0.008402128
 613     602    0.001457824
 613     603    0.005075581
 613     604    0.001488949
 613     610    0.000333104
 613     611    0.000724713
 613     612    0.000169455
 613     613    2.054100000
