5620    5620    2.310400002
5620    5621    0.006126108
5620     602    0.001893392
5620     603    0.006451972
5620     604    0.001576570
5620     610    0.002955091
5620     611    0.000537799
5620     612    0.004526069
5620     613    0.005156518
5621    5620    0.006126108
5621    5621    2.341699995
5621     602    0.001390741
5621     603    0.019645304
5621     604    0.031897915
5621     610    0.002937571
5621     611    0.000143461
5621     612    0.007052210
5621     613    0.010816751
 602    5620    0.001893392
 602    5621    0.001390741
 602     602    2.077600000
 602     603    0.004772634
 602     604    0.001387950
 602     610    0.002175722
 602     611    0.000474370
 602     612    0.002407061
 602     613    0.000558877
 603    5620    0.006451972
 603    5621    0.019645304
 603     602    0.004772634
 603     603    2.039200000
 603     604    0.000128061
 603     610    0.002216414
 603     611    0.000468917
 603     612    0.000287075
 603     613    0.005595092
 604    5620    0.001576570
 604    5621    0.031897915
 604     602    0.001387950
 604     603    0.000128061
 604     604    2.066000000
 604     610    0.001173018
 604     611    0.000817550
 604     612    0.000480837
 604     613    0.001679361
 610    5620    0.002955091
 610    5621    0.002937571
 610     602    0.002175722
 610     603    0.002216414
 610     604    0.001173018
 610     610    2.011300000
 610     611    0.007017111
 610     612    0.002604036
 610     613    0.000476216
 611    5620    0.000537799
 611    5621    0.000143461
 611     602    0.000474370
 611     603    0.000468917
 611     604    0.000817550
 611     610    0.007017111
 611     611    2.064700000
 611     612    0.020489258
 611     613    0.000988068
 612    5620    0.004526069
 612    5621    0.007052210
 612     602    0.002407061
 612     603    0.000287075
 612     604    0.000480837
 612     610    0.002604036
 612     611    0.020489258
 612     612    2.038100000
 612     613    0.000137048
 613    5620    0.005156518
 613    5621    0.010816751
 613     602    0.000558877
 613     603    0.005595092
 613     604    0.001679361
 613     610    0.000476216
 613     611    0.000988068
 613     612    0.000137048
 613     613    1.995500000
