5620    5620    2.281400002
5620    5621    0.003520198
5620     602    0.000530748
5620     603    0.006043810
5620     604    0.001926742
5620     610    0.002127419
5620     611    0.001157672
5620     612    0.003734630
5620     613    0.007309133
5621    5620    0.003520198
5621    5621    2.178699995
5621     602    0.001747494
5621     603    0.015936307
5621     604    0.034885738
5621     610    0.003045469
5621     611    0.000101669
5621     612    0.008154397
5621     613    0.007635901
 602    5620    0.000530748
 602    5621    0.001747494
 602     602    2.073300000
 602     603    0.004287431
 602     604    0.001771299
 602     610    0.001998663
 602     611    0.000253897
 602     612    0.002935841
 602     613    0.001157991
 603    5620    0.006043810
 603    5621    0.015936307
 603     602    0.004287431
 603     603    2.035900000
 603     604    0.000568146
 603     610    0.002044649
 603     611    0.000273338
 603     612    0.000637942
 603     613    0.004175354
 604    5620    0.001926742
 604    5621    0.034885738
 604     602    0.001771299
 604     603    0.000568146
 604     604    2.064200000
 604     610    0.002056264
 604     611    0.000231799
 604     612    0.001183405
 604     613    0.001118764
 610    5620    0.002127419
 610    5621    0.003045469
 610     602    0.001998663
 610     603    0.002044649
 610     604    0.002056264
 610     610    1.972200000
 610     611    0.005522253
 610     612    0.004993278
 610     613    0.000474103
 611    5620    0.001157672
 611    5621    0.000101669
 611     602    0.000253897
 611     603    0.000273338
 611     604    0.000231799
 611     610    0.005522253
 611     611    2.131400000
 611     612    0.017904350
 611     613    0.000592973
 612    5620    0.003734630
 612    5621    0.008154397
 612     602    0.002935841
 612     603    0.000637942
 612     604    0.001183405
 612     610    0.004993278
 612     611    0.017904350
 612     612    2.010300000
 612     613    0.000583792
 613    5620    0.007309133
 613    5621    0.007635901
 613     602    0.001157991
 613     603    0.004175354
 613     604    0.001118764
 613     610    0.000474103
 613     611    0.000592973
 613     612    0.000583792
 613     613    2.054400000
