5620    5620     2.505500002
5620    5621     0.003711059
5620     602    -0.001146571
5620     603    -0.004547572
5620     604     0.001772780
5620     610    -0.004884438
5620     611    -0.004815339
5620     612     0.013771757
5620     613    -0.006342952
5621    5620     0.003711059
5621    5621     2.356799995
5621     602     0.002253703
5621     603    -0.030812818
5621     604    -0.030822762
5621     610     0.001860918
5621     611    -0.000590379
5621     612    -0.006287165
5621     613    -0.007802728
 602    5620    -0.001146571
 602    5621     0.002253703
 602     602     2.068300000
 602     603     0.009785084
 602     604     0.001266425
 602     610    -0.001740607
 602     611    -0.000045840
 602     612     0.002140178
 602     613    -0.000374886
 603    5620    -0.004547572
 603    5621    -0.030812818
 603     602     0.009785084
 603     603     2.047200000
 603     604     0.001605907
 603     610     0.001984565
 603     611     0.000137032
 603     612    -0.000314159
 603     613     0.003996832
 604    5620     0.001772780
 604    5621    -0.030822762
 604     602     0.001266425
 604     603     0.001605907
 604     604     2.017900000
 604     610    -0.001490470
 604     611    -0.000161854
 604     612    -0.001261673
 604     613    -0.000878325
 610    5620    -0.004884438
 610    5621     0.001860918
 610     602    -0.001740607
 610     603     0.001984565
 610     604    -0.001490470
 610     610     2.033300000
 610     611    -0.006806115
 610     612    -0.007623222
 610     613    -0.000587978
 611    5620    -0.004815339
 611    5621    -0.000590379
 611     602    -0.000045840
 611     603     0.000137032
 611     604    -0.000161854
 611     610    -0.006806115
 611     611     2.108600000
 611     612    -0.018328330
 611     613    -0.000544464
 612    5620     0.013771757
 612    5621    -0.006287165
 612     602     0.002140178
 612     603    -0.000314159
 612     604    -0.001261673
 612     610    -0.007623222
 612     611    -0.018328330
 612     612     2.093800000
 612     613     0.000224654
 613    5620    -0.006342952
 613    5621    -0.007802728
 613     602    -0.000374886
 613     603     0.003996832
 613     604    -0.000878325
 613     610    -0.000587978
 613     611    -0.000544464
 613     612     0.000224654
 613     613     2.039800000
