5620    5620    2.332000002
5620    5621    0.005066083
5620     602    0.000742478
5620     603    0.005722550
5620     604    0.003251888
5620     610    0.000100611
5620     611    0.002650273
5620     612    0.002541804
5620     613    0.001784452
5621    5620    0.005066083
5621    5621    2.176799995
5621     602    0.003173871
5621     603    0.010856634
5621     604    0.027193818
5621     610    0.002940290
5621     611    0.000944211
5621     612    0.007450320
5621     613    0.008467658
 602    5620    0.000742478
 602    5621    0.003173871
 602     602    2.072300000
 602     603    0.004780969
 602     604    0.001421421
 602     610    0.001821659
 602     611    0.000021101
 602     612    0.002473706
 602     613    0.001183841
 603    5620    0.005722550
 603    5621    0.010856634
 603     602    0.004780969
 603     603    2.038000000
 603     604    0.000124678
 603     610    0.002016660
 603     611    0.000240942
 603     612    0.000499833
 603     613    0.004607902
 604    5620    0.003251888
 604    5621    0.027193818
 604     602    0.001421421
 604     603    0.000124678
 604     604    2.059300000
 604     610    0.001529807
 604     611    0.000654943
 604     612    0.000298743
 604     613    0.001407052
 610    5620    0.000100611
 610    5621    0.002940290
 610     602    0.001821659
 610     603    0.002016660
 610     604    0.001529807
 610     610    2.045100000
 610     611    0.007503906
 610     612    0.005098498
 610     613    0.000303475
 611    5620    0.002650273
 611    5621    0.000944211
 611     602    0.000021101
 611     603    0.000240942
 611     604    0.000654943
 611     610    0.007503906
 611     611    2.058200000
 611     612    0.018740381
 611     613    0.000664160
 612    5620    0.002541804
 612    5621    0.007450320
 612     602    0.002473706
 612     603    0.000499833
 612     604    0.000298743
 612     610    0.005098498
 612     611    0.018740381
 612     612    2.049700000
 612     613    0.000232808
 613    5620    0.001784452
 613    5621    0.008467658
 613     602    0.001183841
 613     603    0.004607902
 613     604    0.001407052
 613     610    0.000303475
 613     611    0.000664160
 613     612    0.000232808
 613     613    1.964200000
