5620    5620     2.375000002
5620    5621    -0.004329563
5620     602     0.000640735
5620     603     0.005933739
5620     604    -0.001069080
5620     610    -0.000465808
5620     611     0.002057164
5620     612    -0.002461389
5620     613    -0.007834185
5621    5620    -0.004329563
5621    5621     2.385299995
5621     602     0.001721292
5621     603     0.026734078
5621     604     0.032315679
5621     610     0.002772473
5621     611     0.000719329
5621     612    -0.007091400
5621     613     0.006756777
 602    5620     0.000640735
 602    5621     0.001721292
 602     602     2.091800000
 602     603     0.010253521
 602     604     0.001658597
 602     610     0.001855577
 602     611    -0.000148622
 602     612     0.002500838
 602     613     0.000642262
 603    5620     0.005933739
 603    5621     0.026734078
 603     602     0.010253521
 603     603     1.967500000
 603     604    -0.001734667
 603     610     0.002197571
 603     611     0.000198436
 603     612     0.000085693
 603     613     0.003398208
 604    5620    -0.001069080
 604    5621     0.032315679
 604     602     0.001658597
 604     603    -0.001734667
 604     604     2.014300000
 604     610     0.001670937
 604     611     0.000539054
 604     612     0.000055353
 604     613     0.000934158
 610    5620    -0.000465808
 610    5621     0.002772473
 610     602     0.001855577
 610     603     0.002197571
 610     604     0.001670937
 610     610     2.016100000
 610     611     0.006482801
 610     612     0.003686008
 610     613     0.000476510
 611    5620     0.002057164
 611    5621     0.000719329
 611     602    -0.000148622
 611     603     0.000198436
 611     604     0.000539054
 611     610     0.006482801
 611     611     1.975000000
 611     612     0.018101383
 611     613     0.000648435
 612    5620    -0.002461389
 612    5621    -0.007091400
 612     602     0.002500838
 612     603     0.000085693
 612     604     0.000055353
 612     610     0.003686008
 612     611     0.018101383
 612     612     2.056400000
 612     613    -0.000411361
 613    5620    -0.007834185
 613    5621     0.006756777
 613     602     0.000642262
 613     603     0.003398208
 613     604     0.000934158
 613     610     0.000476510
 613     611     0.000648435
 613     612    -0.000411361
 613     613     2.006500000
