5620    5620    2.487100002
5620    5621    0.005271545
5620     602    0.001350498
5620     603    0.004889027
5620     604    0.002470047
5620     610    0.003955251
5620     611    0.002502456
5620     612    0.016434972
5620     613    0.007567861
5621    5620    0.005271545
5621    5621    2.369599995
5621     602    0.002052660
5621     603    0.024314114
5621     604    0.033657678
5621     610    0.001530687
5621     611    0.000524696
5621     612    0.006610477
5621     613    0.007308886
 602    5620    0.001350498
 602    5621    0.002052660
 602     602    2.095100000
 602     603    0.009061180
 602     604    0.001631569
 602     610    0.001919411
 602     611    0.000316466
 602     612    0.002414406
 602     613    0.000507956
 603    5620    0.004889027
 603    5621    0.024314114
 603     602    0.009061180
 603     603    2.085400000
 603     604    0.000980881
 603     610    0.002007712
 603     611    0.000236374
 603     612    0.000336434
 603     613    0.003822036
 604    5620    0.002470047
 604    5621    0.033657678
 604     602    0.001631569
 604     603    0.000980881
 604     604    2.013400000
 604     610    0.000431731
 604     611    0.000789070
 604     612    0.000684371
 604     613    0.001362432
 610    5620    0.003955251
 610    5621    0.001530687
 610     602    0.001919411
 610     603    0.002007712
 610     604    0.000431731
 610     610    2.095700000
 610     611    0.006751385
 610     612    0.006784963
 610     613    0.000659570
 611    5620    0.002502456
 611    5621    0.000524696
 611     602    0.000316466
 611     603    0.000236374
 611     604    0.000789070
 611     610    0.006751385
 611     611    2.092900000
 611     612    0.013791339
 611     613    0.000769370
 612    5620    0.016434972
 612    5621    0.006610477
 612     602    0.002414406
 612     603    0.000336434
 612     604    0.000684371
 612     610    0.006784963
 612     611    0.013791339
 612     612    2.025800000
 612     613    0.000091585
 613    5620    0.007567861
 613    5621    0.007308886
 613     602    0.000507956
 613     603    0.003822036
 613     604    0.001362432
 613     610    0.000659570
 613     611    0.000769370
 613     612    0.000091585
 613     613    1.939300000
