5620    5620    2.254900002
5620    5621    0.005552281
5620     602    0.002196272
5620     603    0.006053312
5620     604    0.000962625
5620     610    0.001783139
5620     611    0.004668105
5620     612    0.013960499
5620     613    0.007048846
5621    5620    0.005552281
5621    5621    2.292999995
5621     602    0.004127232
5621     603    0.018040906
5621     604    0.031032804
5621     610    0.002582359
5621     611    0.000713962
5621     612    0.007737897
5621     613    0.008400834
 602    5620    0.002196272
 602    5621    0.004127232
 602     602    1.995100000
 602     603    0.006918792
 602     604    0.001519730
 602     610    0.002209487
 602     611    0.000428762
 602     612    0.002664918
 602     613    0.000116484
 603    5620    0.006053312
 603    5621    0.018040906
 603     602    0.006918792
 603     603    2.030000000
 603     604    0.000260442
 603     610    0.001892014
 603     611    0.000232643
 603     612    0.000179166
 603     613    0.004666857
 604    5620    0.000962625
 604    5621    0.031032804
 604     602    0.001519730
 604     603    0.000260442
 604     604    2.050900000
 604     610    0.001438881
 604     611    0.000599300
 604     612    0.000175969
 604     613    0.001302480
 610    5620    0.001783139
 610    5621    0.002582359
 610     602    0.002209487
 610     603    0.001892014
 610     604    0.001438881
 610     610    2.129200000
 610     611    0.005913161
 610     612    0.002544318
 610     613    0.000444587
 611    5620    0.004668105
 611    5621    0.000713962
 611     602    0.000428762
 611     603    0.000232643
 611     604    0.000599300
 611     610    0.005913161
 611     611    2.083200000
 611     612    0.018108230
 611     613    0.000509756
 612    5620    0.013960499
 612    5621    0.007737897
 612     602    0.002664918
 612     603    0.000179166
 612     604    0.000175969
 612     610    0.002544318
 612     611    0.018108230
 612     612    2.029700000
 612     613    0.000083503
 613    5620    0.007048846
 613    5621    0.008400834
 613     602    0.000116484
 613     603    0.004666857
 613     604    0.001302480
 613     610    0.000444587
 613     611    0.000509756
 613     612    0.000083503
 613     613    2.021500000
