5620    5620    2.432900002
5620    5621    0.005030285
5620     602    0.001232886
5620     603    0.005877795
5620     604    0.001876505
5620     610    0.001244577
5620     611    0.001854694
5620     612    0.016196473
5620     613    0.007120366
5621    5620    0.005030285
5621    5621    2.324599995
5621     602    0.007028348
5621     603    0.028456391
5621     604    0.028790294
5621     610    0.002592201
5621     611    0.000083820
5621     612    0.006434162
5621     613    0.006944347
 602    5620    0.001232886
 602    5621    0.007028348
 602     602    2.066700000
 602     603    0.011760808
 602     604    0.001808218
 602     610    0.001499194
 602     611    0.000234831
 602     612    0.002350024
 602     613    0.001647406
 603    5620    0.005877795
 603    5621    0.028456391
 603     602    0.011760808
 603     603    2.070300000
 603     604    0.001400922
 603     610    0.002119619
 603     611    0.000158869
 603     612    0.000515281
 603     613    0.003852954
 604    5620    0.001876505
 604    5621    0.028790294
 604     602    0.001808218
 604     603    0.001400922
 604     604    2.076500000
 604     610    0.001395426
 604     611    0.000690755
 604     612    0.000158215
 604     613    0.001161941
 610    5620    0.001244577
 610    5621    0.002592201
 610     602    0.001499194
 610     603    0.002119619
 610     604    0.001395426
 610     610    2.031500000
 610     611    0.006789536
 610     612    0.007320540
 610     613    0.000432911
 611    5620    0.001854694
 611    5621    0.000083820
 611     602    0.000234831
 611     603    0.000158869
 611     604    0.000690755
 611     610    0.006789536
 611     611    2.083100000
 611     612    0.018343207
 611     613    0.000576611
 612    5620    0.016196473
 612    5621    0.006434162
 612     602    0.002350024
 612     603    0.000515281
 612     604    0.000158215
 612     610    0.007320540
 612     611    0.018343207
 612     612    2.009900000
 612     613    0.000152629
 613    5620    0.007120366
 613    5621    0.006944347
 613     602    0.001647406
 613     603    0.003852954
 613     604    0.001161941
 613     610    0.000432911
 613     611    0.000576611
 613     612    0.000152629
 613     613    2.019200000
