5620    5620    2.314300002
5620    5621    0.006526845
5620     602    0.001853320
5620     603    0.005470245
5620     604    0.000132823
5620     610    0.005481352
5620     611    0.001037946
5620     612    0.010815094
5620     613    0.008161368
5621    5620    0.006526845
5621    5621    2.487499995
5621     602    0.002958613
5621     603    0.022924686
5621     604    0.030316691
5621     610    0.001480473
5621     611    0.000414569
5621     612    0.006887806
5621     613    0.005466803
 602    5620    0.001853320
 602    5621    0.002958613
 602     602    2.096600000
 602     603    0.009118918
 602     604    0.001590462
 602     610    0.001723994
 602     611    0.000089472
 602     612    0.002112066
 602     613    0.000196487
 603    5620    0.005470245
 603    5621    0.022924686
 603     602    0.009118918
 603     603    2.067600000
 603     604    0.001190422
 603     610    0.001814800
 603     611    0.000289884
 603     612    0.000022645
 603     613    0.002757047
 604    5620    0.000132823
 604    5621    0.030316691
 604     602    0.001590462
 604     603    0.001190422
 604     604    1.991000000
 604     610    0.001242762
 604     611    0.000430599
 604     612    0.000813467
 604     613    0.000904122
 610    5620    0.005481352
 610    5621    0.001480473
 610     602    0.001723994
 610     603    0.001814800
 610     604    0.001242762
 610     610    2.088500000
 610     611    0.005897520
 610     612    0.000752375
 610     613    0.000532031
 611    5620    0.001037946
 611    5621    0.000414569
 611     602    0.000089472
 611     603    0.000289884
 611     604    0.000430599
 611     610    0.005897520
 611     611    2.064100000
 611     612    0.017823246
 611     613    0.000658797
 612    5620    0.010815094
 612    5621    0.006887806
 612     602    0.002112066
 612     603    0.000022645
 612     604    0.000813467
 612     610    0.000752375
 612     611    0.017823246
 612     612    2.090600000
 612     613    0.000349726
 613    5620    0.008161368
 613    5621    0.005466803
 613     602    0.000196487
 613     603    0.002757047
 613     604    0.000904122
 613     610    0.000532031
 613     611    0.000658797
 613     612    0.000349726
 613     613    2.103200000
