5620    5620     2.288100002
5620    5621     0.006552640
5620     602    -0.002430426
5620     603    -0.005267375
5620     604    -0.000046852
5620     610     0.000001306
5620     611     0.001508478
5620     612     0.008510739
5620     613     0.004100494
5621    5620     0.006552640
5621    5621     2.367999995
5621     602    -0.003160667
5621     603     0.028903118
5621     604     0.031854810
5621     610     0.004879052
5621     611    -0.000430312
5621     612    -0.006327655
5621     613     0.008904464
 602    5620    -0.002430426
 602    5621    -0.003160667
 602     602     2.029200000
 602     603     0.009099092
 602     604     0.001367217
 602     610    -0.003118049
 602     611     0.000752162
 602     612     0.002245336
 602     613    -0.000178533
 603    5620    -0.005267375
 603    5621     0.028903118
 603     602     0.009099092
 603     603     2.013400000
 603     604    -0.001564343
 603     610     0.002472397
 603     611    -0.000334322
 603     612    -0.000194226
 603     613     0.004813108
 604    5620    -0.000046852
 604    5621     0.031854810
 604     602     0.001367217
 604     603    -0.001564343
 604     604     2.050100000
 604     610    -0.002397124
 604     611    -0.000322805
 604     612     0.000599728
 604     613    -0.001127679
 610    5620     0.000001306
 610    5621     0.004879052
 610     602    -0.003118049
 610     603     0.002472397
 610     604    -0.002397124
 610     610     1.915000000
 610     611     0.006550446
 610     612     0.005117635
 610     613    -0.000266482
 611    5620     0.001508478
 611    5621    -0.000430312
 611     602     0.000752162
 611     603    -0.000334322
 611     604    -0.000322805
 611     610     0.006550446
 611     611     1.917600000
 611     612    -0.017132746
 611     613    -0.000932942
 612    5620     0.008510739
 612    5621    -0.006327655
 612     602     0.002245336
 612     603    -0.000194226
 612     604     0.000599728
 612     610     0.005117635
 612     611    -0.017132746
 612     612     2.040600000
 612     613    -0.000244927
 613    5620     0.004100494
 613    5621     0.008904464
 613     602    -0.000178533
 613     603     0.004813108
 613     604    -0.001127679
 613     610    -0.000266482
 613     611    -0.000932942
 613     612    -0.000244927
 613     613     1.945000000
