5620    5620    2.590900002
5620    5621    0.004809974
5620     602    0.000738082
5620     603    0.006015204
5620     604    0.001695055
5620     610    0.004881587
5620     611    0.003607364
5620     612    0.012960992
5620     613    0.008696798
5621    5620    0.004809974
5621    5621    2.263699995
5621     602    0.001855574
5621     603    0.022724511
5621     604    0.035965590
5621     610    0.003277329
5621     611    0.000109816
5621     612    0.007420638
5621     613    0.008780868
 602    5620    0.000738082
 602    5621    0.001855574
 602     602    2.030500000
 602     603    0.006653698
 602     604    0.001710084
 602     610    0.002094717
 602     611    0.000133862
 602     612    0.002976336
 602     613    0.000733104
 603    5620    0.006015204
 603    5621    0.022724511
 603     602    0.006653698
 603     603    2.033400000
 603     604    0.000468874
 603     610    0.002439475
 603     611    0.000348159
 603     612    0.000247795
 603     613    0.004707518
 604    5620    0.001695055
 604    5621    0.035965590
 604     602    0.001710084
 604     603    0.000468874
 604     604    2.021500000
 604     610    0.001429622
 604     611    0.000775714
 604     612    0.000401162
 604     613    0.001355585
 610    5620    0.004881587
 610    5621    0.003277329
 610     602    0.002094717
 610     603    0.002439475
 610     604    0.001429622
 610     610    2.054900000
 610     611    0.007493284
 610     612    0.007890928
 610     613    0.000628017
 611    5620    0.003607364
 611    5621    0.000109816
 611     602    0.000133862
 611     603    0.000348159
 611     604    0.000775714
 611     610    0.007493284
 611     611    2.102900000
 611     612    0.017248149
 611     613    0.000653864
 612    5620    0.012960992
 612    5621    0.007420638
 612     602    0.002976336
 612     603    0.000247795
 612     604    0.000401162
 612     610    0.007890928
 612     611    0.017248149
 612     612    1.943100000
 612     613    0.000198527
 613    5620    0.008696798
 613    5621    0.008780868
 613     602    0.000733104
 613     603    0.004707518
 613     604    0.001355585
 613     610    0.000628017
 613     611    0.000653864
 613     612    0.000198527
 613     613    1.956600000
