5620    5620     2.351900002
5620    5621     0.005039939
5620     602    -0.002027980
5620     603    -0.005542538
5620     604    -0.000379462
5620     610    -0.002083855
5620     611     0.001598875
5620     612     0.001651588
5620     613    -0.006525119
5621    5620     0.005039939
5621    5621     2.304099995
5621     602    -0.002646524
5621     603     0.025026156
5621     604     0.028874871
5621     610     0.004109676
5621     611    -0.000209826
5621     612     0.005545891
5621     613    -0.008739317
 602    5620    -0.002027980
 602    5621    -0.002646524
 602     602     2.045000000
 602     603     0.006750125
 602     604     0.001577920
 602     610     0.002762718
 602     611    -0.000838428
 602     612    -0.002178296
 602     613    -0.000029619
 603    5620    -0.005542538
 603    5621     0.025026156
 603     602     0.006750125
 603     603     2.047300000
 603     604    -0.001464784
 603     610    -0.002354403
 603     611    -0.000311311
 603     612    -0.000216491
 603     613     0.003565224
 604    5620    -0.000379462
 604    5621     0.028874871
 604     602     0.001577920
 604     603    -0.001464784
 604     604     1.977100000
 604     610     0.002642593
 604     611     0.000461394
 604     612    -0.000817847
 604     613    -0.000906628
 610    5620    -0.002083855
 610    5621     0.004109676
 610     602     0.002762718
 610     603    -0.002354403
 610     604     0.002642593
 610     610     2.014200000
 610     611    -0.006694722
 610     612    -0.000886557
 610     613     0.000498102
 611    5620     0.001598875
 611    5621    -0.000209826
 611     602    -0.000838428
 611     603    -0.000311311
 611     604     0.000461394
 611     610    -0.006694722
 611     611     1.985100000
 611     612    -0.017796904
 611     613     0.000751228
 612    5620     0.001651588
 612    5621     0.005545891
 612     602    -0.002178296
 612     603    -0.000216491
 612     604    -0.000817847
 612     610    -0.000886557
 612     611    -0.017796904
 612     612     2.121800000
 612     613    -0.000484245
 613    5620    -0.006525119
 613    5621    -0.008739317
 613     602    -0.000029619
 613     603     0.003565224
 613     604    -0.000906628
 613     610     0.000498102
 613     611     0.000751228
 613     612    -0.000484245
 613     613     2.021300000
