5620    5620    2.335200002
5620    5621    0.006545517
5620     602    0.000424820
5620     603    0.005929775
5620     604    0.000591698
5620     610    0.002105940
5620     611    0.002508657
5620     612    0.016898331
5620     613    0.007534533
5621    5620    0.006545517
5621    5621    2.243999995
5621     602    0.002642451
5621     603    0.028849692
5621     604    0.034683604
5621     610    0.003198473
5621     611    0.000124768
5621     612    0.007681543
5621     613    0.009448808
 602    5620    0.000424820
 602    5621    0.002642451
 602     602    2.098400000
 602     603    0.009131365
 602     604    0.001461310
 602     610    0.001501503
 602     611    0.000271091
 602     612    0.002407453
 602     613    0.001076997
 603    5620    0.005929775
 603    5621    0.028849692
 603     602    0.009131365
 603     603    2.017900000
 603     604    0.000828949
 603     610    0.002371857
 603     611    0.000329629
 603     612    0.000275428
 603     613    0.004294885
 604    5620    0.000591698
 604    5621    0.034683604
 604     602    0.001461310
 604     603    0.000828949
 604     604    2.005600000
 604     610    0.001581254
 604     611    0.000374784
 604     612    0.000785428
 604     613    0.000972605
 610    5620    0.002105940
 610    5621    0.003198473
 610     602    0.001501503
 610     603    0.002371857
 610     604    0.001581254
 610     610    2.003800000
 610     611    0.006102359
 610     612    0.007439027
 610     613    0.000572475
 611    5620    0.002508657
 611    5621    0.000124768
 611     602    0.000271091
 611     603    0.000329629
 611     604    0.000374784
 611     610    0.006102359
 611     611    2.082700000
 611     612    0.016711259
 611     613    0.000782931
 612    5620    0.016898331
 612    5621    0.007681543
 612     602    0.002407453
 612     603    0.000275428
 612     604    0.000785428
 612     610    0.007439027
 612     611    0.016711259
 612     612    2.049800000
 612     613    0.000006876
 613    5620    0.007534533
 613    5621    0.009448808
 613     602    0.001076997
 613     603    0.004294885
 613     604    0.000972605
 613     610    0.000572475
 613     611    0.000782931
 613     612    0.000006876
 613     613    2.046600000
