5620    5620     2.697100002
5620    5621     0.003637294
5620     602     0.000360048
5620     603    -0.004612323
5620     604     0.002466096
5620     610    -0.002083495
5620     611     0.002279636
5620     612     0.001212519
5620     613     0.005034954
5621    5620     0.003637294
5621    5621     2.264599995
5621     602     0.001596442
5621     603     0.017952543
5621     604    -0.027697571
5621     610    -0.002252419
5621     611     0.000458265
5621     612     0.005981893
5621     613     0.007818647
 602    5620     0.000360048
 602    5621     0.001596442
 602     602     2.050800000
 602     603    -0.008565681
 602     604    -0.001710873
 602     610     0.001585558
 602     611    -0.000141662
 602     612    -0.002569718
 602     613     0.001414389
 603    5620    -0.004612323
 603    5621     0.017952543
 603     602    -0.008565681
 603     603     2.062300000
 603     604    -0.000539550
 603     610    -0.001694377
 603     611     0.000230685
 603     612     0.000068715
 603     613     0.003417145
 604    5620     0.002466096
 604    5621    -0.027697571
 604     602    -0.001710873
 604     603    -0.000539550
 604     604     2.026300000
 604     610    -0.001309385
 604     611     0.000792414
 604     612     0.000374128
 604     613     0.001161588
 610    5620    -0.002083495
 610    5621    -0.002252419
 610     602     0.001585558
 610     603    -0.001694377
 610     604    -0.001309385
 610     610     2.111800000
 610     611     0.006278806
 610     612     0.006121180
 610     613    -0.000379418
 611    5620     0.002279636
 611    5621     0.000458265
 611     602    -0.000141662
 611     603     0.000230685
 611     604     0.000792414
 611     610     0.006278806
 611     611     1.996900000
 611     612     0.019687685
 611     613     0.000587459
 612    5620     0.001212519
 612    5621     0.005981893
 612     602    -0.002569718
 612     603     0.000068715
 612     604     0.000374128
 612     610     0.006121180
 612     611     0.019687685
 612     612     2.123000000
 612     613     0.000160424
 613    5620     0.005034954
 613    5621     0.007818647
 613     602     0.001414389
 613     603     0.003417145
 613     604     0.001161588
 613     610    -0.000379418
 613     611     0.000587459
 613     612     0.000160424
 613     613     2.030800000
