5620    5620    2.253400002
5620    5621    0.005609313
5620     602    0.000650990
5620     603    0.005840014
5620     604    0.000656027
5620     610    0.002842111
5620     611    0.001816662
5620     612    0.005086899
5620     613    0.007029412
5621    5620    0.005609313
5621    5621    2.233599995
5621     602    0.004896995
5621     603    0.022905533
5621     604    0.039706760
5621     610    0.001993818
5621     611    0.000168724
5621     612    0.007351133
5621     613    0.007254919
 602    5620    0.000650990
 602    5621    0.004896995
 602     602    2.127000000
 602     603    0.010174248
 602     604    0.002082598
 602     610    0.001291338
 602     611    0.000313695
 602     612    0.002843537
 602     613    0.001745574
 603    5620    0.005840014
 603    5621    0.022905533
 603     602    0.010174248
 603     603    2.062900000
 603     604    0.000918844
 603     610    0.001891675
 603     611    0.000310001
 603     612    0.000169113
 603     613    0.004139288
 604    5620    0.000656027
 604    5621    0.039706760
 604     602    0.002082598
 604     603    0.000918844
 604     604    1.985300000
 604     610    0.001210165
 604     611    0.000762774
 604     612    0.000291656
 604     613    0.001442566
 610    5620    0.002842111
 610    5621    0.001993818
 610     602    0.001291338
 610     603    0.001891675
 610     604    0.001210165
 610     610    1.989900000
 610     611    0.006508193
 610     612    0.003169322
 610     613    0.000473734
 611    5620    0.001816662
 611    5621    0.000168724
 611     602    0.000313695
 611     603    0.000310001
 611     604    0.000762774
 611     610    0.006508193
 611     611    2.009000000
 611     612    0.018934254
 611     613    0.000847270
 612    5620    0.005086899
 612    5621    0.007351133
 612     602    0.002843537
 612     603    0.000169113
 612     604    0.000291656
 612     610    0.003169322
 612     611    0.018934254
 612     612    1.987000000
 612     613    0.000459279
 613    5620    0.007029412
 613    5621    0.007254919
 613     602    0.001745574
 613     603    0.004139288
 613     604    0.001442566
 613     610    0.000473734
 613     611    0.000847270
 613     612    0.000459279
 613     613    2.032600000
