5620    5620     2.344200002
5620    5621     0.004888097
5620     602    -0.000961832
5620     603     0.005294882
5620     604     0.002820981
5620     610     0.000789710
5620     611     0.001527882
5620     612    -0.014452931
5620     613    -0.007326869
5621    5620     0.004888097
5621    5621     2.415699995
5621     602     0.000356924
5621     603     0.030850792
5621     604    -0.029686349
5621     610    -0.002763831
5621     611     0.000242399
5621     612     0.007457135
5621     613     0.009068467
 602    5620    -0.000961832
 602    5621     0.000356924
 602     602     2.025900000
 602     603    -0.010136952
 602     604    -0.001840366
 602     610     0.002203359
 602     611    -0.000358688
 602     612    -0.003005564
 602     613     0.000714590
 603    5620     0.005294882
 603    5621     0.030850792
 603     602    -0.010136952
 603     603     2.040600000
 603     604    -0.001599063
 603     610    -0.002070878
 603     611     0.000418281
 603     612    -0.000348221
 603     613     0.004036647
 604    5620     0.002820981
 604    5621    -0.029686349
 604     602    -0.001840366
 604     603    -0.001599063
 604     604     2.029600000
 604     610     0.002037674
 604     611    -0.000761329
 604     612     0.000162972
 604     613     0.001139947
 610    5620     0.000789710
 610    5621    -0.002763831
 610     602     0.002203359
 610     603    -0.002070878
 610     604     0.002037674
 610     610     2.051100000
 610     611     0.005332199
 610     612     0.007185356
 610     613    -0.000459382
 611    5620     0.001527882
 611    5621     0.000242399
 611     602    -0.000358688
 611     603     0.000418281
 611     604    -0.000761329
 611     610     0.005332199
 611     611     1.990700000
 611     612     0.016650273
 611     613     0.000858661
 612    5620    -0.014452931
 612    5621     0.007457135
 612     602    -0.003005564
 612     603    -0.000348221
 612     604     0.000162972
 612     610     0.007185356
 612     611     0.016650273
 612     612     1.940300000
 612     613     0.000154868
 613    5620    -0.007326869
 613    5621     0.009068467
 613     602     0.000714590
 613     603     0.004036647
 613     604     0.001139947
 613     610    -0.000459382
 613     611     0.000858661
 613     612     0.000154868
 613     613     1.994000000
