5620    5620     2.233300002
5620    5621    -0.006420107
5620     602     0.000563987
5620     603     0.006541570
5620     604     0.002565252
5620     610     0.000452784
5620     611     0.002511446
5620     612    -0.015034161
5620     613     0.005174896
5621    5620    -0.006420107
5621    5621     2.302899995
5621     602     0.002101036
5621     603    -0.036498701
5621     604    -0.031528072
5621     610     0.002793540
5621     611     0.000160581
5621     612    -0.008135082
5621     613    -0.007643999
 602    5620     0.000563987
 602    5621     0.002101036
 602     602     2.080800000
 602     603     0.011520294
 602     604     0.001830613
 602     610    -0.001990125
 602     611     0.000206622
 602     612     0.002928560
 602     613    -0.000859408
 603    5620     0.006541570
 603    5621    -0.036498701
 603     602     0.011520294
 603     603     1.950700000
 603     604     0.001818651
 603     610    -0.002447220
 603     611    -0.000284994
 603     612     0.000496146
 603     613     0.004124954
 604    5620     0.002565252
 604    5621    -0.031528072
 604     602     0.001830613
 604     603     0.001818651
 604     604     2.083700000
 604     610     0.001729133
 604     611    -0.000724887
 604     612     0.000114040
 604     613    -0.001108015
 610    5620     0.000452784
 610    5621     0.002793540
 610     602    -0.001990125
 610     603    -0.002447220
 610     604     0.001729133
 610     610     2.009900000
 610     611     0.006471470
 610     612     0.006474366
 610     613     0.000386687
 611    5620     0.002511446
 611    5621     0.000160581
 611     602     0.000206622
 611     603    -0.000284994
 611     604    -0.000724887
 611     610     0.006471470
 611     611     2.044100000
 611     612    -0.019336566
 611     613     0.000604482
 612    5620    -0.015034161
 612    5621    -0.008135082
 612     602     0.002928560
 612     603     0.000496146
 612     604     0.000114040
 612     610     0.006474366
 612     611    -0.019336566
 612     612     2.013500000
 612     613     0.000136256
 613    5620     0.005174896
 613    5621    -0.007643999
 613     602    -0.000859408
 613     603     0.004124954
 613     604    -0.001108015
 613     610     0.000386687
 613     611     0.000604482
 613     612     0.000136256
 613     613     2.089200000
