5620    5620     2.462900002
5620    5621    -0.004005795
5620     602    -0.000461362
5620     603     0.007006008
5620     604    -0.001484506
5620     610    -0.002593789
5620     611     0.000359324
5620     612    -0.010237771
5620     613     0.005944147
5621    5620    -0.004005795
5621    5621     2.319299995
5621     602    -0.001435290
5621     603    -0.018553043
5621     604     0.025474979
5621     610    -0.001720289
5621     611    -0.000072449
5621     612    -0.007615568
5621     613    -0.007668893
 602    5620    -0.000461362
 602    5621    -0.001435290
 602     602     2.036800000
 602     603    -0.006263590
 602     604    -0.001433957
 602     610     0.001653615
 602     611     0.000327051
 602     612    -0.002577052
 602     613     0.000921974
 603    5620     0.007006008
 603    5621    -0.018553043
 603     602    -0.006263590
 603     603     2.020100000
 603     604    -0.000040707
 603     610     0.002272490
 603     611    -0.000529168
 603     612    -0.000242959
 603     613     0.004768900
 604    5620    -0.001484506
 604    5621     0.025474979
 604     602    -0.001433957
 604     603    -0.000040707
 604     604     2.140200000
 604     610    -0.000990271
 604     611     0.000657744
 604     612     0.000083292
 604     613     0.001035081
 610    5620    -0.002593789
 610    5621    -0.001720289
 610     602     0.001653615
 610     603     0.002272490
 610     604    -0.000990271
 610     610     2.072200000
 610     611    -0.005912051
 610     612     0.004427401
 610     613     0.000459333
 611    5620     0.000359324
 611    5621    -0.000072449
 611     602     0.000327051
 611     603    -0.000529168
 611     604     0.000657744
 611     610    -0.005912051
 611     611     2.023300000
 611     612    -0.017444012
 611     613     0.000940016
 612    5620    -0.010237771
 612    5621    -0.007615568
 612     602    -0.002577052
 612     603    -0.000242959
 612     604     0.000083292
 612     610     0.004427401
 612     611    -0.017444012
 612     612     2.038100000
 612     613    -0.000129277
 613    5620     0.005944147
 613    5621    -0.007668893
 613     602     0.000921974
 613     603     0.004768900
 613     604     0.001035081
 613     610     0.000459333
 613     611     0.000940016
 613     612    -0.000129277
 613     613     1.970500000
