5620    5620    2.299300002
5620    5621    0.007076649
5620     602    0.000199020
5620     603    0.005604772
5620     604    0.003677229
5620     610    0.005665106
5620     611    0.004551067
5620     612    0.012480189
5620     613    0.006898132
5621    5620    0.007076649
5621    5621    2.283599995
5621     602    0.004115799
5621     603    0.030086495
5621     604    0.031703990
5621     610    0.002793440
5621     611    0.000412121
5621     612    0.006243006
5621     613    0.008539849
 602    5620    0.000199020
 602    5621    0.004115799
 602     602    2.125900000
 602     603    0.009385897
 602     604    0.001543333
 602     610    0.001303821
 602     611    0.000326342
 602     612    0.002139488
 602     613    0.001330668
 603    5620    0.005604772
 603    5621    0.030086495
 603     602    0.009385897
 603     603    1.975900000
 603     604    0.001143509
 603     610    0.002457620
 603     611    0.000236674
 603     612    0.000088824
 603     613    0.004659583
 604    5620    0.003677229
 604    5621    0.031703990
 604     602    0.001543333
 604     603    0.001143509
 604     604    2.068700000
 604     610    0.001541780
 604     611    0.000703343
 604     612    0.000291849
 604     613    0.001298835
 610    5620    0.005665106
 610    5621    0.002793440
 610     602    0.001303821
 610     603    0.002457620
 610     604    0.001541780
 610     610    2.049000000
 610     611    0.006693910
 610     612    0.003643307
 610     613    0.000569190
 611    5620    0.004551067
 611    5621    0.000412121
 611     602    0.000326342
 611     603    0.000236674
 611     604    0.000703343
 611     610    0.006693910
 611     611    1.997100000
 611     612    0.018244691
 611     613    0.000702716
 612    5620    0.012480189
 612    5621    0.006243006
 612     602    0.002139488
 612     603    0.000088824
 612     604    0.000291849
 612     610    0.003643307
 612     611    0.018244691
 612     612    2.058900000
 612     613    0.000384128
 613    5620    0.006898132
 613    5621    0.008539849
 613     602    0.001330668
 613     603    0.004659583
 613     604    0.001298835
 613     610    0.000569190
 613     611    0.000702716
 613     612    0.000384128
 613     613    1.956400000
