5620    5620    2.315000002
5620    5621    0.005211313
5620     602    0.001844949
5620     603    0.005426855
5620     604    0.001061012
5620     610    0.005140846
5620     611    0.001179633
5620     612    0.008051948
5620     613    0.008947550
5621    5620    0.005211313
5621    5621    2.355499995
5621     602    0.000029990
5621     603    0.028616353
5621     604    0.029640505
5621     610    0.002492152
5621     611    0.000179005
5621     612    0.006668295
5621     613    0.005664747
 602    5620    0.001844949
 602    5621    0.000029990
 602     602    2.053500000
 602     603    0.005279637
 602     604    0.001211364
 602     610    0.002634573
 602     611    0.000944307
 602     612    0.002398965
 602     613    0.000062574
 603    5620    0.005426855
 603    5621    0.028616353
 603     602    0.005279637
 603     603    1.990400000
 603     604    0.000803692
 603     610    0.002302791
 603     611    0.000461486
 603     612    0.000112506
 603     613    0.003236924
 604    5620    0.001061012
 604    5621    0.029640505
 604     602    0.001211364
 604     603    0.000803692
 604     604    2.038500000
 604     610    0.001290964
 604     611    0.000545845
 604     612    0.000112993
 604     613    0.000954650
 610    5620    0.005140846
 610    5621    0.002492152
 610     602    0.002634573
 610     603    0.002302791
 610     604    0.001290964
 610     610    1.999800000
 610     611    0.006652750
 610     612    0.005037904
 610     613    0.000633255
 611    5620    0.001179633
 611    5621    0.000179005
 611     602    0.000944307
 611     603    0.000461486
 611     604    0.000545845
 611     610    0.006652750
 611     611    2.056000000
 611     612    0.015799993
 611     613    0.000884038
 612    5620    0.008051948
 612    5621    0.006668295
 612     602    0.002398965
 612     603    0.000112506
 612     604    0.000112993
 612     610    0.005037904
 612     611    0.015799993
 612     612    2.064600000
 612     613    0.000565841
 613    5620    0.008947550
 613    5621    0.005664747
 613     602    0.000062574
 613     603    0.003236924
 613     604    0.000954650
 613     610    0.000633255
 613     611    0.000884038
 613     612    0.000565841
 613     613    2.075800000
