5620    5620    2.313700002
5620    5621    0.005432138
5620     602    0.001530766
5620     603    0.004827150
5620     604    0.000877191
5620     610    0.000358493
5620     611    0.003635759
5620     612    0.004220614
5620     613    0.007823829
5621    5620    0.005432138
5621    5621    2.136399995
5621     602    0.000611403
5621     603    0.022119521
5621     604    0.033698236
5621     610    0.002761403
5621     611    0.000856213
5621     612    0.007988359
5621     613    0.008265635
 602    5620    0.001530766
 602    5621    0.000611403
 602     602    2.039300000
 602     603    0.005352698
 602     604    0.001133857
 602     610    0.002060893
 602     611    0.000284827
 602     612    0.002124392
 602     613    0.000162597
 603    5620    0.004827150
 603    5621    0.022119521
 603     602    0.005352698
 603     603    2.085300000
 603     604    0.000490087
 603     610    0.002036989
 603     611    0.000065645
 603     612    0.000038798
 603     613    0.003366848
 604    5620    0.000877191
 604    5621    0.033698236
 604     602    0.001133857
 604     603    0.000490087
 604     604    2.066500000
 604     610    0.001643523
 604     611    0.000361313
 604     612    0.000833378
 604     613    0.000911967
 610    5620    0.000358493
 610    5621    0.002761403
 610     602    0.002060893
 610     603    0.002036989
 610     604    0.001643523
 610     610    2.000000000
 610     611    0.007376041
 610     612    0.006922242
 610     613    0.000704732
 611    5620    0.003635759
 611    5621    0.000856213
 611     602    0.000284827
 611     603    0.000065645
 611     604    0.000361313
 611     610    0.007376041
 611     611    2.060700000
 611     612    0.018650690
 611     613    0.000561213
 612    5620    0.004220614
 612    5621    0.007988359
 612     602    0.002124392
 612     603    0.000038798
 612     604    0.000833378
 612     610    0.006922242
 612     611    0.018650690
 612     612    2.161000000
 612     613    0.000217991
 613    5620    0.007823829
 613    5621    0.008265635
 613     602    0.000162597
 613     603    0.003366848
 613     604    0.000911967
 613     610    0.000704732
 613     611    0.000561213
 613     612    0.000217991
 613     613    1.985300000
