5620    5620    2.534500002
5620    5621    0.004950869
5620     602    0.001663062
5620     603    0.004986825
5620     604    0.001431593
5620     610    0.001169565
5620     611    0.002149668
5620     612    0.007778163
5620     613    0.005659184
5621    5620    0.004950869
5621    5621    2.336499995
5621     602    0.004114342
5621     603    0.022558683
5621     604    0.033125728
5621     610    0.003859676
5621     611    0.000484963
5621     612    0.006911492
5621     613    0.008127938
 602    5620    0.001663062
 602    5621    0.004114342
 602     602    2.016200000
 602     603    0.007013385
 602     604    0.001507241
 602     610    0.002675360
 602     611    0.000522091
 602     612    0.002525318
 602     613    0.000246613
 603    5620    0.004986825
 603    5621    0.022558683
 603     602    0.007013385
 603     603    2.050800000
 603     604    0.000922927
 603     610    0.002112438
 603     611    0.000236630
 603     612    0.000053825
 603     613    0.004192396
 604    5620    0.001431593
 604    5621    0.033125728
 604     602    0.001507241
 604     603    0.000922927
 604     604    2.025400000
 604     610    0.002178831
 604     611    0.000289676
 604     612    0.001318612
 604     613    0.000873946
 610    5620    0.001169565
 610    5621    0.003859676
 610     602    0.002675360
 610     603    0.002112438
 610     604    0.002178831
 610     610    2.013900000
 610     611    0.007459066
 610     612    0.005673081
 610     613    0.000459354
 611    5620    0.002149668
 611    5621    0.000484963
 611     602    0.000522091
 611     603    0.000236630
 611     604    0.000289676
 611     610    0.007459066
 611     611    2.020500000
 611     612    0.017590567
 611     613    0.000716183
 612    5620    0.007778163
 612    5621    0.006911492
 612     602    0.002525318
 612     603    0.000053825
 612     604    0.001318612
 612     610    0.005673081
 612     611    0.017590567
 612     612    2.020100000
 612     613    0.000160838
 613    5620    0.005659184
 613    5621    0.008127938
 613     602    0.000246613
 613     603    0.004192396
 613     604    0.000873946
 613     610    0.000459354
 613     611    0.000716183
 613     612    0.000160838
 613     613    1.940300000
