5620    5620    2.403000002
5620    5621    0.006735616
5620     602    0.002119700
5620     603    0.005942190
5620     604    0.003742274
5620     610    0.003984607
5620     611    0.000911291
5620     612    0.013758518
5620     613    0.005310141
5621    5620    0.006735616
5621    5621    2.485099995
5621     602    0.000565676
5621     603    0.021782210
5621     604    0.030411166
5621     610    0.000724984
5621     611    0.000212911
5621     612    0.006960811
5621     613    0.009119001
 602    5620    0.002119700
 602    5621    0.000565676
 602     602    2.033600000
 602     603    0.004558635
 602     604    0.001212606
 602     610    0.001908387
 602     611    0.000657616
 602     612    0.002633386
 602     613    0.000057177
 603    5620    0.005942190
 603    5621    0.021782210
 603     602    0.004558635
 603     603    2.137100000
 603     604    0.000386423
 603     610    0.002201747
 603     611    0.000297101
 603     612    0.000174157
 603     613    0.003890451
 604    5620    0.003742274
 604    5621    0.030411166
 604     602    0.001212606
 604     603    0.000386423
 604     604    2.057200000
 604     610    0.000361173
 604     611    0.000763762
 604     612    0.000469879
 604     613    0.001369793
 610    5620    0.003984607
 610    5621    0.000724984
 610     602    0.001908387
 610     603    0.002201747
 610     604    0.000361173
 610     610    2.065000000
 610     611    0.005848321
 610     612    0.012030667
 610     613    0.000578396
 611    5620    0.000911291
 611    5621    0.000212911
 611     602    0.000657616
 611     603    0.000297101
 611     604    0.000763762
 611     610    0.005848321
 611     611    2.126900000
 611     612    0.018307779
 611     613    0.000682051
 612    5620    0.013758518
 612    5621    0.006960811
 612     602    0.002633386
 612     603    0.000174157
 612     604    0.000469879
 612     610    0.012030667
 612     611    0.018307779
 612     612    2.002900000
 612     613    0.000255481
 613    5620    0.005310141
 613    5621    0.009119001
 613     602    0.000057177
 613     603    0.003890451
 613     604    0.001369793
 613     610    0.000578396
 613     611    0.000682051
 613     612    0.000255481
 613     613    2.059000000
