5620    5620    2.220900002
5620    5621    0.006414495
5620     602    0.000526061
5620     603    0.006338088
5620     604    0.001249721
5620     610    0.005491301
5620     611    0.002125576
5620     612    0.020062304
5620     613    0.005295187
5621    5620    0.006414495
5621    5621    2.339999995
5621     602    0.008028669
5621     603    0.017138284
5621     604    0.031204932
5621     610    0.000554007
5621     611    0.000513609
5621     612    0.008171536
5621     613    0.007772285
 602    5620    0.000526061
 602    5621    0.008028669
 602     602    1.996000000
 602     603    0.012582701
 602     604    0.001800698
 602     610    0.000894417
 602     611    0.000520678
 602     612    0.002718914
 602     613    0.001942800
 603    5620    0.006338088
 603    5621    0.017138284
 603     602    0.012582701
 603     603    1.983600000
 603     604    0.000179429
 603     610    0.002464702
 603     611    0.000492275
 603     612    0.000066150
 603     613    0.004434714
 604    5620    0.001249721
 604    5621    0.031204932
 604     602    0.001800698
 604     603    0.000179429
 604     604    2.045400000
 604     610    0.000830087
 604     611    0.000523557
 604     612    0.000611954
 604     613    0.001152698
 610    5620    0.005491301
 610    5621    0.000554007
 610     602    0.000894417
 610     603    0.002464702
 610     604    0.000830087
 610     610    2.060000000
 610     611    0.006608788
 610     612    0.010190295
 610     613    0.000565983
 611    5620    0.002125576
 611    5621    0.000513609
 611     602    0.000520678
 611     603    0.000492275
 611     604    0.000523557
 611     610    0.006608788
 611     611    2.036800000
 611     612    0.019846886
 611     613    0.000796559
 612    5620    0.020062304
 612    5621    0.008171536
 612     602    0.002718914
 612     603    0.000066150
 612     604    0.000611954
 612     610    0.010190295
 612     611    0.019846886
 612     612    1.951300000
 612     613    0.000115397
 613    5620    0.005295187
 613    5621    0.007772285
 613     602    0.001942800
 613     603    0.004434714
 613     604    0.001152698
 613     610    0.000565983
 613     611    0.000796559
 613     612    0.000115397
 613     613    2.022600000
