5620    5620    2.499200002
5620    5621    0.005064099
5620     602    0.001650152
5620     603    0.005452547
5620     604    0.002882827
5620     610    0.000440220
5620     611    0.000728934
5620     612    0.004406668
5620     613    0.008266671
5621    5620    0.005064099
5621    5621    2.430799995
5621     602    0.001212366
5621     603    0.027759432
5621     604    0.033484846
5621     610    0.002122398
5621     611    0.000275918
5621     612    0.006683312
5621     613    0.006909063
 602    5620    0.001650152
 602    5621    0.001212366
 602     602    2.088500000
 602     603    0.008972283
 602     604    0.001589502
 602     610    0.002154669
 602     611    0.000406580
 602     612    0.002519774
 602     613    0.000145305
 603    5620    0.005452547
 603    5621    0.027759432
 603     602    0.008972283
 603     603    2.079100000
 603     604    0.000699013
 603     610    0.002206443
 603     611    0.000239597
 603     612    0.000056518
 603     613    0.003501477
 604    5620    0.002882827
 604    5621    0.033484846
 604     602    0.001589502
 604     603    0.000699013
 604     604    2.005200000
 604     610    0.001499931
 604     611    0.000214772
 604     612    0.001352995
 604     613    0.000816526
 610    5620    0.000440220
 610    5621    0.002122398
 610     602    0.002154669
 610     603    0.002206443
 610     604    0.001499931
 610     610    2.017400000
 610     611    0.006076217
 610     612    0.003875561
 610     613    0.000698705
 611    5620    0.000728934
 611    5621    0.000275918
 611     602    0.000406580
 611     603    0.000239597
 611     604    0.000214772
 611     610    0.006076217
 611     611    2.098700000
 611     612    0.018214007
 611     613    0.000551473
 612    5620    0.004406668
 612    5621    0.006683312
 612     602    0.002519774
 612     603    0.000056518
 612     604    0.001352995
 612     610    0.003875561
 612     611    0.018214007
 612     612    2.079500000
 612     613    0.000381669
 613    5620    0.008266671
 613    5621    0.006909063
 613     602    0.000145305
 613     603    0.003501477
 613     604    0.000816526
 613     610    0.000698705
 613     611    0.000551473
 613     612    0.000381669
 613     613    1.999900000
