5620    5620     2.299000002
5620    5621    -0.003505929
5620     602     0.000356229
5620     603    -0.005484185
5620     604    -0.003399466
5620     610    -0.001915303
5620     611     0.002407309
5620     612    -0.006873399
5620     613     0.005836562
5621    5620    -0.003505929
5621    5621     2.332499995
5621     602     0.003561747
5621     603     0.009357185
5621     604     0.030744701
5621     610    -0.002370322
5621     611    -0.000939689
5621     612    -0.005711307
5621     613     0.004705845
 602    5620     0.000356229
 602    5621     0.003561747
 602     602     2.054800000
 602     603     0.007040945
 602     604     0.001672434
 602     610    -0.001775398
 602     611    -0.000106537
 602     612     0.002230539
 602     613    -0.000913982
 603    5620    -0.005484185
 603    5621     0.009357185
 603     602     0.007040945
 603     603     2.081200000
 603     604     0.000026675
 603     610     0.001889072
 603     611     0.000285591
 603     612     0.000294336
 603     613     0.003384241
 604    5620    -0.003399466
 604    5621     0.030744701
 604     602     0.001672434
 604     603     0.000026675
 604     604     1.998300000
 604     610    -0.001594370
 604     611    -0.000195252
 604     612     0.001148754
 604     613     0.000861526
 610    5620    -0.001915303
 610    5621    -0.002370322
 610     602    -0.001775398
 610     603     0.001889072
 610     604    -0.001594370
 610     610     2.029500000
 610     611    -0.006798511
 610     612    -0.005052129
 610     613    -0.000432447
 611    5620     0.002407309
 611    5621    -0.000939689
 611     602    -0.000106537
 611     603     0.000285591
 611     604    -0.000195252
 611     610    -0.006798511
 611     611     2.099600000
 611     612     0.015891183
 611     613     0.000595990
 612    5620    -0.006873399
 612    5621    -0.005711307
 612     602     0.002230539
 612     603     0.000294336
 612     604     0.001148754
 612     610    -0.005052129
 612     611     0.015891183
 612     612     2.122300000
 612     613    -0.000367054
 613    5620     0.005836562
 613    5621     0.004705845
 613     602    -0.000913982
 613     603     0.003384241
 613     604     0.000861526
 613     610    -0.000432447
 613     611     0.000595990
 613     612    -0.000367054
 613     613     2.081600000
