5620    5620     2.383700002
5620    5621     0.004167983
5620     602     0.001216152
5620     603     0.005836800
5620     604    -0.000012509
5620     610    -0.008851874
5620     611     0.004560612
5620     612     0.024105048
5620     613    -0.004747022
5621    5620     0.004167983
5621    5621     2.296099995
5621     602     0.002616575
5621     603     0.027218620
5621     604    -0.032062999
5621     610     0.000389938
5621     611     0.000373143
5621     612     0.007415092
5621     613     0.008009704
 602    5620     0.001216152
 602    5621     0.002616575
 602     602     2.026800000
 602     603     0.008153608
 602     604    -0.001356758
 602     610    -0.001627764
 602     611    -0.000314257
 602     612     0.002786458
 602     613    -0.000577234
 603    5620     0.005836800
 603    5621     0.027218620
 603     602     0.008153608
 603     603     1.984300000
 603     604    -0.000747204
 603     610     0.002251592
 603     611     0.000211212
 603     612     0.000239234
 603     613    -0.004703537
 604    5620    -0.000012509
 604    5621    -0.032062999
 604     602    -0.001356758
 604     603    -0.000747204
 604     604     2.120400000
 604     610    -0.000798085
 604     611     0.000355106
 604     612    -0.000629358
 604     613    -0.001053650
 610    5620    -0.008851874
 610    5621     0.000389938
 610     602    -0.001627764
 610     603     0.002251592
 610     604    -0.000798085
 610     610     2.062000000
 610     611    -0.006669479
 610     612    -0.012512305
 610     613     0.000615220
 611    5620     0.004560612
 611    5621     0.000373143
 611     602    -0.000314257
 611     603     0.000211212
 611     604     0.000355106
 611     610    -0.006669479
 611     611     2.135400000
 611     612     0.016602047
 611     613     0.000568440
 612    5620     0.024105048
 612    5621     0.007415092
 612     602     0.002786458
 612     603     0.000239234
 612     604    -0.000629358
 612     610    -0.012512305
 612     611     0.016602047
 612     612     1.998500000
 612     613    -0.000034225
 613    5620    -0.004747022
 613    5621     0.008009704
 613     602    -0.000577234
 613     603    -0.004703537
 613     604    -0.001053650
 613     610     0.000615220
 613     611     0.000568440
 613     612    -0.000034225
 613     613     1.980400000
