5620    5620    2.569000002
5620    5621    0.003908607
5620     602    0.001343529
5620     603    0.004995956
5620     604    0.000059329
5620     610    0.001252989
5620     611    0.001861646
5620     612    0.014155812
5620     613    0.007092087
5621    5620    0.003908607
5621    5621    2.309499995
5621     602    0.002114466
5621     603    0.018002525
5621     604    0.029868116
5621     610    0.002260806
5621     611    0.000355472
5621     612    0.007394246
5621     613    0.007043252
 602    5620    0.001343529
 602    5621    0.002114466
 602     602    1.994100000
 602     603    0.009564504
 602     604    0.001532838
 602     610    0.002012185
 602     611    0.000549428
 602     612    0.002875536
 602     613    0.000378946
 603    5620    0.004995956
 603    5621    0.018002525
 603     602    0.009564504
 603     603    2.098000000
 603     604    0.000518366
 603     610    0.002059810
 603     611    0.000270781
 603     612    0.000203014
 603     613    0.003229903
 604    5620    0.000059329
 604    5621    0.029868116
 604     602    0.001532838
 604     603    0.000518366
 604     604    2.019600000
 604     610    0.001066663
 604     611    0.000538531
 604     612    0.000432096
 604     613    0.000917321
 610    5620    0.001252989
 610    5621    0.002260806
 610     602    0.002012185
 610     603    0.002059810
 610     604    0.001066663
 610     610    2.101200000
 610     611    0.007364641
 610     612    0.006706980
 610     613    0.000658050
 611    5620    0.001861646
 611    5621    0.000355472
 611     602    0.000549428
 611     603    0.000270781
 611     604    0.000538531
 611     610    0.007364641
 611     611    2.078000000
 611     612    0.016241507
 611     613    0.000719991
 612    5620    0.014155812
 612    5621    0.007394246
 612     602    0.002875536
 612     603    0.000203014
 612     604    0.000432096
 612     610    0.006706980
 612     611    0.016241507
 612     612    2.063100000
 612     613    0.000036820
 613    5620    0.007092087
 613    5621    0.007043252
 613     602    0.000378946
 613     603    0.003229903
 613     604    0.000917321
 613     610    0.000658050
 613     611    0.000719991
 613     612    0.000036820
 613     613    2.072900000
