5620    5620    2.364300002
5620    5621    0.005890180
5620     602    0.001767624
5620     603    0.005558450
5620     604    0.001300587
5620     610    0.004278782
5620     611    0.003805011
5620     612    0.019024604
5620     613    0.007497468
5621    5620    0.005890180
5621    5621    2.438399995
5621     602    0.000672100
5621     603    0.025175764
5621     604    0.030219132
5621     610    0.001478427
5621     611    0.000251889
5621     612    0.007996538
5621     613    0.007127771
 602    5620    0.001767624
 602    5621    0.000672100
 602     602    1.974100000
 602     603    0.007966257
 602     604    0.001370922
 602     610    0.002344141
 602     611    0.001119979
 602     612    0.003243245
 602     613    0.000207528
 603    5620    0.005558450
 603    5621    0.025175764
 603     602    0.007966257
 603     603    2.002900000
 603     604    0.000761780
 603     610    0.002206690
 603     611    0.000159464
 603     612    0.000230015
 603     613    0.003334627
 604    5620    0.001300587
 604    5621    0.030219132
 604     602    0.001370922
 604     603    0.000761780
 604     604    2.058400000
 604     610    0.000945275
 604     611    0.000519995
 604     612    0.000259770
 604     613    0.000795559
 610    5620    0.004278782
 610    5621    0.001478427
 610     602    0.002344141
 610     603    0.002206690
 610     604    0.000945275
 610     610    2.026000000
 610     611    0.006421805
 610     612    0.009075887
 610     613    0.000621322
 611    5620    0.003805011
 611    5621    0.000251889
 611     602    0.001119979
 611     603    0.000159464
 611     604    0.000519995
 611     610    0.006421805
 611     611    2.049200000
 611     612    0.021363304
 611     613    0.000480550
 612    5620    0.019024604
 612    5621    0.007996538
 612     602    0.003243245
 612     603    0.000230015
 612     604    0.000259770
 612     610    0.009075887
 612     611    0.021363304
 612     612    1.929300000
 612     613    0.000005325
 613    5620    0.007497468
 613    5621    0.007127771
 613     602    0.000207528
 613     603    0.003334627
 613     604    0.000795559
 613     610    0.000621322
 613     611    0.000480550
 613     612    0.000005325
 613     613    2.029500000
