5620    5620     2.185700002
5620    5621     0.005779090
5620     602     0.001598893
5620     603     0.005704387
5620     604    -0.002205670
5620     610     0.002609870
5620     611     0.003917133
5620     612     0.010735539
5620     613    -0.003279757
5621    5620     0.005779090
5621    5621     2.342499995
5621     602    -0.002174679
5621     603     0.029685188
5621     604    -0.032998164
5621     610    -0.002828580
5621     611    -0.000390514
5621     612    -0.006783704
5621     613     0.007713438
 602    5620     0.001598893
 602    5621    -0.002174679
 602     602     2.022600000
 602     603     0.006884968
 602     604    -0.001321615
 602     610     0.001979348
 602     611     0.000088204
 602     612    -0.002124583
 602     613    -0.000298743
 603    5620     0.005704387
 603    5621     0.029685188
 603     602     0.006884968
 603     603     1.947100000
 603     604    -0.001754402
 603     610    -0.002276858
 603     611    -0.000177925
 603     612    -0.000269035
 603     613    -0.003720860
 604    5620    -0.002205670
 604    5621    -0.032998164
 604     602    -0.001321615
 604     603    -0.001754402
 604     604     1.958300000
 604     610    -0.001649714
 604     611    -0.000741789
 604     612     0.000133409
 604     613    -0.001177683
 610    5620     0.002609870
 610    5621    -0.002828580
 610     602     0.001979348
 610     603    -0.002276858
 610     604    -0.001649714
 610     610     2.031200000
 610     611    -0.008217069
 610     612    -0.006017506
 610     613    -0.000395897
 611    5620     0.003917133
 611    5621    -0.000390514
 611     602     0.000088204
 611     603    -0.000177925
 611     604    -0.000741789
 611     610    -0.008217069
 611     611     1.968700000
 611     612     0.019396992
 611     613     0.000594983
 612    5620     0.010735539
 612    5621    -0.006783704
 612     602    -0.002124583
 612     603    -0.000269035
 612     604     0.000133409
 612     610    -0.006017506
 612     611     0.019396992
 612     612     2.024100000
 612     613     0.000066631
 613    5620    -0.003279757
 613    5621     0.007713438
 613     602    -0.000298743
 613     603    -0.003720860
 613     604    -0.001177683
 613     610    -0.000395897
 613     611     0.000594983
 613     612     0.000066631
 613     613     2.085000000
