5620    5620    2.383100002
5620    5621    0.005407918
5620     602    0.000016923
5620     603    0.006026197
5620     604    0.002668814
5620     610    0.002695101
5620     611    0.002474679
5620     612    0.008302144
5620     613    0.006888962
5621    5620    0.005407918
5621    5621    2.277999995
5621     602    0.000601526
5621     603    0.010934212
5621     604    0.026390850
5621     610    0.002165210
5621     611    0.001079171
5621     612    0.007648209
5621     613    0.008065081
 602    5620    0.000016923
 602    5621    0.000601526
 602     602    2.110700000
 602     603    0.006014843
 602     604    0.001350661
 602     610    0.001520877
 602     611    0.000095132
 602     612    0.002457161
 602     613    0.001343038
 603    5620    0.006026197
 603    5621    0.010934212
 603     602    0.006014843
 603     603    2.061500000
 603     604    0.000025852
 603     610    0.002210568
 603     611    0.000152319
 603     612    0.000248471
 603     613    0.004190078
 604    5620    0.002668814
 604    5621    0.026390850
 604     602    0.001350661
 604     603    0.000025852
 604     604    2.074200000
 604     610    0.001006914
 604     611    0.000603409
 604     612    0.000519788
 604     613    0.001141145
 610    5620    0.002695101
 610    5621    0.002165210
 610     602    0.001520877
 610     603    0.002210568
 610     604    0.001006914
 610     610    2.040300000
 610     611    0.006753786
 610     612    0.007517273
 610     613    0.000610395
 611    5620    0.002474679
 611    5621    0.001079171
 611     602    0.000095132
 611     603    0.000152319
 611     604    0.000603409
 611     610    0.006753786
 611     611    2.111700000
 611     612    0.017726371
 611     613    0.000577936
 612    5620    0.008302144
 612    5621    0.007648209
 612     602    0.002457161
 612     603    0.000248471
 612     604    0.000519788
 612     610    0.007517273
 612     611    0.017726371
 612     612    2.002600000
 612     613    0.000199056
 613    5620    0.006888962
 613    5621    0.008065081
 613     602    0.001343038
 613     603    0.004190078
 613     604    0.001141145
 613     610    0.000610395
 613     611    0.000577936
 613     612    0.000199056
 613     613    1.992600000
