5620    5620     2.595100002
5620    5621    -0.004410554
5620     602    -0.000273469
5620     603     0.006259276
5620     604    -0.004659906
5620     610     0.005083173
5620     611    -0.001259329
5620     612    -0.004321537
5620     613     0.006130712
5621    5620    -0.004410554
5621    5621     2.259399995
5621     602    -0.000072212
5621     603     0.027782127
5621     604    -0.027220860
5621     610    -0.004207750
5621     611     0.001010869
5621     612     0.008638530
5621     613     0.007593512
 602    5620    -0.000273469
 602    5621    -0.000072212
 602     602     2.096500000
 602     603     0.008812744
 602     604    -0.001676023
 602     610    -0.001912657
 602     611     0.000264353
 602     612    -0.002618626
 602     613     0.001122398
 603    5620     0.006259276
 603    5621     0.027782127
 603     602     0.008812744
 603     603     1.975500000
 603     604     0.001621819
 603     610    -0.002449027
 603     611     0.000141145
 603     612    -0.000164276
 603     613    -0.004667999
 604    5620    -0.004659906
 604    5621    -0.027220860
 604     602    -0.001676023
 604     603     0.001621819
 604     604     2.028100000
 604     610     0.002418990
 604     611     0.000871415
 604     612     0.001042558
 604     613     0.001270560
 610    5620     0.005083173
 610    5621    -0.004207750
 610     602    -0.001912657
 610     603    -0.002449027
 610     604     0.002418990
 610     610     1.985900000
 610     611    -0.007298270
 610     612     0.003852592
 610     613    -0.000501338
 611    5620    -0.001259329
 611    5621     0.001010869
 611     602     0.000264353
 611     603     0.000141145
 611     604     0.000871415
 611     610    -0.007298270
 611     611     2.065700000
 611     612    -0.016801615
 611     613     0.000591225
 612    5620    -0.004321537
 612    5621     0.008638530
 612     602    -0.002618626
 612     603    -0.000164276
 612     604     0.001042558
 612     610     0.003852592
 612     611    -0.016801615
 612     612     2.043800000
 612     613    -0.000220283
 613    5620     0.006130712
 613    5621     0.007593512
 613     602     0.001122398
 613     603    -0.004667999
 613     604     0.001270560
 613     610    -0.000501338
 613     611     0.000591225
 613     612    -0.000220283
 613     613     1.947700000
