5620    5620    2.362200002
5620    5621    0.007881112
5620     602    0.000653288
5620     603    0.006087282
5620     604    0.000199754
5620     610    0.003728229
5620     611    0.002869435
5620     612    0.017422203
5620     613    0.005413292
5621    5620    0.007881112
5621    5621    2.294799995
5621     602    0.003337676
5621     603    0.018494020
5621     604    0.031647870
5621     610    0.003532973
5621     611    0.000050558
5621     612    0.007104787
5621     613    0.008153728
 602    5620    0.000653288
 602    5621    0.003337676
 602     602    2.055800000
 602     603    0.005683728
 602     604    0.001513418
 602     610    0.001900081
 602     611    0.000258081
 602     612    0.002644774
 602     613    0.000998218
 603    5620    0.006087282
 603    5621    0.018494020
 603     602    0.005683728
 603     603    2.066200000
 603     604    0.000284196
 603     610    0.002281693
 603     611    0.000308871
 603     612    0.000163683
 603     613    0.004089306
 604    5620    0.000199754
 604    5621    0.031647870
 604     602    0.001513418
 604     603    0.000284196
 604     604    2.032100000
 604     610    0.001588124
 604     611    0.000443057
 604     612    0.000663582
 604     613    0.000909633
 610    5620    0.003728229
 610    5621    0.003532973
 610     602    0.001900081
 610     603    0.002281693
 610     604    0.001588124
 610     610    2.068500000
 610     611    0.005858223
 610     612    0.004051167
 610     613    0.000416243
 611    5620    0.002869435
 611    5621    0.000050558
 611     602    0.000258081
 611     603    0.000308871
 611     604    0.000443057
 611     610    0.005858223
 611     611    2.066900000
 611     612    0.017814437
 611     613    0.000649608
 612    5620    0.017422203
 612    5621    0.007104787
 612     602    0.002644774
 612     603    0.000163683
 612     604    0.000663582
 612     610    0.004051167
 612     611    0.017814437
 612     612    2.096700000
 612     613    0.000091926
 613    5620    0.005413292
 613    5621    0.008153728
 613     602    0.000998218
 613     603    0.004089306
 613     604    0.000909633
 613     610    0.000416243
 613     611    0.000649608
 613     612    0.000091926
 613     613    1.983600000
