5620    5620    2.226400002
5620    5621    0.004417624
5620     602    0.001530054
5620     603    0.005789303
5620     604    0.002516691
5620     610    0.000601002
5620     611    0.000075253
5620     612    0.006602033
5620     613    0.006865448
5621    5620    0.004417624
5621    5621    2.286099995
5621     602    0.003079586
5621     603    0.020592832
5621     604    0.032416395
5621     610    0.003102306
5621     611    0.000656114
5621     612    0.006634954
5621     613    0.010693253
 602    5620    0.001530054
 602    5621    0.003079586
 602     602    2.049900000
 602     603    0.005422502
 602     604    0.001384039
 602     610    0.002211751
 602     611    0.000424762
 602     612    0.002664399
 602     613    0.000565460
 603    5620    0.005789303
 603    5621    0.020592832
 603     602    0.005422502
 603     603    2.080500000
 603     604    0.000227783
 603     610    0.001954939
 603     611    0.000489732
 603     612    0.000357725
 603     613    0.004378662
 604    5620    0.002516691
 604    5621    0.032416395
 604     602    0.001384039
 604     603    0.000227783
 604     604    2.086300000
 604     610    0.001553936
 604     611    0.000729773
 604     612    0.000668951
 604     613    0.001418472
 610    5620    0.000601002
 610    5621    0.003102306
 610     602    0.002211751
 610     603    0.001954939
 610     604    0.001553936
 610     610    1.935400000
 610     611    0.006336908
 610     612    0.006937606
 610     613    0.000499583
 611    5620    0.000075253
 611    5621    0.000656114
 611     602    0.000424762
 611     603    0.000489732
 611     604    0.000729773
 611     610    0.006336908
 611     611    1.965000000
 611     612    0.016679352
 611     613    0.001064537
 612    5620    0.006602033
 612    5621    0.006634954
 612     602    0.002664399
 612     603    0.000357725
 612     604    0.000668951
 612     610    0.006937606
 612     611    0.016679352
 612     612    2.063300000
 612     613    0.000344622
 613    5620    0.006865448
 613    5621    0.010693253
 613     602    0.000565460
 613     603    0.004378662
 613     604    0.001418472
 613     610    0.000499583
 613     611    0.001064537
 613     612    0.000344622
 613     613    1.952900000
