5620    5620     2.359600002
5620    5621     0.004792348
5620     602    -0.001095733
5620     603     0.006630493
5620     604     0.001120750
5620     610    -0.003063694
5620     611    -0.001766448
5620     612     0.007381083
5620     613     0.009741763
5621    5620     0.004792348
5621    5621     2.220499995
5621     602     0.001626601
5621     603     0.019403117
5621     604     0.033573360
5621     610     0.003200761
5621     611    -0.000345728
5621     612     0.007504338
5621     613     0.005344860
 602    5620    -0.001095733
 602    5621     0.001626601
 602     602     1.987100000
 602     603    -0.008827642
 602     604    -0.001581657
 602     610    -0.001869742
 602     611    -0.000111042
 602     612    -0.002432815
 602     613    -0.000415806
 603    5620     0.006630493
 603    5621     0.019403117
 603     602    -0.008827642
 603     603     2.003200000
 603     604     0.000483129
 603     610     0.002106849
 603     611     0.000352302
 603     612     0.000184399
 603     613     0.003341995
 604    5620     0.001120750
 604    5621     0.033573360
 604     602    -0.001581657
 604     603     0.000483129
 604     604     2.032100000
 604     610     0.001446273
 604     611     0.000453354
 604     612     0.000965727
 604     613     0.000775119
 610    5620    -0.003063694
 610    5621     0.003200761
 610     602    -0.001869742
 610     603     0.002106849
 610     604     0.001446273
 610     610     2.061100000
 610     611     0.006291777
 610     612    -0.000160983
 610     613     0.000485039
 611    5620    -0.001766448
 611    5621    -0.000345728
 611     602    -0.000111042
 611     603     0.000352302
 611     604     0.000453354
 611     610     0.006291777
 611     611     2.034100000
 611     612    -0.017062569
 611     613     0.000715244
 612    5620     0.007381083
 612    5621     0.007504338
 612     602    -0.002432815
 612     603     0.000184399
 612     604     0.000965727
 612     610    -0.000160983
 612     611    -0.017062569
 612     612     2.047800000
 612     613     0.000450917
 613    5620     0.009741763
 613    5621     0.005344860
 613     602    -0.000415806
 613     603     0.003341995
 613     604     0.000775119
 613     610     0.000485039
 613     611     0.000715244
 613     612     0.000450917
 613     613     1.996100000
