5620    5620     2.382200002
5620    5621     0.007669130
5620     602    -0.001401466
5620     603     0.006042835
5620     604     0.000224088
5620     610    -0.002877893
5620     611     0.001187461
5620     612     0.013791643
5620     613     0.008706433
5621    5620     0.007669130
5621    5621     2.182999995
5621     602     0.001612631
5621     603    -0.026149984
5621     604     0.032069375
5621     610    -0.001150599
5621     611    -0.000276288
5621     612     0.007749646
5621     613    -0.007735097
 602    5620    -0.001401466
 602    5621     0.001612631
 602     602     2.062600000
 602     603     0.006652109
 602     604     0.001236734
 602     610     0.001531321
 602     611    -0.000584522
 602     612    -0.002406794
 602     613    -0.000142216
 603    5620     0.006042835
 603    5621    -0.026149984
 603     602     0.006652109
 603     603     2.015300000
 603     604    -0.000379862
 603     610     0.002237604
 603     611    -0.000551230
 603     612    -0.000006281
 603     613     0.003723812
 604    5620     0.000224088
 604    5621     0.032069375
 604     602     0.001236734
 604     603    -0.000379862
 604     604     2.039800000
 604     610     0.000712220
 604     611     0.000474382
 604     612    -0.000406187
 604     613     0.000848919
 610    5620    -0.002877893
 610    5621    -0.001150599
 610     602     0.001531321
 610     603     0.002237604
 610     604     0.000712220
 610     610     2.073100000
 610     611    -0.005805499
 610     612    -0.008200079
 610     613     0.000720694
 611    5620     0.001187461
 611    5621    -0.000276288
 611     602    -0.000584522
 611     603    -0.000551230
 611     604     0.000474382
 611     610    -0.005805499
 611     611     2.034200000
 611     612     0.017261006
 611     613     0.000893031
 612    5620     0.013791643
 612    5621     0.007749646
 612     602    -0.002406794
 612     603    -0.000006281
 612     604    -0.000406187
 612     610    -0.008200079
 612     611     0.017261006
 612     612     1.971100000
 612     613     0.000120575
 613    5620     0.008706433
 613    5621    -0.007735097
 613     602    -0.000142216
 613     603     0.003723812
 613     604     0.000848919
 613     610     0.000720694
 613     611     0.000893031
 613     612     0.000120575
 613     613     1.944300000
