5620    5620    2.329700002
5620    5621    0.005649268
5620     602    0.000472211
5620     603    0.005333899
5620     604    0.000420227
5620     610    0.004866840
5620     611    0.000393643
5620     612    0.000370486
5620     613    0.005946781
5621    5620    0.005649268
5621    5621    2.307099995
5621     602    0.001573648
5621     603    0.019620441
5621     604    0.029354184
5621     610    0.003028499
5621     611    0.000323986
5621     612    0.006129353
5621     613    0.009364314
 602    5620    0.000472211
 602    5621    0.001573648
 602     602    2.081600000
 602     603    0.007924888
 602     604    0.001707021
 602     610    0.001706254
 602     611    0.000300421
 602     612    0.002396167
 602     613    0.000915905
 603    5620    0.005333899
 603    5621    0.019620441
 603     602    0.007924888
 603     603    2.115700000
 603     604    0.000455691
 603     610    0.002136144
 603     611    0.000508497
 603     612    0.000138944
 603     613    0.003768954
 604    5620    0.000420227
 604    5621    0.029354184
 604     602    0.001707021
 604     603    0.000455691
 604     604    2.039700000
 604     610    0.001723726
 604     611    0.000598139
 604     612    0.000012300
 604     613    0.001141080
 610    5620    0.004866840
 610    5621    0.003028499
 610     602    0.001706254
 610     603    0.002136144
 610     604    0.001723726
 610     610    1.987800000
 610     611    0.006994332
 610     612    0.007079799
 610     613    0.000601988
 611    5620    0.000393643
 611    5621    0.000323986
 611     602    0.000300421
 611     603    0.000508497
 611     604    0.000598139
 611     610    0.006994332
 611     611    2.076300000
 611     612    0.014195375
 611     613    0.000839368
 612    5620    0.000370486
 612    5621    0.006129353
 612     602    0.002396167
 612     603    0.000138944
 612     604    0.000012300
 612     610    0.007079799
 612     611    0.014195375
 612     612    2.059700000
 612     613    0.000201612
 613    5620    0.005946781
 613    5621    0.009364314
 613     602    0.000915905
 613     603    0.003768954
 613     604    0.001141080
 613     610    0.000601988
 613     611    0.000839368
 613     612    0.000201612
 613     613    1.970700000
