5620    5620     2.295900002
5620    5621     0.005506108
5620     602     0.000386585
5620     603    -0.006391572
5620     604    -0.000991669
5620     610    -0.000992168
5620     611    -0.000908897
5620     612     0.019247173
5620     613     0.009209136
5621    5620     0.005506108
5621    5621     2.382299995
5621     602    -0.002199543
5621     603     0.020239131
5621     604     0.028919719
5621     610     0.002766805
5621     611     0.000003986
5621     612     0.008293849
5621     613     0.006078865
 602    5620     0.000386585
 602    5621    -0.002199543
 602     602     2.016900000
 602     603     0.007194112
 602     604    -0.001575459
 602     610    -0.001761157
 602     611     0.000421162
 602     612     0.002667098
 602     613    -0.000981802
 603    5620    -0.006391572
 603    5621     0.020239131
 603     602     0.007194112
 603     603     2.046800000
 603     604    -0.000017187
 603     610     0.002336476
 603     611    -0.000633062
 603     612    -0.000100984
 603     613     0.004055238
 604    5620    -0.000991669
 604    5621     0.028919719
 604     602    -0.001575459
 604     603    -0.000017187
 604     604     2.105800000
 604     610     0.001428107
 604     611     0.000383966
 604     612     0.000940288
 604     613     0.000753586
 610    5620    -0.000992168
 610    5621     0.002766805
 610     602    -0.001761157
 610     603     0.002336476
 610     604     0.001428107
 610     610     2.029500000
 610     611     0.007227648
 610     612    -0.006545524
 610     613     0.000626325
 611    5620    -0.000908897
 611    5621     0.000003986
 611     602     0.000421162
 611     603    -0.000633062
 611     604     0.000383966
 611     610     0.007227648
 611     611     2.048600000
 611     612     0.021492254
 611     613    -0.000955959
 612    5620     0.019247173
 612    5621     0.008293849
 612     602     0.002667098
 612     603    -0.000100984
 612     604     0.000940288
 612     610    -0.006545524
 612     611     0.021492254
 612     612     2.096800000
 612     613    -0.000036541
 613    5620     0.009209136
 613    5621     0.006078865
 613     602    -0.000981802
 613     603     0.004055238
 613     604     0.000753586
 613     610     0.000626325
 613     611    -0.000955959
 613     612    -0.000036541
 613     613     1.960100000
