5620    5620    2.341600002
5620    5621    0.008040416
5620     602    0.000040390
5620     603    0.005436411
5620     604    0.002208891
5620     610    0.004982314
5620     611    0.004610070
5620     612    0.012796305
5620     613    0.007601249
5621    5620    0.008040416
5621    5621    2.371499995
5621     602    0.008989966
5621     603    0.028789617
5621     604    0.029992831
5621     610    0.001999150
5621     611    0.000272213
5621     612    0.006603744
5621     613    0.008995656
 602    5620    0.000040390
 602    5621    0.008989966
 602     602    2.070200000
 602     603    0.007952125
 602     604    0.001505563
 602     610    0.001140581
 602     611    0.000368783
 602     612    0.002541821
 602     613    0.001559057
 603    5620    0.005436411
 603    5621    0.028789617
 603     602    0.007952125
 603     603    2.031700000
 603     604    0.001117675
 603     610    0.002292350
 603     611    0.000148574
 603     612    0.000113766
 603     613    0.003805772
 604    5620    0.002208891
 604    5621    0.029992831
 604     602    0.001505563
 604     603    0.001117675
 604     604    2.089000000
 604     610    0.001296183
 604     611    0.000458542
 604     612    0.000284728
 604     613    0.000830197
 610    5620    0.004982314
 610    5621    0.001999150
 610     602    0.001140581
 610     603    0.002292350
 610     604    0.001296183
 610     610    2.055200000
 610     611    0.006757852
 610     612    0.005100276
 610     613    0.000712077
 611    5620    0.004610070
 611    5621    0.000272213
 611     602    0.000368783
 611     603    0.000148574
 611     604    0.000458542
 611     610    0.006757852
 611     611    2.050200000
 611     612    0.020639425
 611     613    0.000672469
 612    5620    0.012796305
 612    5621    0.006603744
 612     602    0.002541821
 612     603    0.000113766
 612     604    0.000284728
 612     610    0.005100276
 612     611    0.020639425
 612     612    2.074500000
 612     613    0.000478744
 613    5620    0.007601249
 613    5621    0.008995656
 613     602    0.001559057
 613     603    0.003805772
 613     604    0.000830197
 613     610    0.000712077
 613     611    0.000672469
 613     612    0.000478744
 613     613    2.003000000
