5620    5620    2.338400002
5620    5621    0.006330041
5620     602    0.000286472
5620     603    0.006057594
5620     604    0.001703623
5620     610    0.002078784
5620     611    0.001350716
5620     612    0.016206457
5620     613    0.004060845
5621    5620    0.006330041
5621    5621    2.184399995
5621     602    0.003542077
5621     603    0.021834063
5621     604    0.037972789
5621     610    0.002215289
5621     611    0.000401644
5621     612    0.006953057
5621     613    0.011133122
 602    5620    0.000286472
 602    5621    0.003542077
 602     602    2.064500000
 602     603    0.006367435
 602     604    0.001733008
 602     610    0.001904687
 602     611    0.000215379
 602     612    0.002614312
 602     613    0.001392979
 603    5620    0.006057594
 603    5621    0.021834063
 603     602    0.006367435
 603     603    2.072900000
 603     604    0.000057781
 603     610    0.002107424
 603     611    0.000366968
 603     612    0.000148269
 603     613    0.004816403
 604    5620    0.001703623
 604    5621    0.037972789
 604     602    0.001733008
 604     603    0.000057781
 604     604    2.037600000
 604     610    0.001431382
 604     611    0.000477919
 604     612    0.000893664
 604     613    0.001223911
 610    5620    0.002078784
 610    5621    0.002215289
 610     602    0.001904687
 610     603    0.002107424
 610     604    0.001431382
 610     610    2.053100000
 610     611    0.006875436
 610     612    0.004037243
 610     613    0.000386757
 611    5620    0.001350716
 611    5621    0.000401644
 611     602    0.000215379
 611     603    0.000366968
 611     604    0.000477919
 611     610    0.006875436
 611     611    2.043800000
 611     612    0.018911124
 611     613    0.000828759
 612    5620    0.016206457
 612    5621    0.006953057
 612     602    0.002614312
 612     603    0.000148269
 612     604    0.000893664
 612     610    0.004037243
 612     611    0.018911124
 612     612    2.026500000
 612     613    0.000049015
 613    5620    0.004060845
 613    5621    0.011133122
 613     602    0.001392979
 613     603    0.004816403
 613     604    0.001223911
 613     610    0.000386757
 613     611    0.000828759
 613     612    0.000049015
 613     613    2.017700000
