5620    5620     2.456600002
5620    5621    -0.005729595
5620     602     0.001177489
5620     603    -0.005629067
5620     604     0.002722782
5620     610     0.002078439
5620     611    -0.003174283
5620     612    -0.011938313
5620     613     0.009017488
5621    5620    -0.005729595
5621    5621     2.343599995
5621     602     0.001231387
5621     603     0.022627340
5621     604    -0.036416987
5621     610     0.001310477
5621     611    -0.000997793
5621     612    -0.007437737
5621     613     0.005992693
 602    5620     0.001177489
 602    5621     0.001231387
 602     602     2.168100000
 602     603     0.006365100
 602     604     0.001477223
 602     610     0.001918714
 602     611    -0.000157866
 602     612     0.002514506
 602     613     0.000199992
 603    5620    -0.005629067
 603    5621     0.022627340
 603     602     0.006365100
 603     603     2.149100000
 603     604     0.000102001
 603     610    -0.002284438
 603     611     0.000147172
 603     612    -0.000086008
 603     613     0.003009631
 604    5620     0.002722782
 604    5621    -0.036416987
 604     602     0.001477223
 604     603     0.000102001
 604     604     2.044200000
 604     610     0.000810118
 604     611    -0.000798189
 604     612     0.000714791
 604     613    -0.001098275
 610    5620     0.002078439
 610    5621     0.001310477
 610     602     0.001918714
 610     603    -0.002284438
 610     604     0.000810118
 610     610     2.003100000
 610     611    -0.008124089
 610     612    -0.013419267
 610     613    -0.000755473
 611    5620    -0.003174283
 611    5621    -0.000997793
 611     602    -0.000157866
 611     603     0.000147172
 611     604    -0.000798189
 611     610    -0.008124089
 611     611     2.040500000
 611     612     0.017897288
 611     613     0.000381372
 612    5620    -0.011938313
 612    5621    -0.007437737
 612     602     0.002514506
 612     603    -0.000086008
 612     604     0.000714791
 612     610    -0.013419267
 612     611     0.017897288
 612     612     2.041000000
 612     613     0.000032656
 613    5620     0.009017488
 613    5621     0.005992693
 613     602     0.000199992
 613     603     0.003009631
 613     604    -0.001098275
 613     610    -0.000755473
 613     611     0.000381372
 613     612     0.000032656
 613     613     2.046200000
