5620    5620    2.524300002
5620    5621    0.004592428
5620     602    0.000717014
5620     603    0.005607006
5620     604    0.000405656
5620     610    0.002055531
5620     611    0.000688519
5620     612    0.005602506
5620     613    0.007939996
5621    5620    0.004592428
5621    5621    2.299299995
5621     602    0.000125276
5621     603    0.014666119
5621     604    0.028223280
5621     610    0.001055301
5621     611    0.000205589
5621     612    0.006482417
5621     613    0.006601487
 602    5620    0.000717014
 602    5621    0.000125276
 602     602    2.009200000
 602     603    0.006304348
 602     604    0.001566860
 602     610    0.001613718
 602     611    0.000396218
 602     612    0.002630853
 602     613    0.000935069
 603    5620    0.005607006
 603    5621    0.014666119
 603     602    0.006304348
 603     603    2.093300000
 603     604    0.000265469
 603     610    0.002104005
 603     611    0.000301783
 603     612    0.000255028
 603     613    0.003692002
 604    5620    0.000405656
 604    5621    0.028223280
 604     602    0.001566860
 604     603    0.000265469
 604     604    2.097800000
 604     610    0.000738661
 604     611    0.000477808
 604     612    0.000248186
 604     613    0.000979711
 610    5620    0.002055531
 610    5621    0.001055301
 610     602    0.001613718
 610     603    0.002104005
 610     604    0.000738661
 610     610    2.092300000
 610     611    0.006015563
 610     612    0.005851208
 610     613    0.000667356
 611    5620    0.000688519
 611    5621    0.000205589
 611     602    0.000396218
 611     603    0.000301783
 611     604    0.000477808
 611     610    0.006015563
 611     611    2.084200000
 611     612    0.016665079
 611     613    0.000667012
 612    5620    0.005602506
 612    5621    0.006482417
 612     602    0.002630853
 612     603    0.000255028
 612     604    0.000248186
 612     610    0.005851208
 612     611    0.016665079
 612     612    2.141000000
 612     613    0.000278755
 613    5620    0.007939996
 613    5621    0.006601487
 613     602    0.000935069
 613     603    0.003692002
 613     604    0.000979711
 613     610    0.000667356
 613     611    0.000667012
 613     612    0.000278755
 613     613    1.993300000
