5620    5620     2.351700002
5620    5621     0.005549818
5620     602     0.000773654
5620     603    -0.004859393
5620     604    -0.002026721
5620     610    -0.000121562
5620     611     0.001852371
5620     612    -0.007348218
5620     613    -0.007059422
5621    5620     0.005549818
5621    5621     2.473499995
5621     602     0.002479020
5621     603    -0.019263754
5621     604     0.034991655
5621     610     0.002123649
5621     611    -0.000113161
5621     612    -0.006981480
5621     613     0.007196185
 602    5620     0.000773654
 602    5621     0.002479020
 602     602     2.087900000
 602     603     0.006625026
 602     604    -0.001615177
 602     610     0.001526445
 602     611     0.000277693
 602     612    -0.002367792
 602     613     0.000677613
 603    5620    -0.004859393
 603    5621    -0.019263754
 603     602     0.006625026
 603     603     2.121500000
 603     604     0.000490784
 603     610     0.001748331
 603     611     0.000326351
 603     612    -0.000053357
 603     613     0.003413630
 604    5620    -0.002026721
 604    5621     0.034991655
 604     602    -0.001615177
 604     603     0.000490784
 604     604     1.993400000
 604     610     0.001464504
 604     611     0.000498079
 604     612     0.001055442
 604     613     0.001086629
 610    5620    -0.000121562
 610    5621     0.002123649
 610     602     0.001526445
 610     603     0.001748331
 610     604     0.001464504
 610     610     2.073600000
 610     611    -0.006448489
 610     612    -0.004845082
 610     613     0.000509435
 611    5620     0.001852371
 611    5621    -0.000113161
 611     602     0.000277693
 611     603     0.000326351
 611     604     0.000498079
 611     610    -0.006448489
 611     611     1.994500000
 611     612    -0.020453254
 611     613     0.000835683
 612    5620    -0.007348218
 612    5621    -0.006981480
 612     602    -0.002367792
 612     603    -0.000053357
 612     604     0.001055442
 612     610    -0.004845082
 612     611    -0.020453254
 612     612     2.053400000
 612     613     0.000251625
 613    5620    -0.007059422
 613    5621     0.007196185
 613     602     0.000677613
 613     603     0.003413630
 613     604     0.001086629
 613     610     0.000509435
 613     611     0.000835683
 613     612     0.000251625
 613     613     2.047900000
