5620    5620    2.361600002
5620    5621    0.003194209
5620     602    0.002424272
5620     603    0.006461029
5620     604    0.001513263
5620     610    0.001930866
5620     611    0.001196952
5620     612    0.001562995
5620     613    0.006812584
5621    5620    0.003194209
5621    5621    2.470499995
5621     602    0.005808978
5621     603    0.016062412
5621     604    0.023206703
5621     610    0.001905395
5621     611    0.000946836
5621     612    0.008511850
5621     613    0.006284856
 602    5620    0.002424272
 602    5621    0.005808978
 602     602    2.036700000
 602     603    0.008798090
 602     604    0.001302811
 602     610    0.002347562
 602     611    0.000554005
 602     612    0.002864638
 602     613    0.000265863
 603    5620    0.006461029
 603    5621    0.016062412
 603     602    0.008798090
 603     603    2.046200000
 603     604    0.000777197
 603     610    0.002402119
 603     611    0.000356888
 603     612    0.000053497
 603     613    0.004724073
 604    5620    0.001513263
 604    5621    0.023206703
 604     602    0.001302811
 604     603    0.000777197
 604     604    2.057200000
 604     610    0.001372896
 604     611    0.000678870
 604     612    0.000148871
 604     613    0.001134955
 610    5620    0.001930866
 610    5621    0.001905395
 610     602    0.002347562
 610     603    0.002402119
 610     604    0.001372896
 610     610    2.015600000
 610     611    0.007555628
 610     612    0.005740643
 610     613    0.000559208
 611    5620    0.001196952
 611    5621    0.000946836
 611     602    0.000554005
 611     603    0.000356888
 611     604    0.000678870
 611     610    0.007555628
 611     611    1.949400000
 611     612    0.022804560
 611     613    0.000829405
 612    5620    0.001562995
 612    5621    0.008511850
 612     602    0.002864638
 612     603    0.000053497
 612     604    0.000148871
 612     610    0.005740643
 612     611    0.022804560
 612     612    2.075200000
 612     613    0.000207236
 613    5620    0.006812584
 613    5621    0.006284856
 613     602    0.000265863
 613     603    0.004724073
 613     604    0.001134955
 613     610    0.000559208
 613     611    0.000829405
 613     612    0.000207236
 613     613    2.019900000
