5620    5620     2.370900002
5620    5621     0.005954079
5620     602    -0.000912029
5620     603     0.005591879
5620     604     0.000275203
5620     610     0.000618684
5620     611     0.000750450
5620     612     0.002588756
5620     613     0.006937134
5621    5620     0.005954079
5621    5621     2.237799995
5621     602     0.000895085
5621     603    -0.010928971
5621     604     0.031842587
5621     610     0.000560152
5621     611    -0.000699005
5621     612     0.007453491
5621     613    -0.006911230
 602    5620    -0.000912029
 602    5621     0.000895085
 602     602     2.045500000
 602     603     0.003571693
 602     604    -0.001478804
 602     610     0.000851634
 602     611    -0.000031610
 602     612    -0.002544990
 602     613    -0.000877265
 603    5620     0.005591879
 603    5621    -0.010928971
 603     602     0.003571693
 603     603     2.108600000
 603     604    -0.000396495
 603     610    -0.001709820
 603     611     0.000302356
 603     612    -0.000363370
 603     613    -0.003974772
 604    5620     0.000275203
 604    5621     0.031842587
 604     602    -0.001478804
 604     603    -0.000396495
 604     604     2.085800000
 604     610    -0.000159557
 604     611     0.000542023
 604     612     0.000164912
 604     613    -0.001078377
 610    5620     0.000618684
 610    5621     0.000560152
 610     602     0.000851634
 610     603    -0.001709820
 610     604    -0.000159557
 610     610     2.128700000
 610     611     0.005965338
 610     612     0.003470220
 610     613     0.000620341
 611    5620     0.000750450
 611    5621    -0.000699005
 611     602    -0.000031610
 611     603     0.000302356
 611     604     0.000542023
 611     610     0.005965338
 611     611     2.038800000
 611     612    -0.022408676
 611     613     0.000662661
 612    5620     0.002588756
 612    5621     0.007453491
 612     602    -0.002544990
 612     603    -0.000363370
 612     604     0.000164912
 612     610     0.003470220
 612     611    -0.022408676
 612     612     2.113300000
 612     613     0.000279563
 613    5620     0.006937134
 613    5621    -0.006911230
 613     602    -0.000877265
 613     603    -0.003974772
 613     604    -0.001078377
 613     610     0.000620341
 613     611     0.000662661
 613     612     0.000279563
 613     613     1.982400000
