5620    5620     2.303600002
5620    5621     0.006165634
5620     602    -0.000026385
5620     603     0.006119551
5620     604     0.001511647
5620     610    -0.006241957
5620     611     0.003608095
5620     612     0.016053853
5620     613    -0.005588945
5621    5620     0.006165634
5621    5621     2.338299995
5621     602    -0.000231801
5621     603    -0.014146481
5621     604     0.031346269
5621     610    -0.001852688
5621     611    -0.000452111
5621     612     0.007332201
5621     613     0.008586430
 602    5620    -0.000026385
 602    5621    -0.000231801
 602     602     2.050700000
 602     603    -0.007826936
 602     604    -0.001768549
 602     610     0.001486357
 602     611    -0.000049858
 602     612     0.002724239
 602     613     0.001510838
 603    5620     0.006119551
 603    5621    -0.014146481
 603     602    -0.007826936
 603     603     2.117700000
 603     604     0.000058207
 603     610     0.002324996
 603     611    -0.000285728
 603     612    -0.000247534
 603     613     0.004795007
 604    5620     0.001511647
 604    5621     0.031346269
 604     602    -0.001768549
 604     603     0.000058207
 604     604     2.102900000
 604     610     0.000728595
 604     611     0.000620351
 604     612     0.000051742
 604     613     0.001270530
 610    5620    -0.006241957
 610    5621    -0.001852688
 610     602     0.001486357
 610     603     0.002324996
 610     604     0.000728595
 610     610     2.020500000
 610     611     0.006648591
 610     612    -0.002509250
 610     613    -0.000571863
 611    5620     0.003608095
 611    5621    -0.000452111
 611     602    -0.000049858
 611     603    -0.000285728
 611     604     0.000620351
 611     610     0.006648591
 611     611     2.139600000
 611     612     0.018139730
 611     613     0.000577949
 612    5620     0.016053853
 612    5621     0.007332201
 612     602     0.002724239
 612     603    -0.000247534
 612     604     0.000051742
 612     610    -0.002509250
 612     611     0.018139730
 612     612     2.001900000
 612     613    -0.000069030
 613    5620    -0.005588945
 613    5621     0.008586430
 613     602     0.001510838
 613     603     0.004795007
 613     604     0.001270530
 613     610    -0.000571863
 613     611     0.000577949
 613     612    -0.000069030
 613     613     1.982100000
