5620    5620    2.260900002
5620    5621    0.006175541
5620     602    0.001627356
5620     603    0.006427148
5620     604    0.002263526
5620     610    0.002865724
5620     611    0.000216403
5620     612    0.019774474
5620     613    0.006532478
5621    5620    0.006175541
5621    5621    2.534399995
5621     602    0.000515509
5621     603    0.016177648
5621     604    0.026035317
5621     610    0.002808430
5621     611    0.000425086
5621     612    0.006129036
5621     613    0.008259233
 602    5620    0.001627356
 602    5621    0.000515509
 602     602    2.031600000
 602     603    0.005245231
 602     604    0.001439761
 602     610    0.002413321
 602     611    0.000498557
 602     612    0.002721129
 602     613    0.000527990
 603    5620    0.006427148
 603    5621    0.016177648
 603     602    0.005245231
 603     603    2.026400000
 603     604    0.000298442
 603     610    0.002301679
 603     611    0.000674505
 603     612    0.000050576
 603     613    0.004387746
 604    5620    0.002263526
 604    5621    0.026035317
 604     602    0.001439761
 604     603    0.000298442
 604     604    2.080500000
 604     610    0.001218056
 604     611    0.000703229
 604     612    0.000333481
 604     613    0.001036886
 610    5620    0.002865724
 610    5621    0.002808430
 610     602    0.002413321
 610     603    0.002301679
 610     604    0.001218056
 610     610    2.010800000
 610     611    0.007845819
 610     612    0.012400340
 610     613    0.000601408
 611    5620    0.000216403
 611    5621    0.000425086
 611     602    0.000498557
 611     603    0.000674505
 611     604    0.000703229
 611     610    0.007845819
 611     611    2.029600000
 611     612    0.015934280
 611     613    0.001009447
 612    5620    0.019774474
 612    5621    0.006129036
 612     602    0.002721129
 612     603    0.000050576
 612     604    0.000333481
 612     610    0.012400340
 612     611    0.015934280
 612     612    1.993900000
 612     613    0.000191104
 613    5620    0.006532478
 613    5621    0.008259233
 613     602    0.000527990
 613     603    0.004387746
 613     604    0.001036886
 613     610    0.000601408
 613     611    0.001009447
 613     612    0.000191104
 613     613    2.015700000
