5620    5620    2.304700002
5620    5621    0.003841657
5620     602    0.000274134
5620     603    0.005008138
5620     604    0.002108914
5620     610    0.007620874
5620     611    0.005249973
5620     612    0.021260055
5620     613    0.003735723
5621    5620    0.003841657
5621    5621    2.160499995
5621     602    0.001068245
5621     603    0.023036482
5621     604    0.031664855
5621     610    0.002671691
5621     611    0.000910550
5621     612    0.007523288
5621     613    0.008120942
 602    5620    0.000274134
 602    5621    0.001068245
 602     602    2.114500000
 602     603    0.007305222
 602     604    0.001727082
 602     610    0.001565818
 602     611    0.000270290
 602     612    0.002491271
 602     613    0.001245294
 603    5620    0.005008138
 603    5621    0.023036482
 603     602    0.007305222
 603     603    2.098400000
 603     604    0.000467833
 603     610    0.001977386
 603     611    0.000131999
 603     612    0.000165735
 603     613    0.003780757
 604    5620    0.002108914
 604    5621    0.031664855
 604     602    0.001727082
 604     603    0.000467833
 604     604    2.120900000
 604     610    0.001409644
 604     611    0.000677950
 604     612    0.000366750
 604     613    0.001433935
 610    5620    0.007620874
 610    5621    0.002671691
 610     602    0.001565818
 610     603    0.001977386
 610     604    0.001409644
 610     610    2.033400000
 610     611    0.007215955
 610     612    0.010437863
 610     613    0.000355277
 611    5620    0.005249973
 611    5621    0.000910550
 611     602    0.000270290
 611     603    0.000131999
 611     604    0.000677950
 611     610    0.007215955
 611     611    2.066600000
 611     612    0.016437447
 611     613    0.000466770
 612    5620    0.021260055
 612    5621    0.007523288
 612     602    0.002491271
 612     603    0.000165735
 612     604    0.000366750
 612     610    0.010437863
 612     611    0.016437447
 612     612    1.975600000
 612     613    0.000000830
 613    5620    0.003735723
 613    5621    0.008120942
 613     602    0.001245294
 613     603    0.003780757
 613     604    0.001433935
 613     610    0.000355277
 613     611    0.000466770
 613     612    0.000000830
 613     613    2.108100000
