5620    5620     2.342000002
5620    5621    -0.003805299
5620     602     0.001236955
5620     603    -0.005916746
5620     604     0.002716323
5620     610     0.002224258
5620     611    -0.000914554
5620     612    -0.005079982
5620     613     0.003010680
5621    5620    -0.003805299
5621    5621     2.293499995
5621     602    -0.003806842
5621     603    -0.020037614
5621     604    -0.028364502
5621     610     0.001354241
5621     611     0.000586282
5621     612    -0.008238304
5621     613    -0.007069209
 602    5620     0.001236955
 602    5621    -0.003806842
 602     602     2.045100000
 602     603     0.008103520
 602     604    -0.001494895
 602     610    -0.001758920
 602     611     0.000140229
 602     612     0.002479902
 602     613    -0.000506845
 603    5620    -0.005916746
 603    5621    -0.020037614
 603     602     0.008103520
 603     603     2.023700000
 603     604     0.000883476
 603     610    -0.002176334
 603     611     0.000527725
 603     612    -0.000161003
 603     613    -0.004308818
 604    5620     0.002716323
 604    5621    -0.028364502
 604     602    -0.001494895
 604     603     0.000883476
 604     604     2.057300000
 604     610    -0.001122295
 604     611    -0.000694723
 604     612    -0.000287778
 604     613    -0.001162820
 610    5620     0.002224258
 610    5621     0.001354241
 610     602    -0.001758920
 610     603    -0.002176334
 610     604    -0.001122295
 610     610     2.028000000
 610     611     0.006288702
 610     612    -0.003262010
 610     613    -0.000391340
 611    5620    -0.000914554
 611    5621     0.000586282
 611     602     0.000140229
 611     603     0.000527725
 611     604    -0.000694723
 611     610     0.006288702
 611     611     2.071300000
 611     612    -0.017210564
 611     613    -0.000771107
 612    5620    -0.005079982
 612    5621    -0.008238304
 612     602     0.002479902
 612     603    -0.000161003
 612     604    -0.000287778
 612     610    -0.003262010
 612     611    -0.017210564
 612     612     2.049500000
 612     613    -0.000113310
 613    5620     0.003010680
 613    5621    -0.007069209
 613     602    -0.000506845
 613     603    -0.004308818
 613     604    -0.001162820
 613     610    -0.000391340
 613     611    -0.000771107
 613     612    -0.000113310
 613     613     2.008200000
