5620    5620     2.417500002
5620    5621     0.004427989
5620     602     0.000417854
5620     603    -0.006415548
5620     604     0.000286187
5620     610     0.002688570
5620     611    -0.002074218
5620     612    -0.013794532
5620     613    -0.008756655
5621    5620     0.004427989
5621    5621     2.548799995
5621     602     0.003225301
5621     603    -0.025423003
5621     604     0.029954304
5621     610    -0.003099440
5621     611     0.000102423
5621     612     0.005672262
5621     613     0.006697389
 602    5620     0.000417854
 602    5621     0.003225301
 602     602     2.058300000
 602     603     0.006749311
 602     604    -0.001565161
 602     610     0.002022106
 602     611     0.000428361
 602     612     0.002086405
 602     613    -0.000459893
 603    5620    -0.006415548
 603    5621    -0.025423003
 603     602     0.006749311
 603     603     2.015200000
 603     604    -0.000371081
 603     610    -0.002218081
 603     611    -0.000432084
 603     612    -0.000018527
 603     613     0.003791076
 604    5620     0.000286187
 604    5621     0.029954304
 604     602    -0.001565161
 604     603    -0.000371081
 604     604     2.041900000
 604     610     0.001937036
 604     611    -0.000573140
 604     612    -0.000332643
 604     613     0.000787767
 610    5620     0.002688570
 610    5621    -0.003099440
 610     602     0.002022106
 610     603    -0.002218081
 610     604     0.001937036
 610     610     2.090200000
 610     611    -0.006108665
 610     612    -0.005685528
 610     613     0.000516498
 611    5620    -0.002074218
 611    5621     0.000102423
 611     602     0.000428361
 611     603    -0.000432084
 611     604    -0.000573140
 611     610    -0.006108665
 611     611     1.984200000
 611     612    -0.015563638
 611     613     0.000774818
 612    5620    -0.013794532
 612    5621     0.005672262
 612     602     0.002086405
 612     603    -0.000018527
 612     604    -0.000332643
 612     610    -0.005685528
 612     611    -0.015563638
 612     612     2.103400000
 612     613    -0.000089348
 613    5620    -0.008756655
 613    5621     0.006697389
 613     602    -0.000459893
 613     603     0.003791076
 613     604     0.000787767
 613     610     0.000516498
 613     611     0.000774818
 613     612    -0.000089348
 613     613     1.891100000
