5620    5620    2.161700002
5620    5621    0.005197745
5620     602    0.000529599
5620     603    0.006541880
5620     604    0.004947342
5620     610    0.010357674
5620     611    0.003948573
5620     612    0.009597523
5620     613    0.004424166
5621    5620    0.005197745
5621    5621    2.346699995
5621     602    0.001847957
5621     603    0.014861205
5621     604    0.026663684
5621     610    0.000931314
5621     611    0.000014348
5621     612    0.006742863
5621     613    0.008003582
 602    5620    0.000529599
 602    5621    0.001847957
 602     602    2.145000000
 602     603    0.004987055
 602     604    0.001587411
 602     610    0.001318993
 602     611    0.000321140
 602     612    0.002515805
 602     613    0.001253616
 603    5620    0.006541880
 603    5621    0.014861205
 603     602    0.004987055
 603     603    1.987600000
 603     604    0.000563962
 603     610    0.002246042
 603     611    0.000325527
 603     612    0.000453919
 603     613    0.004857903
 604    5620    0.004947342
 604    5621    0.026663684
 604     602    0.001587411
 604     603    0.000563962
 604     604    2.088300000
 604     610    0.000586064
 604     611    0.000930380
 604     612    0.000731181
 604     613    0.001326078
 610    5620    0.010357674
 610    5621    0.000931314
 610     602    0.001318993
 610     603    0.002246042
 610     604    0.000586064
 610     610    2.058300000
 610     611    0.006909084
 610     612    0.004623095
 610     613    0.000509966
 611    5620    0.003948573
 611    5621    0.000014348
 611     602    0.000321140
 611     603    0.000325527
 611     604    0.000930380
 611     610    0.006909084
 611     611    2.008500000
 611     612    0.019792030
 611     613    0.000809864
 612    5620    0.009597523
 612    5621    0.006742863
 612     602    0.002515805
 612     603    0.000453919
 612     604    0.000731181
 612     610    0.004623095
 612     611    0.019792030
 612     612    2.092700000
 612     613    0.000304648
 613    5620    0.004424166
 613    5621    0.008003582
 613     602    0.001253616
 613     603    0.004857903
 613     604    0.001326078
 613     610    0.000509966
 613     611    0.000809864
 613     612    0.000304648
 613     613    1.923400000
