5620    5620     2.370900002
5620    5621    -0.004440063
5620     602    -0.001542283
5620     603    -0.005933960
5620     604     0.004810909
5620     610     0.001796772
5620     611     0.000630927
5620     612    -0.008646398
5620     613    -0.006086262
5621    5620    -0.004440063
5621    5621     2.365699995
5621     602     0.003617517
5621     603    -0.019098984
5621     604    -0.027949814
5621     610    -0.002627657
5621     611     0.000222700
5621     612    -0.007528281
5621     613     0.007631831
 602    5620    -0.001542283
 602    5621     0.003617517
 602     602     2.011100000
 602     603    -0.007076467
 602     604    -0.001414033
 602     610     0.002018649
 602     611    -0.000824641
 602     612     0.002655479
 602     613    -0.000271045
 603    5620    -0.005933960
 603    5621    -0.019098984
 603     602    -0.007076467
 603     603     2.077000000
 603     604    -0.000721310
 603     610    -0.002056005
 603     611    -0.000462788
 603     612    -0.000007125
 603     613    -0.004159279
 604    5620     0.004810909
 604    5621    -0.027949814
 604     602    -0.001414033
 604     603    -0.000721310
 604     604     2.055800000
 604     610     0.001020974
 604     611    -0.000923015
 604     612     0.001478904
 604     613    -0.001343855
 610    5620     0.001796772
 610    5621    -0.002627657
 610     602     0.002018649
 610     603    -0.002056005
 610     604     0.001020974
 610     610     2.067800000
 610     611     0.005337106
 610     612     0.006103301
 610     613     0.000483371
 611    5620     0.000630927
 611    5621     0.000222700
 611     602    -0.000824641
 611     603    -0.000462788
 611     604    -0.000923015
 611     610     0.005337106
 611     611     2.049000000
 611     612    -0.017088759
 611     613     0.000827218
 612    5620    -0.008646398
 612    5621    -0.007528281
 612     602     0.002655479
 612     603    -0.000007125
 612     604     0.001478904
 612     610     0.006103301
 612     611    -0.017088759
 612     612     2.001400000
 612     613     0.000108003
 613    5620    -0.006086262
 613    5621     0.007631831
 613     602    -0.000271045
 613     603    -0.004159279
 613     604    -0.001343855
 613     610     0.000483371
 613     611     0.000827218
 613     612     0.000108003
 613     613     1.991800000
