5620    5620     2.169400002
5620    5621    -0.007657668
5620     602    -0.001252743
5620     603    -0.006857298
5620     604    -0.000911604
5620     610    -0.000290073
5620     611     0.000662161
5620     612    -0.014122277
5620     613    -0.003670844
5621    5620    -0.007657668
5621    5621     2.414399995
5621     602     0.000652204
5621     603    -0.017050944
5621     604     0.029995227
5621     610    -0.002609766
5621     611     0.000074520
5621     612     0.006663821
5621     613    -0.009334325
 602    5620    -0.001252743
 602    5621     0.000652204
 602     602     2.016000000
 602     603     0.006431343
 602     604     0.001610957
 602     610    -0.001989312
 602     611    -0.000330179
 602     612    -0.002704904
 602     613    -0.000958353
 603    5620    -0.006857298
 603    5621    -0.017050944
 603     602     0.006431343
 603     603     1.993200000
 603     604     0.000011619
 603     610    -0.001915632
 603     611     0.000460283
 603     612     0.000104883
 603     613    -0.004424796
 604    5620    -0.000911604
 604    5621     0.029995227
 604     602     0.001610957
 604     603     0.000011619
 604     604     2.057500000
 604     610    -0.001365702
 604     611     0.000507545
 604     612    -0.000404344
 604     613    -0.001128184
 610    5620    -0.000290073
 610    5621    -0.002609766
 610     602    -0.001989312
 610     603    -0.001915632
 610     604    -0.001365702
 610     610     2.120600000
 610     611     0.005706276
 610     612     0.005767245
 610     613    -0.000306324
 611    5620     0.000662161
 611    5621     0.000074520
 611     602    -0.000330179
 611     603     0.000460283
 611     604     0.000507545
 611     610     0.005706276
 611     611     2.011700000
 611     612    -0.016715314
 611     613     0.000794005
 612    5620    -0.014122277
 612    5621     0.006663821
 612     602    -0.002704904
 612     603     0.000104883
 612     604    -0.000404344
 612     610     0.005767245
 612     611    -0.016715314
 612     612     2.034000000
 612     613     0.000061722
 613    5620    -0.003670844
 613    5621    -0.009334325
 613     602    -0.000958353
 613     603    -0.004424796
 613     604    -0.001128184
 613     610    -0.000306324
 613     611     0.000794005
 613     612     0.000061722
 613     613     2.018400000
