5620    5620     2.395300002
5620    5621     0.003338898
5620     602    -0.000166425
5620     603    -0.005733556
5620     604     0.003043463
5620     610    -0.010664700
5620     611    -0.002913650
5620     612    -0.006422619
5620     613    -0.006059381
5621    5620     0.003338898
5621    5621     2.322299995
5621     602    -0.003067900
5621     603     0.025157242
5621     604     0.028148334
5621     610    -0.000278626
5621     611    -0.000142636
5621     612    -0.007789396
5621     613    -0.008705265
 602    5620    -0.000166425
 602    5621    -0.003067900
 602     602     2.104300000
 602     603    -0.009035986
 602     604     0.001526545
 602     610    -0.000766867
 602     611    -0.000021152
 602     612    -0.002587252
 602     613     0.001507825
 603    5620    -0.005733556
 603    5621     0.025157242
 603     602    -0.009035986
 603     603     2.020600000
 603     604     0.001077015
 603     610     0.002139818
 603     611    -0.000300942
 603     612     0.000059400
 603     613    -0.004919917
 604    5620     0.003043463
 604    5621     0.028148334
 604     602     0.001526545
 604     603     0.001077015
 604     604     2.014100000
 604     610     0.000208316
 604     611     0.000713139
 604     612     0.000050133
 604     613     0.001350025
 610    5620    -0.010664700
 610    5621    -0.000278626
 610     602    -0.000766867
 610     603     0.002139818
 610     604     0.000208316
 610     610     2.027100000
 610     611     0.006028263
 610     612     0.004802856
 610     613     0.000671100
 611    5620    -0.002913650
 611    5621    -0.000142636
 611     602    -0.000021152
 611     603    -0.000300942
 611     604     0.000713139
 611     610     0.006028263
 611     611     2.071300000
 611     612    -0.018873737
 611     613    -0.000684317
 612    5620    -0.006422619
 612    5621    -0.007789396
 612     602    -0.002587252
 612     603     0.000059400
 612     604     0.000050133
 612     610     0.004802856
 612     611    -0.018873737
 612     612     2.070000000
 612     613     0.000177632
 613    5620    -0.006059381
 613    5621    -0.008705265
 613     602     0.001507825
 613     603    -0.004919917
 613     604     0.001350025
 613     610     0.000671100
 613     611    -0.000684317
 613     612     0.000177632
 613     613     1.950100000
