5620    5620     2.334000002
5620    5621     0.004306920
5620     602    -0.002254243
5620     603     0.006934618
5620     604     0.000389433
5620     610     0.001778716
5620     611     0.000144104
5620     612    -0.009389134
5620     613    -0.003562398
5621    5620     0.004306920
5621    5621     2.353499995
5621     602    -0.000946364
5621     603    -0.025577145
5621     604    -0.021559958
5621     610    -0.002639451
5621     611    -0.000549322
5621     612     0.005362007
5621     613    -0.008960040
 602    5620    -0.002254243
 602    5621    -0.000946364
 602     602     2.016500000
 602     603    -0.006779394
 602     604     0.001320182
 602     610     0.002677524
 602     611    -0.000690420
 602     612     0.002215380
 602     613     0.000479530
 603    5620     0.006934618
 603    5621    -0.025577145
 603     602    -0.006779394
 603     603     2.075800000
 603     604     0.000451543
 603     610    -0.002419019
 603     611     0.000565382
 603     612    -0.000046554
 603     613    -0.004537651
 604    5620     0.000389433
 604    5621    -0.021559958
 604     602     0.001320182
 604     603     0.000451543
 604     604     2.159300000
 604     610     0.001225293
 604     611     0.000433990
 604     612     0.000131028
 604     613    -0.000825007
 610    5620     0.001778716
 610    5621    -0.002639451
 610     602     0.002677524
 610     603    -0.002419019
 610     604     0.001225293
 610     610     2.068500000
 610     611    -0.006385512
 610     612    -0.004846445
 610     613    -0.000290507
 611    5620     0.000144104
 611    5621    -0.000549322
 611     602    -0.000690420
 611     603     0.000565382
 611     604     0.000433990
 611     610    -0.006385512
 611     611     2.024800000
 611     612    -0.015055340
 611     613     0.000830130
 612    5620    -0.009389134
 612    5621     0.005362007
 612     602     0.002215380
 612     603    -0.000046554
 612     604     0.000131028
 612     610    -0.004846445
 612     611    -0.015055340
 612     612     2.075000000
 612     613     0.000096662
 613    5620    -0.003562398
 613    5621    -0.008960040
 613     602     0.000479530
 613     603    -0.004537651
 613     604    -0.000825007
 613     610    -0.000290507
 613     611     0.000830130
 613     612     0.000096662
 613     613     2.010600000
