5620    5620    2.342200002
5620    5621    0.005147239
5620     602    0.001138152
5620     603    0.005068152
5620     604    0.000524533
5620     610    0.002991982
5620     611    0.002367398
5620     612    0.009608734
5620     613    0.005774333
5621    5620    0.005147239
5621    5621    2.219299995
5621     602    0.006855095
5621     603    0.018893165
5621     604    0.034890840
5621     610    0.002734072
5621     611    0.000170147
5621     612    0.008019361
5621     613    0.007842055
 602    5620    0.001138152
 602    5621    0.006855095
 602     602    2.067400000
 602     603    0.008003529
 602     604    0.001611209
 602     610    0.001957825
 602     611    0.000451984
 602     612    0.002358903
 602     613    0.000471033
 603    5620    0.005068152
 603    5621    0.018893165
 603     602    0.008003529
 603     603    2.062500000
 603     604    0.000565232
 603     610    0.002260241
 603     611    0.000454557
 603     612    0.000043312
 603     613    0.003560067
 604    5620    0.000524533
 604    5621    0.034890840
 604     602    0.001611209
 604     603    0.000565232
 604     604    2.092600000
 604     610    0.001835072
 604     611    0.000771759
 604     612    0.000150744
 604     613    0.001216780
 610    5620    0.002991982
 610    5621    0.002734072
 610     602    0.001957825
 610     603    0.002260241
 610     604    0.001835072
 610     610    1.993500000
 610     611    0.007335669
 610     612    0.009556053
 610     613    0.000546090
 611    5620    0.002367398
 611    5621    0.000170147
 611     602    0.000451984
 611     603    0.000454557
 611     604    0.000771759
 611     610    0.007335669
 611     611    2.007600000
 611     612    0.017947252
 611     613    0.000881237
 612    5620    0.009608734
 612    5621    0.008019361
 612     602    0.002358903
 612     603    0.000043312
 612     604    0.000150744
 612     610    0.009556053
 612     611    0.017947252
 612     612    2.045900000
 612     613    0.000212637
 613    5620    0.005774333
 613    5621    0.007842055
 613     602    0.000471033
 613     603    0.003560067
 613     604    0.001216780
 613     610    0.000546090
 613     611    0.000881237
 613     612    0.000212637
 613     613    1.999100000
