5620    5620    2.460300002
5620    5621    0.005550387
5620     602    0.002070376
5620     603    0.006145085
5620     604    0.000384662
5620     610    0.002171313
5620     611    0.002848277
5620     612    0.007228576
5620     613    0.005470942
5621    5620    0.005550387
5621    5621    2.464899995
5621     602    0.001600071
5621     603    0.020035438
5621     604    0.028017634
5621     610    0.002602794
5621     611    0.000533269
5621     612    0.006486960
5621     613    0.006760107
 602    5620    0.002070376
 602    5621    0.001600071
 602     602    2.097200000
 602     603    0.004323669
 602     604    0.001205989
 602     610    0.002625315
 602     611    0.000755198
 602     612    0.002085060
 602     613    0.000215420
 603    5620    0.006145085
 603    5621    0.020035438
 603     602    0.004323669
 603     603    2.089400000
 603     604    0.000441943
 603     610    0.002494991
 603     611    0.000219954
 603     612    0.000333342
 603     613    0.003931466
 604    5620    0.000384662
 604    5621    0.028017634
 604     602    0.001205989
 604     603    0.000441943
 604     604    2.069100000
 604     610    0.001523026
 604     611    0.000504627
 604     612    0.000246042
 604     613    0.001038487
 610    5620    0.002171313
 610    5621    0.002602794
 610     602    0.002625315
 610     603    0.002494991
 610     604    0.001523026
 610     610    1.984100000
 610     611    0.007621243
 610     612    0.002377060
 610     613    0.000440299
 611    5620    0.002848277
 611    5621    0.000533269
 611     602    0.000755198
 611     603    0.000219954
 611     604    0.000504627
 611     610    0.007621243
 611     611    2.062200000
 611     612    0.020565415
 611     613    0.000687164
 612    5620    0.007228576
 612    5621    0.006486960
 612     602    0.002085060
 612     603    0.000333342
 612     604    0.000246042
 612     610    0.002377060
 612     611    0.020565415
 612     612    2.064600000
 612     613    0.000356345
 613    5620    0.005470942
 613    5621    0.006760107
 613     602    0.000215420
 613     603    0.003931466
 613     604    0.001038487
 613     610    0.000440299
 613     611    0.000687164
 613     612    0.000356345
 613     613    2.007100000
