5620    5620    2.243000002
5620    5621    0.005619308
5620     602    0.002435293
5620     603    0.005830729
5620     604    0.003285663
5620     610    0.004713484
5620     611    0.004515503
5620     612    0.018208197
5620     613    0.002510320
5621    5620    0.005619308
5621    5621    2.435499995
5621     602    0.001156453
5621     603    0.025519524
5621     604    0.028603597
5621     610    0.002215820
5621     611    0.000154055
5621     612    0.005978624
5621     613    0.009091359
 602    5620    0.002435293
 602    5621    0.001156453
 602     602    1.975300000
 602     603    0.008987754
 602     604    0.001548070
 602     610    0.002387003
 602     611    0.000237163
 602     612    0.002682629
 602     613    0.000573166
 603    5620    0.005830729
 603    5621    0.025519524
 603     602    0.008987754
 603     603    2.039900000
 603     604    0.000511752
 603     610    0.002151274
 603     611    0.000066554
 603     612    0.000168081
 603     613    0.004292857
 604    5620    0.003285663
 604    5621    0.028603597
 604     602    0.001548070
 604     603    0.000511752
 604     604    2.030800000
 604     610    0.001338183
 604     611    0.000125359
 604     612    0.001408276
 604     613    0.000993170
 610    5620    0.004713484
 610    5621    0.002215820
 610     602    0.002387003
 610     603    0.002151274
 610     604    0.001338183
 610     610    2.023000000
 610     611    0.006625698
 610     612    0.004466245
 610     613    0.000328882
 611    5620    0.004515503
 611    5621    0.000154055
 611     602    0.000237163
 611     603    0.000066554
 611     604    0.000125359
 611     610    0.006625698
 611     611    2.050400000
 611     612    0.014766214
 611     613    0.000412795
 612    5620    0.018208197
 612    5621    0.005978624
 612     602    0.002682629
 612     603    0.000168081
 612     604    0.001408276
 612     610    0.004466245
 612     611    0.014766214
 612     612    2.072600000
 612     613    0.000117792
 613    5620    0.002510320
 613    5621    0.009091359
 613     602    0.000573166
 613     603    0.004292857
 613     604    0.000993170
 613     610    0.000328882
 613     611    0.000412795
 613     612    0.000117792
 613     613    2.022300000
