5620    5620    2.425100002
5620    5621    0.002806124
5620     602    0.001330130
5620     603    0.005713491
5620     604    0.000684835
5620     610    0.004260683
5620     611    0.003840559
5620     612    0.006833281
5620     613    0.005460338
5621    5620    0.002806124
5621    5621    2.391399995
5621     602    0.000462923
5621     603    0.017840681
5621     604    0.027491262
5621     610    0.000680401
5621     611    0.000609205
5621     612    0.006653034
5621     613    0.006581373
 602    5620    0.001330130
 602    5621    0.000462923
 602     602    2.086500000
 602     603    0.004708273
 602     604    0.001161187
 602     610    0.001762879
 602     611    0.000476196
 602     612    0.002425090
 602     613    0.000388438
 603    5620    0.005713491
 603    5621    0.017840681
 603     602    0.004708273
 603     603    2.046100000
 603     604    0.000722697
 603     610    0.001849277
 603     611    0.000074096
 603     612    0.000015598
 603     613    0.004555402
 604    5620    0.000684835
 604    5621    0.027491262
 604     602    0.001161187
 604     603    0.000722697
 604     604    2.063100000
 604     610    0.000773387
 604     611    0.000482246
 604     612    0.000370779
 604     613    0.001095474
 610    5620    0.004260683
 610    5621    0.000680401
 610     602    0.001762879
 610     603    0.001849277
 610     604    0.000773387
 610     610    2.049600000
 610     611    0.006364560
 610     612    0.006412124
 610     613    0.000555566
 611    5620    0.003840559
 611    5621    0.000609205
 611     602    0.000476196
 611     603    0.000074096
 611     604    0.000482246
 611     610    0.006364560
 611     611    2.081600000
 611     612    0.020657090
 611     613    0.000517585
 612    5620    0.006833281
 612    5621    0.006653034
 612     602    0.002425090
 612     603    0.000015598
 612     604    0.000370779
 612     610    0.006412124
 612     611    0.020657090
 612     612    2.031100000
 612     613    0.000119903
 613    5620    0.005460338
 613    5621    0.006581373
 613     602    0.000388438
 613     603    0.004555402
 613     604    0.001095474
 613     610    0.000555566
 613     611    0.000517585
 613     612    0.000119903
 613     613    1.981800000
