5620    5620     2.489100002
5620    5621     0.006129163
5620     602    -0.000781403
5620     603     0.005974820
5620     604    -0.001373579
5620     610    -0.002784758
5620     611    -0.001887171
5620     612     0.009088744
5620     613    -0.005055878
5621    5620     0.006129163
5621    5621     2.270299995
5621     602    -0.002450150
5621     603    -0.005861767
5621     604     0.029491604
5621     610     0.001385520
5621     611    -0.000043938
5621     612    -0.006542190
5621     613     0.007695037
 602    5620    -0.000781403
 602    5621    -0.002450150
 602     602     2.055100000
 602     603    -0.001391818
 602     604     0.001618242
 602     610    -0.001703345
 602     611    -0.000115239
 602     612    -0.002574838
 602     613     0.000911542
 603    5620     0.005974820
 603    5621    -0.005861767
 603     602    -0.001391818
 603     603     2.041800000
 603     604    -0.001417999
 603     610     0.002314146
 603     611    -0.000437590
 603     612    -0.000543890
 603     613    -0.003835678
 604    5620    -0.001373579
 604    5621     0.029491604
 604     602     0.001618242
 604     603    -0.001417999
 604     604     2.057300000
 604     610    -0.001213081
 604     611    -0.000664821
 604     612    -0.000068819
 604     613     0.001124420
 610    5620    -0.002784758
 610    5621     0.001385520
 610     602    -0.001703345
 610     603     0.002314146
 610     604    -0.001213081
 610     610     1.982100000
 610     611     0.007172955
 610     612    -0.012434064
 610     613     0.000522968
 611    5620    -0.001887171
 611    5621    -0.000043938
 611     602    -0.000115239
 611     603    -0.000437590
 611     604    -0.000664821
 611     610     0.007172955
 611     611     2.096300000
 611     612     0.017164239
 611     613     0.000712711
 612    5620     0.009088744
 612    5621    -0.006542190
 612     602    -0.002574838
 612     603    -0.000543890
 612     604    -0.000068819
 612     610    -0.012434064
 612     611     0.017164239
 612     612     2.076300000
 612     613    -0.000012632
 613    5620    -0.005055878
 613    5621     0.007695037
 613     602     0.000911542
 613     603    -0.003835678
 613     604     0.001124420
 613     610     0.000522968
 613     611     0.000712711
 613     612    -0.000012632
 613     613     2.094200000
