5620    5620     2.400500002
5620    5621    -0.002774294
5620     602     0.000347641
5620     603    -0.005990282
5620     604    -0.003206886
5620     610    -0.000425051
5620     611     0.002706798
5620     612    -0.003116843
5620     613    -0.004386187
5621    5620    -0.002774294
5621    5621     2.448699995
5621     602    -0.001636811
5621     603    -0.008919154
5621     604    -0.023969231
5621     610     0.002047700
5621     611    -0.000211399
5621     612    -0.006042733
5621     613     0.006741200
 602    5620     0.000347641
 602    5621    -0.001636811
 602     602     2.052700000
 602     603     0.008158949
 602     604     0.001548366
 602     610     0.001735408
 602     611    -0.000101367
 602     612     0.002480503
 602     613    -0.001306862
 603    5620    -0.005990282
 603    5621    -0.008919154
 603     602     0.008158949
 603     603     2.015700000
 603     604     0.000339846
 603     610    -0.002439592
 603     611    -0.000342865
 603     612     0.000263412
 603     613     0.004575032
 604    5620    -0.003206886
 604    5621    -0.023969231
 604     602     0.001548366
 604     603     0.000339846
 604     604     2.052600000
 604     610     0.001106930
 604     611     0.000724558
 604     612    -0.000456693
 604     613     0.001344763
 610    5620    -0.000425051
 610    5621     0.002047700
 610     602     0.001735408
 610     603    -0.002439592
 610     604     0.001106930
 610     610     2.042500000
 610     611    -0.006389052
 610     612    -0.002893624
 610     613    -0.000427925
 611    5620     0.002706798
 611    5621    -0.000211399
 611     602    -0.000101367
 611     603    -0.000342865
 611     604     0.000724558
 611     610    -0.006389052
 611     611     2.142500000
 611     612    -0.017899626
 611     613    -0.000575007
 612    5620    -0.003116843
 612    5621    -0.006042733
 612     602     0.002480503
 612     603     0.000263412
 612     604    -0.000456693
 612     610    -0.002893624
 612     611    -0.017899626
 612     612     2.092700000
 612     613     0.000181231
 613    5620    -0.004386187
 613    5621     0.006741200
 613     602    -0.001306862
 613     603     0.004575032
 613     604     0.001344763
 613     610    -0.000427925
 613     611    -0.000575007
 613     612     0.000181231
 613     613     2.010300000
