5620    5620    2.369700002
5620    5621    0.008011303
5620     602    0.000875482
5620     603    0.004686093
5620     604    0.003605254
5620     610    0.002915657
5620     611    0.003649016
5620     612    0.020692213
5620     613    0.005213370
5621    5620    0.008011303
5621    5621    2.152999995
5621     602    0.002123988
5621     603    0.025689445
5621     604    0.032772994
5621     610    0.003570910
5621     611    0.000285454
5621     612    0.007127627
5621     613    0.011120673
 602    5620    0.000875482
 602    5621    0.002123988
 602     602    2.082200000
 602     603    0.009570623
 602     604    0.001610819
 602     610    0.002289693
 602     611    0.000140652
 602     612    0.002707578
 602     613    0.001288179
 603    5620    0.004686093
 603    5621    0.025689445
 603     602    0.009570623
 603     603    2.042500000
 603     604    0.000999031
 603     610    0.002143319
 603     611    0.000096896
 603     612    0.000408198
 603     613    0.004260024
 604    5620    0.003605254
 604    5621    0.032772994
 604     602    0.001610819
 604     603    0.000999031
 604     604    2.058400000
 604     610    0.002069948
 604     611    0.000702021
 604     612    0.000370154
 604     613    0.001493125
 610    5620    0.002915657
 610    5621    0.003570910
 610     602    0.002289693
 610     603    0.002143319
 610     604    0.002069948
 610     610    2.028000000
 610     611    0.006990909
 610     612    0.011308011
 610     613    0.000391166
 611    5620    0.003649016
 611    5621    0.000285454
 611     602    0.000140652
 611     603    0.000096896
 611     604    0.000702021
 611     610    0.006990909
 611     611    2.114100000
 611     612    0.021363052
 611     613    0.000608799
 612    5620    0.020692213
 612    5621    0.007127627
 612     602    0.002707578
 612     603    0.000408198
 612     604    0.000370154
 612     610    0.011308011
 612     611    0.021363052
 612     612    1.972700000
 612     613    0.000183227
 613    5620    0.005213370
 613    5621    0.011120673
 613     602    0.001288179
 613     603    0.004260024
 613     604    0.001493125
 613     610    0.000391166
 613     611    0.000608799
 613     612    0.000183227
 613     613    1.859400000
