5620    5620    2.355900002
5620    5621    0.008643320
5620     602    0.001357696
5620     603    0.006549613
5620     604    0.000558261
5620     610    0.003681796
5620     611    0.000477054
5620     612    0.012866551
5620     613    0.006712016
5621    5620    0.008643320
5621    5621    2.151599995
5621     602    0.000645421
5621     603    0.025713614
5621     604    0.037209202
5621     610    0.001478583
5621     611    0.000253172
5621     612    0.006517089
5621     613    0.008350108
 602    5620    0.001357696
 602    5621    0.000645421
 602     602    2.078100000
 602     603    0.012547585
 602     604    0.001884395
 602     610    0.001771415
 602     611    0.000254043
 602     612    0.002577380
 602     613    0.000808063
 603    5620    0.006549613
 603    5621    0.025713614
 603     602    0.012547585
 603     603    1.992100000
 603     604    0.000300031
 603     610    0.002469230
 603     611    0.000421555
 603     612    0.000103023
 603     613    0.003761444
 604    5620    0.000558261
 604    5621    0.037209202
 604     602    0.001884395
 604     603    0.000300031
 604     604    2.082300000
 604     610    0.000534677
 604     611    0.000604889
 604     612    0.000216444
 604     613    0.001256314
 610    5620    0.003681796
 610    5621    0.001478583
 610     602    0.001771415
 610     603    0.002469230
 610     604    0.000534677
 610     610    2.034100000
 610     611    0.006150162
 610     612    0.008214991
 610     613    0.000590299
 611    5620    0.000477054
 611    5621    0.000253172
 611     602    0.000254043
 611     603    0.000421555
 611     604    0.000604889
 611     610    0.006150162
 611     611    2.037800000
 611     612    0.014853164
 611     613    0.000680328
 612    5620    0.012866551
 612    5621    0.006517089
 612     602    0.002577380
 612     603    0.000103023
 612     604    0.000216444
 612     610    0.008214991
 612     611    0.014853164
 612     612    2.037500000
 612     613    0.000061575
 613    5620    0.006712016
 613    5621    0.008350108
 613     602    0.000808063
 613     603    0.003761444
 613     604    0.001256314
 613     610    0.000590299
 613     611    0.000680328
 613     612    0.000061575
 613     613    1.995400000
