5620    5620     2.254400002
5620    5621    -0.005920227
5620     602    -0.002188216
5620     603     0.006559700
5620     604    -0.002653403
5620     610    -0.000985470
5620     611     0.000677070
5620     612     0.012507440
5620     613    -0.007363674
5621    5620    -0.005920227
5621    5621     2.651499995
5621     602    -0.002208605
5621     603    -0.024888584
5621     604     0.026291295
5621     610     0.001230889
5621     611    -0.000276625
5621     612    -0.006554466
5621     613     0.008102162
 602    5620    -0.002188216
 602    5621    -0.002208605
 602     602     2.080700000
 602     603    -0.007666006
 602     604    -0.001744976
 602     610    -0.001811894
 602     611     0.000819794
 602     612     0.003015920
 602     613     0.000122578
 603    5620     0.006559700
 603    5621    -0.024888584
 603     602    -0.007666006
 603     603     2.006500000
 603     604    -0.001567240
 603     610     0.002066836
 603     611    -0.000384488
 603     612    -0.000492856
 603     613    -0.004626512
 604    5620    -0.002653403
 604    5621     0.026291295
 604     602    -0.001744976
 604     603    -0.001567240
 604     604     1.965600000
 604     610     0.001054568
 604     611     0.000705903
 604     612    -0.000169530
 604     613    -0.001138549
 610    5620    -0.000985470
 610    5621     0.001230889
 610     602    -0.001811894
 610     603     0.002066836
 610     604     0.001054568
 610     610     2.031200000
 610     611     0.005904204
 610     612     0.011753161
 610     613    -0.000729522
 611    5620     0.000677070
 611    5621    -0.000276625
 611     602     0.000819794
 611     603    -0.000384488
 611     604     0.000705903
 611     610     0.005904204
 611     611     2.056600000
 611     612     0.018467422
 611     613    -0.000766090
 612    5620     0.012507440
 612    5621    -0.006554466
 612     602     0.003015920
 612     603    -0.000492856
 612     604    -0.000169530
 612     610     0.011753161
 612     611     0.018467422
 612     612     1.991300000
 612     613     0.000303070
 613    5620    -0.007363674
 613    5621     0.008102162
 613     602     0.000122578
 613     603    -0.004626512
 613     604    -0.001138549
 613     610    -0.000729522
 613     611    -0.000766090
 613     612     0.000303070
 613     613     1.974600000
