5620    5620    2.371600002
5620    5621    0.008270883
5620     602    0.001788221
5620     603    0.005523093
5620     604    0.002626572
5620     610    0.001996958
5620     611    0.003106257
5620     612    0.007303010
5620     613    0.003530315
5621    5620    0.008270883
5621    5621    2.288199995
5621     602    0.004676036
5621     603    0.027659401
5621     604    0.029715345
5621     610    0.000833214
5621     611    0.000072512
5621     612    0.006336651
5621     613    0.007706841
 602    5620    0.001788221
 602    5621    0.004676036
 602     602    2.007900000
 602     603    0.011570404
 602     604    0.001467558
 602     610    0.001841601
 602     611    0.000561930
 602     612    0.002445934
 602     613    0.000781821
 603    5620    0.005523093
 603    5621    0.027659401
 603     602    0.011570404
 603     603    2.074800000
 603     604    0.000652948
 603     610    0.002287047
 603     611    0.000429634
 603     612    0.000043654
 603     613    0.003829333
 604    5620    0.002626572
 604    5621    0.029715345
 604     602    0.001467558
 604     603    0.000652948
 604     604    2.115200000
 604     610    0.000913441
 604     611    0.000310134
 604     612    0.000936460
 604     613    0.000793208
 610    5620    0.001996958
 610    5621    0.000833214
 610     602    0.001841601
 610     603    0.002287047
 610     604    0.000913441
 610     610    2.063000000
 610     611    0.006662392
 610     612    0.004444450
 610     613    0.000420410
 611    5620    0.003106257
 611    5621    0.000072512
 611     602    0.000561930
 611     603    0.000429634
 611     604    0.000310134
 611     610    0.006662392
 611     611    2.042300000
 611     612    0.019499749
 611     613    0.000682902
 612    5620    0.007303010
 612    5621    0.006336651
 612     602    0.002445934
 612     603    0.000043654
 612     604    0.000936460
 612     610    0.004444450
 612     611    0.019499749
 612     612    2.081900000
 612     613    0.000080163
 613    5620    0.003530315
 613    5621    0.007706841
 613     602    0.000781821
 613     603    0.003829333
 613     604    0.000793208
 613     610    0.000420410
 613     611    0.000682902
 613     612    0.000080163
 613     613    2.055000000
