5620    5620     2.194500002
5620    5621     0.007130318
5620     602    -0.000231949
5620     603    -0.006118611
5620     604    -0.000470839
5620     610     0.002957910
5620     611    -0.003677355
5620     612    -0.016028113
5620     613    -0.008001960
5621    5620     0.007130318
5621    5621     2.342199995
5621     602     0.003525037
5621     603    -0.013005397
5621     604    -0.029264838
5621     610    -0.001589642
5621     611     0.000508559
5621     612    -0.008205649
5621     613    -0.007740233
 602    5620    -0.000231949
 602    5621     0.003525037
 602     602     2.107000000
 602     603     0.005674390
 602     604    -0.001461737
 602     610    -0.001050288
 602     611    -0.000396376
 602     612     0.002750876
 602     613    -0.001362590
 603    5620    -0.006118611
 603    5621    -0.013005397
 603     602     0.005674390
 603     603     2.090000000
 603     604     0.000260784
 603     610     0.002215779
 603     611    -0.000192080
 603     612     0.000570729
 603     613    -0.003786540
 604    5620    -0.000470839
 604    5621    -0.029264838
 604     602    -0.001461737
 604     603     0.000260784
 604     604     2.023800000
 604     610    -0.001158060
 604     611    -0.000347053
 604     612     0.000957583
 604     613     0.000875685
 610    5620     0.002957910
 610    5621    -0.001589642
 610     602    -0.001050288
 610     603     0.002215779
 610     604    -0.001158060
 610     610     2.056400000
 610     611    -0.007167068
 610     612    -0.002317106
 610     613     0.000690515
 611    5620    -0.003677355
 611    5621     0.000508559
 611     602    -0.000396376
 611     603    -0.000192080
 611     604    -0.000347053
 611     610    -0.007167068
 611     611     2.063100000
 611     612     0.020401182
 611     613     0.000520183
 612    5620    -0.016028113
 612    5621    -0.008205649
 612     602     0.002750876
 612     603     0.000570729
 612     604     0.000957583
 612     610    -0.002317106
 612     611     0.020401182
 612     612     1.963600000
 612     613    -0.000416145
 613    5620    -0.008001960
 613    5621    -0.007740233
 613     602    -0.001362590
 613     603    -0.003786540
 613     604     0.000875685
 613     610     0.000690515
 613     611     0.000520183
 613     612    -0.000416145
 613     613     1.995700000
