5620    5620    2.391200002
5620    5621    0.006803899
5620     602    0.002070098
5620     603    0.006538089
5620     604    0.001274460
5620     610    0.005423179
5620     611    0.002662040
5620     612    0.013878309
5620     613    0.001393131
5621    5620    0.006803899
5621    5621    2.334699995
5621     602    0.006663308
5621     603    0.023335482
5621     604    0.029917194
5621     610    0.002737301
5621     611    0.000321488
5621     612    0.008276125
5621     613    0.009378755
 602    5620    0.002070098
 602    5621    0.006663308
 602     602    2.070700000
 602     603    0.008927185
 602     604    0.001538405
 602     610    0.002363463
 602     611    0.000666711
 602     612    0.002899065
 602     613    0.000659675
 603    5620    0.006538089
 603    5621    0.023335482
 603     602    0.008927185
 603     603    1.987800000
 603     604    0.000964410
 603     610    0.002182596
 603     611    0.000380864
 603     612    0.000178074
 603     613    0.005218734
 604    5620    0.001274460
 604    5621    0.029917194
 604     602    0.001538405
 604     603    0.000964410
 604     604    2.022800000
 604     610    0.001913597
 604     611    0.000351558
 604     612    0.001139330
 604     613    0.001161551
 610    5620    0.005423179
 610    5621    0.002737301
 610     602    0.002363463
 610     603    0.002182596
 610     604    0.001913597
 610     610    1.969300000
 610     611    0.005382995
 610     612    0.002452848
 610     613    0.000104207
 611    5620    0.002662040
 611    5621    0.000321488
 611     602    0.000666711
 611     603    0.000380864
 611     604    0.000351558
 611     610    0.005382995
 611     611    2.031700000
 611     612    0.024307840
 611     613    0.000658626
 612    5620    0.013878309
 612    5621    0.008276125
 612     602    0.002899065
 612     603    0.000178074
 612     604    0.001139330
 612     610    0.002452848
 612     611    0.024307840
 612     612    1.944900000
 612     613    0.000036919
 613    5620    0.001393131
 613    5621    0.009378755
 613     602    0.000659675
 613     603    0.005218734
 613     604    0.001161551
 613     610    0.000104207
 613     611    0.000658626
 613     612    0.000036919
 613     613    2.045500000
