5620    5620     2.314300002
5620    5621     0.004191264
5620     602    -0.001474445
5620     603    -0.005626497
5620     604    -0.000853257
5620     610    -0.003262969
5620     611     0.001359944
5620     612    -0.013902810
5620     613     0.006248555
5621    5620     0.004191264
5621    5621     2.404199995
5621     602     0.001523286
5621     603     0.018026710
5621     604    -0.028606890
5621     610    -0.001136570
5621     611    -0.000227800
5621     612    -0.005793824
5621     613    -0.007335632
 602    5620    -0.001474445
 602    5621     0.001523286
 602     602     2.177600000
 602     603     0.005664970
 602     604    -0.001222567
 602     610    -0.001794479
 602     611     0.000307279
 602     612    -0.001981529
 602     613     0.000570373
 603    5620    -0.005626497
 603    5621     0.018026710
 603     602     0.005664970
 603     603     2.058000000
 603     604     0.000044686
 603     610    -0.002074387
 603     611     0.000370139
 603     612    -0.000082231
 603     613    -0.003884074
 604    5620    -0.000853257
 604    5621    -0.028606890
 604     602    -0.001222567
 604     603     0.000044686
 604     604     2.080000000
 604     610    -0.001012409
 604     611    -0.000317712
 604     612     0.000708526
 604     613    -0.000923405
 610    5620    -0.003262969
 610    5621    -0.001136570
 610     602    -0.001794479
 610     603    -0.002074387
 610     604    -0.001012409
 610     610     2.002800000
 610     611    -0.006467013
 610     612     0.006358333
 610     613     0.000517598
 611    5620     0.001359944
 611    5621    -0.000227800
 611     602     0.000307279
 611     603     0.000370139
 611     604    -0.000317712
 611     610    -0.006467013
 611     611     2.088000000
 611     612    -0.017609189
 611     613    -0.000734532
 612    5620    -0.013902810
 612    5621    -0.005793824
 612     602    -0.001981529
 612     603    -0.000082231
 612     604     0.000708526
 612     610     0.006358333
 612     611    -0.017609189
 612     612     2.112800000
 612     613    -0.000043515
 613    5620     0.006248555
 613    5621    -0.007335632
 613     602     0.000570373
 613     603    -0.003884074
 613     604    -0.000923405
 613     610     0.000517598
 613     611    -0.000734532
 613     612    -0.000043515
 613     613     1.977100000
