5620    5620     2.688800002
5620    5621     0.004849991
5620     602     0.001341080
5620     603     0.006223964
5620     604    -0.000777675
5620     610    -0.000649854
5620     611     0.000032288
5620     612     0.007154381
5620     613     0.004524420
5621    5620     0.004849991
5621    5621     2.246099995
5621     602     0.006197582
5621     603     0.019415651
5621     604    -0.033354026
5621     610     0.001728856
5621     611     0.001000770
5621     612    -0.007990683
5621     613     0.008181415
 602    5620     0.001341080
 602    5621     0.006197582
 602     602     2.110300000
 602     603    -0.005191707
 602     604    -0.001450972
 602     610    -0.001726412
 602     611     0.000032773
 602     612     0.002303018
 602     613     0.000560286
 603    5620     0.006223964
 603    5621     0.019415651
 603     602    -0.005191707
 603     603     1.974900000
 603     604     0.000747622
 603     610    -0.002408057
 603     611     0.000219598
 603     612     0.000055357
 603     613    -0.004633826
 604    5620    -0.000777675
 604    5621    -0.033354026
 604     602    -0.001450972
 604     603     0.000747622
 604     604     2.025600000
 604     610     0.001186482
 604     611    -0.000484994
 604     612    -0.000580724
 604     613     0.001248572
 610    5620    -0.000649854
 610    5621     0.001728856
 610     602    -0.001726412
 610     603    -0.002408057
 610     604     0.001186482
 610     610     2.022500000
 610     611     0.007708518
 610     612    -0.005853662
 610     613    -0.000543509
 611    5620     0.000032288
 611    5621     0.001000770
 611     602     0.000032773
 611     603     0.000219598
 611     604    -0.000484994
 611     610     0.007708518
 611     611     2.003900000
 611     612     0.022440413
 611     613    -0.000686318
 612    5620     0.007154381
 612    5621    -0.007990683
 612     602     0.002303018
 612     603     0.000055357
 612     604    -0.000580724
 612     610    -0.005853662
 612     611     0.022440413
 612     612     2.007200000
 612     613     0.000013024
 613    5620     0.004524420
 613    5621     0.008181415
 613     602     0.000560286
 613     603    -0.004633826
 613     604     0.001248572
 613     610    -0.000543509
 613     611    -0.000686318
 613     612     0.000013024
 613     613     2.032800000
