5620    5620     2.204900002
5620    5621    -0.007446698
5620     602    -0.002289134
5620     603    -0.005767200
5620     604     0.001792266
5620     610     0.006452964
5620     611     0.001761378
5620     612     0.020787945
5620     613     0.005754914
5621    5620    -0.007446698
5621    5621     2.176699995
5621     602     0.006270979
5621     603    -0.025425635
5621     604    -0.033976643
5621     610    -0.001673356
5621     611    -0.000023527
5621     612    -0.007312615
5621     613    -0.009110149
 602    5620    -0.002289134
 602    5621     0.006270979
 602     602     1.995300000
 602     603     0.009228959
 602     604     0.001446593
 602     610     0.002157265
 602     611     0.000704536
 602     612     0.002503372
 602     613    -0.000054220
 603    5620    -0.005767200
 603    5621    -0.025425635
 603     602     0.009228959
 603     603     2.009900000
 603     604    -0.000819159
 603     610    -0.002187134
 603     611    -0.000431067
 603     612    -0.000331252
 603     613     0.003441224
 604    5620     0.001792266
 604    5621    -0.033976643
 604     602     0.001446593
 604     603    -0.000819159
 604     604     2.027200000
 604     610     0.000583639
 604     611    -0.000717154
 604     612     0.000283671
 604     613     0.001148774
 610    5620     0.006452964
 610    5621    -0.001673356
 610     602     0.002157265
 610     603    -0.002187134
 610     604     0.000583639
 610     610     1.957000000
 610     611     0.006801985
 610     612    -0.009814734
 610     613    -0.000558089
 611    5620     0.001761378
 611    5621    -0.000023527
 611     602     0.000704536
 611     603    -0.000431067
 611     604    -0.000717154
 611     610     0.006801985
 611     611     2.087300000
 611     612    -0.017876262
 611     613    -0.000741548
 612    5620     0.020787945
 612    5621    -0.007312615
 612     602     0.002503372
 612     603    -0.000331252
 612     604     0.000283671
 612     610    -0.009814734
 612     611    -0.017876262
 612     612     2.048100000
 612     613     0.000159359
 613    5620     0.005754914
 613    5621    -0.009110149
 613     602    -0.000054220
 613     603     0.003441224
 613     604     0.001148774
 613     610    -0.000558089
 613     611    -0.000741548
 613     612     0.000159359
 613     613     2.063000000
