5620    5620     2.407200002
5620    5621     0.004073318
5620     602     0.002354751
5620     603    -0.006826821
5620     604     0.000067350
5620     610    -0.001715069
5620     611     0.002899284
5620     612    -0.013452647
5620     613     0.003899183
5621    5620     0.004073318
5621    5621     2.544199995
5621     602     0.008539267
5621     603    -0.004813073
5621     604    -0.024596180
5621     610    -0.002431729
5621     611    -0.000610684
5621     612    -0.007103263
5621     613    -0.007317298
 602    5620     0.002354751
 602    5621     0.008539267
 602     602     2.040100000
 602     603     0.003703737
 602     604    -0.001548803
 602     610     0.002337868
 602     611    -0.000558085
 602     612     0.002602991
 602     613    -0.000389322
 603    5620    -0.006826821
 603    5621    -0.004813073
 603     602     0.003703737
 603     603     2.044600000
 603     604    -0.000146779
 603     610    -0.002304170
 603     611    -0.000395211
 603     612    -0.000240726
 603     613    -0.004987160
 604    5620     0.000067350
 604    5621    -0.024596180
 604     602    -0.001548803
 604     603    -0.000146779
 604     604     2.096300000
 604     610    -0.001322331
 604     611    -0.000445488
 604     612    -0.000668243
 604     613    -0.000987788
 610    5620    -0.001715069
 610    5621    -0.002431729
 610     602     0.002337868
 610     603    -0.002304170
 610     604    -0.001322331
 610     610     2.045100000
 610     611    -0.006666046
 610     612     0.002662845
 610     613     0.000411049
 611    5620     0.002899284
 611    5621    -0.000610684
 611     602    -0.000558085
 611     603    -0.000395211
 611     604    -0.000445488
 611     610    -0.006666046
 611     611     2.021900000
 611     612     0.020091890
 611     613     0.000741981
 612    5620    -0.013452647
 612    5621    -0.007103263
 612     602     0.002602991
 612     603    -0.000240726
 612     604    -0.000668243
 612     610     0.002662845
 612     611     0.020091890
 612     612     2.130000000
 612     613    -0.000062837
 613    5620     0.003899183
 613    5621    -0.007317298
 613     602    -0.000389322
 613     603    -0.004987160
 613     604    -0.000987788
 613     610     0.000411049
 613     611     0.000741981
 613     612    -0.000062837
 613     613     1.940500000
