5620    5620    2.211100002
5620    5621    0.005272701
5620     602    0.001206986
5620     603    0.006362263
5620     604    0.000043993
5620     610    0.007718875
5620     611    0.000087157
5620     612    0.011514755
5620     613    0.005965677
5621    5620    0.005272701
5621    5621    2.358399995
5621     602    0.004701001
5621     603    0.026631063
5621     604    0.030962694
5621     610    0.000482333
5621     611    0.000719640
5621     612    0.006135179
5621     613    0.008882684
 602    5620    0.001206986
 602    5621    0.004701001
 602     602    2.064100000
 602     603    0.007084062
 602     604    0.001543898
 602     610    0.001374258
 602     611    0.000091523
 602     612    0.002807671
 602     613    0.000861546
 603    5620    0.006362263
 603    5621    0.026631063
 603     602    0.007084062
 603     603    2.012900000
 603     604    0.000347913
 603     610    0.002151703
 603     611    0.000498860
 603     612    0.000070318
 603     613    0.003947261
 604    5620    0.000043993
 604    5621    0.030962694
 604     602    0.001543898
 604     603    0.000347913
 604     604    2.167200000
 604     610    0.000100667
 604     611    0.000559612
 604     612    0.000257214
 604     613    0.001034221
 610    5620    0.007718875
 610    5621    0.000482333
 610     602    0.001374258
 610     603    0.002151703
 610     604    0.000100667
 610     610    2.069300000
 610     611    0.006370036
 610     612    0.011476895
 610     613    0.000598461
 611    5620    0.000087157
 611    5621    0.000719640
 611     602    0.000091523
 611     603    0.000498860
 611     604    0.000559612
 611     610    0.006370036
 611     611    2.076100000
 611     612    0.018587503
 611     613    0.000846393
 612    5620    0.011514755
 612    5621    0.006135179
 612     602    0.002807671
 612     603    0.000070318
 612     604    0.000257214
 612     610    0.011476895
 612     611    0.018587503
 612     612    2.051800000
 612     613    0.000051690
 613    5620    0.005965677
 613    5621    0.008882684
 613     602    0.000861546
 613     603    0.003947261
 613     604    0.001034221
 613     610    0.000598461
 613     611    0.000846393
 613     612    0.000051690
 613     613    2.067300000
