5620    5620     2.405700002
5620    5621    -0.004859254
5620     602     0.001675280
5620     603    -0.006488322
5620     604    -0.002281278
5620     610     0.002187846
5620     611     0.001444042
5620     612    -0.005592938
5620     613     0.003902856
5621    5620    -0.004859254
5621    5621     2.336999995
5621     602    -0.000866104
5621     603    -0.021456173
5621     604     0.032371411
5621     610    -0.000345055
5621     611     0.000287935
5621     612     0.007852343
5621     613    -0.010057498
 602    5620     0.001675280
 602    5621    -0.000866104
 602     602     2.071500000
 602     603     0.005814745
 602     604    -0.001219378
 602     610     0.001731600
 602     611    -0.001008574
 602     612    -0.002525137
 602     613    -0.000646815
 603    5620    -0.006488322
 603    5621    -0.021456173
 603     602     0.005814745
 603     603     2.028900000
 603     604    -0.000586325
 603     610     0.002244613
 603     611    -0.000792182
 603     612    -0.000109770
 603     613    -0.004966279
 604    5620    -0.002281278
 604    5621     0.032371411
 604     602    -0.001219378
 604     603    -0.000586325
 604     604     2.054700000
 604     610    -0.000972534
 604     611     0.000359696
 604     612    -0.000957625
 604     613    -0.001122501
 610    5620     0.002187846
 610    5621    -0.000345055
 610     602     0.001731600
 610     603     0.002244613
 610     604    -0.000972534
 610     610     1.976800000
 610     611    -0.006014673
 610     612     0.007915477
 610     613    -0.000447220
 611    5620     0.001444042
 611    5621     0.000287935
 611     602    -0.001008574
 611     603    -0.000792182
 611     604     0.000359696
 611     610    -0.006014673
 611     611     1.975900000
 611     612    -0.023025483
 611     613     0.001020372
 612    5620    -0.005592938
 612    5621     0.007852343
 612     602    -0.002525137
 612     603    -0.000109770
 612     604    -0.000957625
 612     610     0.007915477
 612     611    -0.023025483
 612     612     2.092300000
 612     613     0.000051607
 613    5620     0.003902856
 613    5621    -0.010057498
 613     602    -0.000646815
 613     603    -0.004966279
 613     604    -0.001122501
 613     610    -0.000447220
 613     611     0.001020372
 613     612     0.000051607
 613     613     1.994100000
