5620    5620     2.387000002
5620    5621    -0.007582373
5620     602     0.002205777
5620     603    -0.006252479
5620     604     0.001043670
5620     610     0.003209683
5620     611     0.002130602
5620     612     0.009545477
5620     613     0.004275234
5621    5620    -0.007582373
5621    5621     2.382699995
5621     602     0.001024679
5621     603    -0.026216008
5621     604     0.034368721
5621     610     0.002586723
5621     611     0.000032299
5621     612    -0.008204322
5621     613    -0.009460121
 602    5620     0.002205777
 602    5621     0.001024679
 602     602     2.051100000
 602     603     0.006735684
 602     604     0.001408406
 602     610    -0.002422224
 602     611     0.000568846
 602     612     0.002788001
 602     613     0.000463891
 603    5620    -0.006252479
 603    5621    -0.026216008
 603     602     0.006735684
 603     603     2.029400000
 603     604     0.000551988
 603     610     0.002453392
 603     611     0.000320638
 603     612     0.000095919
 603     613     0.005021019
 604    5620     0.001043670
 604    5621     0.034368721
 604     602     0.001408406
 604     603     0.000551988
 604     604     2.133800000
 604     610    -0.001669949
 604     611    -0.000330806
 604     612     0.001089837
 604     613    -0.001126503
 610    5620     0.003209683
 610    5621     0.002586723
 610     602    -0.002422224
 610     603     0.002453392
 610     604    -0.001669949
 610     610     2.023300000
 610     611    -0.006451770
 610     612    -0.004068665
 610     613     0.000418208
 611    5620     0.002130602
 611    5621     0.000032299
 611     602     0.000568846
 611     603     0.000320638
 611     604    -0.000330806
 611     610    -0.006451770
 611     611     2.086400000
 611     612     0.020462266
 611     613     0.000734633
 612    5620     0.009545477
 612    5621    -0.008204322
 612     602     0.002788001
 612     603     0.000095919
 612     604     0.001089837
 612     610    -0.004068665
 612     611     0.020462266
 612     612     2.049500000
 612     613     0.000043416
 613    5620     0.004275234
 613    5621    -0.009460121
 613     602     0.000463891
 613     603     0.005021019
 613     604    -0.001126503
 613     610     0.000418208
 613     611     0.000734633
 613     612     0.000043416
 613     613     1.996600000
