5620    5620    2.347000002
5620    5621    0.004588077
5620     602    0.001199010
5620     603    0.007617995
5620     604    0.000643223
5620     610    0.000423596
5620     611    0.002300926
5620     612    0.006562254
5620     613    0.008737425
5621    5620    0.004588077
5621    5621    2.421999995
5621     602    0.002393344
5621     603    0.022086403
5621     604    0.033863986
5621     610    0.001688213
5621     611    0.000449920
5621     612    0.006651034
5621     613    0.006608832
 602    5620    0.001199010
 602    5621    0.002393344
 602     602    2.071200000
 602     603    0.005448610
 602     604    0.001705924
 602     610    0.001687500
 602     611    0.000062800
 602     612    0.002705218
 602     613    0.000744944
 603    5620    0.007617995
 603    5621    0.022086403
 603     602    0.005448610
 603     603    1.976300000
 603     604    0.000338613
 603     610    0.002255962
 603     611    0.000374704
 603     612    0.000257836
 603     613    0.005284391
 604    5620    0.000643223
 604    5621    0.033863986
 604     602    0.001705924
 604     603    0.000338613
 604     604    2.072800000
 604     610    0.000730296
 604     611    0.000638017
 604     612    0.000073264
 604     613    0.001238902
 610    5620    0.000423596
 610    5621    0.001688213
 610     602    0.001687500
 610     603    0.002255962
 610     604    0.000730296
 610     610    2.117800000
 610     611    0.006579655
 610     612    0.006139575
 610     613    0.000615848
 611    5620    0.002300926
 611    5621    0.000449920
 611     602    0.000062800
 611     603    0.000374704
 611     604    0.000638017
 611     610    0.006579655
 611     611    2.085600000
 611     612    0.020266537
 611     613    0.000719104
 612    5620    0.006562254
 612    5621    0.006651034
 612     602    0.002705218
 612     603    0.000257836
 612     604    0.000073264
 612     610    0.006139575
 612     611    0.020266537
 612     612    1.967700000
 612     613    0.000350532
 613    5620    0.008737425
 613    5621    0.006608832
 613     602    0.000744944
 613     603    0.005284391
 613     604    0.001238902
 613     610    0.000615848
 613     611    0.000719104
 613     612    0.000350532
 613     613    1.954800000
