5620    5620    2.324900002
5620    5621    0.005372999
5620     602    0.001656325
5620     603    0.006535532
5620     604    0.000575611
5620     610    0.004005353
5620     611    0.002483253
5620     612    0.010380197
5620     613    0.004939708
5621    5620    0.005372999
5621    5621    2.248799995
5621     602    0.001981037
5621     603    0.021876343
5621     604    0.029727323
5621     610    0.001111637
5621     611    0.000087515
5621     612    0.007114252
5621     613    0.008312906
 602    5620    0.001656325
 602    5621    0.001981037
 602     602    2.021800000
 602     603    0.008334205
 602     604    0.001440520
 602     610    0.002217732
 602     611    0.001012317
 602     612    0.002915190
 602     613    0.000731832
 603    5620    0.006535532
 603    5621    0.021876343
 603     602    0.008334205
 603     603    2.030400000
 603     604    0.000346158
 603     610    0.002491383
 603     611    0.000311911
 603     612    0.000099765
 603     613    0.004554492
 604    5620    0.000575611
 604    5621    0.029727323
 604     602    0.001440520
 604     603    0.000346158
 604     604    2.104500000
 604     610    0.000489193
 604     611    0.000517884
 604     612    0.000213372
 604     613    0.000958832
 610    5620    0.004005353
 610    5621    0.001111637
 610     602    0.002217732
 610     603    0.002491383
 610     604    0.000489193
 610     610    2.048800000
 610     611    0.007558793
 610     612    0.007871461
 610     613    0.000568320
 611    5620    0.002483253
 611    5621    0.000087515
 611     602    0.001012317
 611     603    0.000311911
 611     604    0.000517884
 611     610    0.007558793
 611     611    2.051200000
 611     612    0.019941790
 611     613    0.000728727
 612    5620    0.010380197
 612    5621    0.007114252
 612     602    0.002915190
 612     603    0.000099765
 612     604    0.000213372
 612     610    0.007871461
 612     611    0.019941790
 612     612    2.038700000
 612     613    0.000113031
 613    5620    0.004939708
 613    5621    0.008312906
 613     602    0.000731832
 613     603    0.004554492
 613     604    0.000958832
 613     610    0.000568320
 613     611    0.000728727
 613     612    0.000113031
 613     613    1.961000000
