5620    5620    2.335000002
5620    5621    0.008582730
5620     602    0.002638166
5620     603    0.005118059
5620     604    0.000706868
5620     610    0.004760728
5620     611    0.003963808
5620     612    0.000439114
5620     613    0.006225155
5621    5620    0.008582730
5621    5621    2.290499995
5621     602    0.000284985
5621     603    0.024275882
5621     604    0.035446242
5621     610    0.001205534
5621     611    0.000397665
5621     612    0.006001456
5621     613    0.006512930
 602    5620    0.002638166
 602    5621    0.000284985
 602     602    1.985800000
 602     603    0.009083281
 602     604    0.001730670
 602     610    0.002026731
 602     611    0.000623361
 602     612    0.002362934
 602     613    0.000216915
 603    5620    0.005118059
 603    5621    0.024275882
 603     602    0.009083281
 603     603    2.034400000
 603     604    0.001323834
 603     610    0.001722233
 603     611    0.000146178
 603     612    0.000168434
 603     613    0.003171703
 604    5620    0.000706868
 604    5621    0.035446242
 604     602    0.001730670
 604     603    0.001323834
 604     604    1.993000000
 604     610    0.001389421
 604     611    0.000299304
 604     612    0.000921171
 604     613    0.000874712
 610    5620    0.004760728
 610    5621    0.001205534
 610     602    0.002026731
 610     603    0.001722233
 610     604    0.001389421
 610     610    2.101600000
 610     611    0.005246181
 610     612    0.003801364
 610     613    0.000432575
 611    5620    0.003963808
 611    5621    0.000397665
 611     602    0.000623361
 611     603    0.000146178
 611     604    0.000299304
 611     610    0.005246181
 611     611    2.033800000
 611     612    0.016129424
 611     613    0.000457116
 612    5620    0.000439114
 612    5621    0.006001456
 612     602    0.002362934
 612     603    0.000168434
 612     604    0.000921171
 612     610    0.003801364
 612     611    0.016129424
 612     612    2.059300000
 612     613    0.000536566
 613    5620    0.006225155
 613    5621    0.006512930
 613     602    0.000216915
 613     603    0.003171703
 613     604    0.000874712
 613     610    0.000432575
 613     611    0.000457116
 613     612    0.000536566
 613     613    2.026500000
