5620    5620     2.548700002
5620    5621    -0.007567262
5620     602    -0.000501942
5620     603     0.005414993
5620     604     0.000827922
5620     610    -0.003331772
5620     611    -0.002507197
5620     612    -0.011306413
5620     613    -0.007982219
5621    5620    -0.007567262
5621    5621     2.245499995
5621     602     0.002036844
5621     603    -0.026400332
5621     604    -0.036685130
5621     610    -0.001932950
5621     611    -0.000109401
5621     612     0.008930455
5621     613    -0.008600456
 602    5620    -0.000501942
 602    5621     0.002036844
 602     602     2.060600000
 602     603    -0.012785818
 602     604    -0.001610624
 602     610     0.001282945
 602     611     0.000112246
 602     612     0.002584778
 602     613     0.000843861
 603    5620     0.005414993
 603    5621    -0.026400332
 603     602    -0.012785818
 603     603     2.036300000
 603     604    -0.000818843
 603     610     0.002088535
 603     611     0.000366364
 603     612     0.000153789
 603     613     0.003651913
 604    5620     0.000827922
 604    5621    -0.036685130
 604     602    -0.001610624
 604     603    -0.000818843
 604     604     2.020600000
 604     610     0.001295574
 604     611    -0.000423867
 604     612     0.000852885
 604     613    -0.001038144
 610    5620    -0.003331772
 610    5621    -0.001932950
 610     602     0.001282945
 610     603     0.002088535
 610     604     0.001295574
 610     610     2.076400000
 610     611     0.005743720
 610     612     0.006831539
 610     613    -0.000553702
 611    5620    -0.002507197
 611    5621    -0.000109401
 611     602     0.000112246
 611     603     0.000366364
 611     604    -0.000423867
 611     610     0.005743720
 611     611     2.023200000
 611     612     0.021582589
 611     613     0.000701788
 612    5620    -0.011306413
 612    5621     0.008930455
 612     602     0.002584778
 612     603     0.000153789
 612     604     0.000852885
 612     610     0.006831539
 612     611     0.021582589
 612     612     1.950900000
 612     613    -0.000154487
 613    5620    -0.007982219
 613    5621    -0.008600456
 613     602     0.000843861
 613     603     0.003651913
 613     604    -0.001038144
 613     610    -0.000553702
 613     611     0.000701788
 613     612    -0.000154487
 613     613     2.002900000
