5620    5620     2.183900002
5620    5621     0.004474422
5620     602    -0.000635451
5620     603    -0.006358737
5620     604    -0.001034668
5620     610     0.000003200
5620     611    -0.000202863
5620     612     0.012360689
5620     613     0.007365411
5621    5620     0.004474422
5621    5621     2.325199995
5621     602    -0.003555746
5621     603     0.012266624
5621     604    -0.030964587
5621     610     0.001857196
5621     611     0.000655155
5621     612     0.007288240
5621     613     0.005505359
 602    5620    -0.000635451
 602    5621    -0.003555746
 602     602     2.034400000
 602     603    -0.005457917
 602     604     0.001602629
 602     610    -0.001564906
 602     611    -0.000046198
 602     612     0.002408465
 602     613    -0.000803350
 603    5620    -0.006358737
 603    5621     0.012266624
 603     602    -0.005457917
 603     603     2.074600000
 603     604    -0.000054427
 603     610     0.001984599
 603     611    -0.000586998
 603     612    -0.000022301
 603     613     0.004049283
 604    5620    -0.001034668
 604    5621    -0.030964587
 604     602     0.001602629
 604     603    -0.000054427
 604     604     2.053500000
 604     610     0.001203633
 604     611     0.000725644
 604     612     0.000126159
 604     613     0.001047259
 610    5620     0.000003200
 610    5621     0.001857196
 610     602    -0.001564906
 610     603     0.001984599
 610     604     0.001203633
 610     610     2.139700000
 610     611    -0.006290125
 610     612    -0.007977361
 610     613     0.000492138
 611    5620    -0.000202863
 611    5621     0.000655155
 611     602    -0.000046198
 611     603    -0.000586998
 611     604     0.000725644
 611     610    -0.006290125
 611     611     1.934200000
 611     612    -0.019664655
 611     613     0.000909982
 612    5620     0.012360689
 612    5621     0.007288240
 612     602     0.002408465
 612     603    -0.000022301
 612     604     0.000126159
 612     610    -0.007977361
 612     611    -0.019664655
 612     612     2.108200000
 612     613    -0.000005528
 613    5620     0.007365411
 613    5621     0.005505359
 613     602    -0.000803350
 613     603     0.004049283
 613     604     0.001047259
 613     610     0.000492138
 613     611     0.000909982
 613     612    -0.000005528
 613     613     2.024200000
