5620    5620    2.450600002
5620    5621    0.005352039
5620     602    0.001803234
5620     603    0.005345776
5620     604    0.000625442
5620     610    0.003611722
5620     611    0.001176411
5620     612    0.011694389
5620     613    0.005512794
5621    5620    0.005352039
5621    5621    2.404799995
5621     602    0.010125003
5621     603    0.017717888
5621     604    0.027223303
5621     610    0.003211315
5621     611    0.000607519
5621     612    0.006945524
5621     613    0.007176717
 602    5620    0.001803234
 602    5621    0.010125003
 602     602    2.042800000
 602     603    0.011562574
 602     604    0.001529684
 602     610    0.002243822
 602     611    0.000451612
 602     612    0.002487147
 602     613    0.000497617
 603    5620    0.005345776
 603    5621    0.017717888
 603     602    0.011562574
 603     603    2.066900000
 603     604    0.001159643
 603     610    0.001964570
 603     611    0.000410672
 603     612    0.000239747
 603     613    0.003933590
 604    5620    0.000625442
 604    5621    0.027223303
 604     602    0.001529684
 604     603    0.001159643
 604     604    2.084800000
 604     610    0.001502969
 604     611    0.000482796
 604     612    0.000273761
 604     613    0.001030868
 610    5620    0.003611722
 610    5621    0.003211315
 610     602    0.002243822
 610     603    0.001964570
 610     604    0.001502969
 610     610    2.108500000
 610     611    0.005649131
 610     612    0.004004591
 610     613    0.000376040
 611    5620    0.001176411
 611    5621    0.000607519
 611     602    0.000451612
 611     603    0.000410672
 611     604    0.000482796
 611     610    0.005649131
 611     611    2.074700000
 611     612    0.016068923
 611     613    0.000795398
 612    5620    0.011694389
 612    5621    0.006945524
 612     602    0.002487147
 612     603    0.000239747
 612     604    0.000273761
 612     610    0.004004591
 612     611    0.016068923
 612     612    2.076200000
 612     613    0.000076471
 613    5620    0.005512794
 613    5621    0.007176717
 613     602    0.000497617
 613     603    0.003933590
 613     604    0.001030868
 613     610    0.000376040
 613     611    0.000795398
 613     612    0.000076471
 613     613    2.066300000
