5620    5620    2.257500002
5620    5621    0.007046109
5620     602    0.002725540
5620     603    0.005715415
5620     604    0.001599165
5620     610    0.006075801
5620     611    0.000807480
5620     612    0.004035704
5620     613    0.005835385
5621    5620    0.007046109
5621    5621    2.293799995
5621     602    0.000986650
5621     603    0.026740898
5621     604    0.032164070
5621     610    0.000061746
5621     611    0.000367125
5621     612    0.007138174
5621     613    0.008361502
 602    5620    0.002725540
 602    5621    0.000986650
 602     602    2.059200000
 602     603    0.006596114
 602     604    0.001438072
 602     610    0.001624188
 602     611    0.000351464
 602     612    0.002502575
 602     613    0.000052983
 603    5620    0.005715415
 603    5621    0.026740898
 603     602    0.006596114
 603     603    2.001600000
 603     604    0.000953107
 603     610    0.001793738
 603     611    0.000332965
 603     612    0.000085326
 603     613    0.003827466
 604    5620    0.001599165
 604    5621    0.032164070
 604     602    0.001438072
 604     603    0.000953107
 604     604    2.057400000
 604     610    0.000574820
 604     611    0.000292014
 604     612    0.000638853
 604     613    0.000912180
 610    5620    0.006075801
 610    5621    0.000061746
 610     602    0.001624188
 610     603    0.001793738
 610     604    0.000574820
 610     610    2.118800000
 610     611    0.005204889
 610     612    0.007210497
 610     613    0.000622491
 611    5620    0.000807480
 611    5621    0.000367125
 611     602    0.000351464
 611     603    0.000332965
 611     604    0.000292014
 611     610    0.005204889
 611     611    2.091800000
 611     612    0.015727492
 611     613    0.000723972
 612    5620    0.004035704
 612    5621    0.007138174
 612     602    0.002502575
 612     603    0.000085326
 612     604    0.000638853
 612     610    0.007210497
 612     611    0.015727492
 612     612    2.069100000
 612     613    0.000385376
 613    5620    0.005835385
 613    5621    0.008361502
 613     602    0.000052983
 613     603    0.003827466
 613     604    0.000912180
 613     610    0.000622491
 613     611    0.000723972
 613     612    0.000385376
 613     613    2.024800000
