5620    5620     2.449000002
5620    5621     0.005752845
5620     602    -0.002241338
5620     603    -0.004763570
5620     604    -0.001000399
5620     610    -0.003741591
5620     611    -0.002990581
5620     612    -0.003443189
5620     613    -0.005283148
5621    5620     0.005752845
5621    5621     2.152499995
5621     602     0.003313773
5621     603    -0.022572426
5621     604     0.039008474
5621     610     0.002983292
5621     611     0.000096084
5621     612     0.006342936
5621     613     0.007670597
 602    5620    -0.002241338
 602    5621     0.003313773
 602     602     2.040200000
 602     603     0.005902787
 602     604    -0.001480699
 602     610     0.002217362
 602     611    -0.000620361
 602     612     0.001849285
 602     613     0.000149773
 603    5620    -0.004763570
 603    5621    -0.022572426
 603     602     0.005902787
 603     603     2.082100000
 603     604     0.000192520
 603     610     0.001998639
 603     611     0.000275657
 603     612     0.000479956
 603     613     0.003090302
 604    5620    -0.001000399
 604    5621     0.039008474
 604     602    -0.001480699
 604     603     0.000192520
 604     604     1.988700000
 604     610    -0.001318585
 604     611    -0.000509228
 604     612    -0.000543888
 604     613    -0.000960088
 610    5620    -0.003741591
 610    5621     0.002983292
 610     602     0.002217362
 610     603     0.001998639
 610     604    -0.001318585
 610     610     2.021600000
 610     611    -0.007190750
 610     612    -0.000771406
 610     613    -0.000528934
 611    5620    -0.002990581
 611    5621     0.000096084
 611     602    -0.000620361
 611     603     0.000275657
 611     604    -0.000509228
 611     610    -0.007190750
 611     611     1.937200000
 611     612    -0.018851816
 611     613     0.000555083
 612    5620    -0.003443189
 612    5621     0.006342936
 612     602     0.001849285
 612     603     0.000479956
 612     604    -0.000543888
 612     610    -0.000771406
 612     611    -0.018851816
 612     612     2.093800000
 612     613     0.000527381
 613    5620    -0.005283148
 613    5621     0.007670597
 613     602     0.000149773
 613     603     0.003090302
 613     604    -0.000960088
 613     610    -0.000528934
 613     611     0.000555083
 613     612     0.000527381
 613     613     2.038400000
