5620    5620    2.266200002
5620    5621    0.007969148
5620     602    0.001441659
5620     603    0.005643272
5620     604    0.001551871
5620     610    0.008116625
5620     611    0.003386151
5620     612    0.019940921
5620     613    0.003803795
5621    5620    0.007969148
5621    5621    2.321999995
5621     602    0.000384809
5621     603    0.020988932
5621     604    0.034332039
5621     610    0.000785256
5621     611    0.000156988
5621     612    0.007026899
5621     613    0.009128950
 602    5620    0.001441659
 602    5621    0.000384809
 602     602    2.093700000
 602     603    0.005360680
 602     604    0.001494262
 602     610    0.001774194
 602     611    0.000665249
 602     612    0.002660979
 602     613    0.000586179
 603    5620    0.005643272
 603    5621    0.020988932
 603     602    0.005360680
 603     603    2.103900000
 603     604    0.000556368
 603     610    0.002177980
 603     611    0.000364298
 603     612    0.000138042
 603     613    0.003668486
 604    5620    0.001551871
 604    5621    0.034332039
 604     602    0.001494262
 604     603    0.000556368
 604     604    2.083400000
 604     610    0.000978269
 604     611    0.000319726
 604     612    0.001009246
 604     613    0.000993268
 610    5620    0.008116625
 610    5621    0.000785256
 610     602    0.001774194
 610     603    0.002177980
 610     604    0.000978269
 610     610    2.035400000
 610     611    0.006219471
 610     612    0.011881043
 610     613    0.000465074
 611    5620    0.003386151
 611    5621    0.000156988
 611     602    0.000665249
 611     603    0.000364298
 611     604    0.000319726
 611     610    0.006219471
 611     611    2.074200000
 611     612    0.018182024
 611     613    0.000608768
 612    5620    0.019940921
 612    5621    0.007026899
 612     602    0.002660979
 612     603    0.000138042
 612     604    0.001009246
 612     610    0.011881043
 612     611    0.018182024
 612     612    2.015000000
 612     613    0.000057148
 613    5620    0.003803795
 613    5621    0.009128950
 613     602    0.000586179
 613     603    0.003668486
 613     604    0.000993268
 613     610    0.000465074
 613     611    0.000608768
 613     612    0.000057148
 613     613    2.056200000
