5620    5620    2.207100002
5620    5621    0.006825621
5620     602    0.002029119
5620     603    0.005928185
5620     604    0.001079079
5620     610    0.002154993
5620     611    0.003995785
5620     612    0.006849405
5620     613    0.003135675
5621    5620    0.006825621
5621    5621    2.350899995
5621     602    0.000842225
5621     603    0.025183032
5621     604    0.033915882
5621     610    0.002138024
5621     611    0.000061046
5621     612    0.007278671
5621     613    0.011299347
 602    5620    0.002029119
 602    5621    0.000842225
 602     602    1.989100000
 602     603    0.007410413
 602     604    0.001671162
 602     610    0.002083787
 602     611    0.000516760
 602     612    0.003028148
 602     613    0.000739940
 603    5620    0.005928185
 603    5621    0.025183032
 603     602    0.007410413
 603     603    1.989500000
 603     604    0.000331793
 603     610    0.002033256
 603     611    0.000359541
 603     612    0.000312587
 603     613    0.004807183
 604    5620    0.001079079
 604    5621    0.033915882
 604     602    0.001671162
 604     603    0.000331793
 604     604    2.038900000
 604     610    0.001406598
 604     611    0.000338278
 604     612    0.001201612
 604     613    0.001113899
 610    5620    0.002154993
 610    5621    0.002138024
 610     602    0.002083787
 610     603    0.002033256
 610     604    0.001406598
 610     610    2.050400000
 610     611    0.006842958
 610     612    0.004081670
 610     613    0.000405868
 611    5620    0.003995785
 611    5621    0.000061046
 611     602    0.000516760
 611     603    0.000359541
 611     604    0.000338278
 611     610    0.006842958
 611     611    2.053100000
 611     612    0.021962568
 611     613    0.000754690
 612    5620    0.006849405
 612    5621    0.007278671
 612     602    0.003028148
 612     603    0.000312587
 612     604    0.001201612
 612     610    0.004081670
 612     611    0.021962568
 612     612    2.010800000
 612     613    0.000053790
 613    5620    0.003135675
 613    5621    0.011299347
 613     602    0.000739940
 613     603    0.004807183
 613     604    0.001113899
 613     610    0.000405868
 613     611    0.000754690
 613     612    0.000053790
 613     613    1.997300000
