5620    5620     2.475700002
5620    5621     0.009775539
5620     602     0.001921314
5620     603    -0.005363473
5620     604    -0.000071459
5620     610     0.008909569
5620     611    -0.002400150
5620     612    -0.011432719
5620     613    -0.007011939
5621    5620     0.009775539
5621    5621     2.158499995
5621     602     0.000143156
5621     603     0.025927684
5621     604    -0.033952998
5621     610     0.000880155
5621     611    -0.000304611
5621     612    -0.007577799
5621     613     0.009672570
 602    5620     0.001921314
 602    5621     0.000143156
 602     602     2.000200000
 602     603     0.007515120
 602     604    -0.001628514
 602     610    -0.001846339
 602     611     0.000469899
 602     612     0.002934493
 602     613     0.000535602
 603    5620    -0.005363473
 603    5621     0.025927684
 603     602     0.007515120
 603     603     2.080300000
 603     604     0.000759338
 603     610    -0.002304399
 603     611     0.000363112
 603     612    -0.000144739
 603     613     0.003998510
 604    5620    -0.000071459
 604    5621    -0.033952998
 604     602    -0.001628514
 604     603     0.000759338
 604     604     2.098300000
 604     610     0.001188201
 604     611    -0.000404238
 604     612     0.000777712
 604     613     0.000907040
 610    5620     0.008909569
 610    5621     0.000880155
 610     602    -0.001846339
 610     603    -0.002304399
 610     604     0.001188201
 610     610     2.023400000
 610     611     0.006808226
 610     612     0.008385930
 610     613    -0.000761896
 611    5620    -0.002400150
 611    5621    -0.000304611
 611     602     0.000469899
 611     603     0.000363112
 611     604    -0.000404238
 611     610     0.006808226
 611     611     1.966300000
 611     612     0.020604156
 611     613     0.000891551
 612    5620    -0.011432719
 612    5621    -0.007577799
 612     602     0.002934493
 612     603    -0.000144739
 612     604     0.000777712
 612     610     0.008385930
 612     611     0.020604156
 612     612     2.130200000
 612     613    -0.000335915
 613    5620    -0.007011939
 613    5621     0.009672570
 613     602     0.000535602
 613     603     0.003998510
 613     604     0.000907040
 613     610    -0.000761896
 613     611     0.000891551
 613     612    -0.000335915
 613     613     1.991700000
