5620    5620     2.363800002
5620    5621     0.004805651
5620     602     0.002608993
5620     603     0.006202279
5620     604    -0.000662144
5620     610    -0.004823530
5620     611     0.002018586
5620     612     0.005771447
5620     613     0.006694369
5621    5620     0.004805651
5621    5621     2.348599995
5621     602     0.004825711
5621     603    -0.017739306
5621     604     0.031612424
5621     610     0.002981554
5621     611     0.000412001
5621     612     0.006849404
5621     613     0.006948744
 602    5620     0.002608993
 602    5621     0.004825711
 602     602     2.091500000
 602     603    -0.003850239
 602     604     0.001166314
 602     610     0.002140792
 602     611    -0.000721235
 602     612    -0.001928742
 602     613     0.000473971
 603    5620     0.006202279
 603    5621    -0.017739306
 603     602    -0.003850239
 603     603     2.043300000
 603     604    -0.000419201
 603     610    -0.002232956
 603     611     0.000478760
 603     612     0.000211155
 603     613    -0.004191259
 604    5620    -0.000662144
 604    5621     0.031612424
 604     602     0.001166314
 604     603    -0.000419201
 604     604     2.051100000
 604     610     0.001720818
 604     611    -0.000481934
 604     612    -0.000661550
 604     613    -0.001060234
 610    5620    -0.004823530
 610    5621     0.002981554
 610     602     0.002140792
 610     603    -0.002232956
 610     604     0.001720818
 610     610     2.015300000
 610     611     0.007450345
 610     612     0.004394993
 610     613    -0.000519857
 611    5620     0.002018586
 611    5621     0.000412001
 611     602    -0.000721235
 611     603     0.000478760
 611     604    -0.000481934
 611     610     0.007450345
 611     611     2.019500000
 611     612     0.019273235
 611     613    -0.000855104
 612    5620     0.005771447
 612    5621     0.006849404
 612     602    -0.001928742
 612     603     0.000211155
 612     604    -0.000661550
 612     610     0.004394993
 612     611     0.019273235
 612     612     2.059300000
 612     613     0.000289600
 613    5620     0.006694369
 613    5621     0.006948744
 613     602     0.000473971
 613     603    -0.004191259
 613     604    -0.001060234
 613     610    -0.000519857
 613     611    -0.000855104
 613     612     0.000289600
 613     613     1.982900000
