5620    5620    2.167300002
5620    5621    0.004830859
5620     602    0.001139500
5620     603    0.006200449
5620     604    0.001192519
5620     610    0.002699685
5620     611    0.004261596
5620     612    0.005993004
5620     613    0.005161396
5621    5620    0.004830859
5621    5621    2.365399995
5621     602    0.000183583
5621     603    0.022429757
5621     604    0.031376879
5621     610    0.001831119
5621     611    0.000257031
5621     612    0.006300874
5621     613    0.007909473
 602    5620    0.001139500
 602    5621    0.000183583
 602     602    2.089200000
 602     603    0.009847539
 602     604    0.001686598
 602     610    0.001855767
 602     611    0.000596934
 602     612    0.002666672
 602     613    0.000948204
 603    5620    0.006200449
 603    5621    0.022429757
 603     602    0.009847539
 603     603    2.062100000
 603     604    0.000604172
 603     610    0.002113356
 603     611    0.000154981
 603     612    0.000174737
 603     613    0.004787786
 604    5620    0.001192519
 604    5621    0.031376879
 604     602    0.001686598
 604     603    0.000604172
 604     604    2.049200000
 604     610    0.000941535
 604     611    0.000561008
 604     612    0.000203542
 604     613    0.001392978
 610    5620    0.002699685
 610    5621    0.001831119
 610     602    0.001855767
 610     603    0.002113356
 610     604    0.000941535
 610     610    2.047900000
 610     611    0.005140849
 610     612    0.006272561
 610     613    0.000434546
 611    5620    0.004261596
 611    5621    0.000257031
 611     602    0.000596934
 611     603    0.000154981
 611     604    0.000561008
 611     610    0.005140849
 611     611    2.050100000
 611     612    0.018689087
 611     613    0.000589705
 612    5620    0.005993004
 612    5621    0.006300874
 612     602    0.002666672
 612     603    0.000174737
 612     604    0.000203542
 612     610    0.006272561
 612     611    0.018689087
 612     612    1.994500000
 612     613    0.000358703
 613    5620    0.005161396
 613    5621    0.007909473
 613     602    0.000948204
 613     603    0.004787786
 613     604    0.001392978
 613     610    0.000434546
 613     611    0.000589705
 613     612    0.000358703
 613     613    2.016200000
