5620    5620    2.533700002
5620    5621    0.005765922
5620     602    0.000940921
5620     603    0.005700005
5620     604    0.001093055
5620     610    0.004259861
5620     611    0.000113337
5620     612    0.000180428
5620     613    0.006253876
5621    5620    0.005765922
5621    5621    2.121299995
5621     602    0.003858695
5621     603    0.025353776
5621     604    0.030538587
5621     610    0.002976415
5621     611    0.000469671
5621     612    0.007288971
5621     613    0.008036575
 602    5620    0.000940921
 602    5621    0.003858695
 602     602    2.078900000
 602     603    0.011061229
 602     604    0.001453570
 602     610    0.001765251
 602     611    0.000423055
 602     612    0.002197595
 602     613    0.000813815
 603    5620    0.005700005
 603    5621    0.025353776
 603     602    0.011061229
 603     603    1.971000000
 603     604    0.001704593
 603     610    0.002237397
 603     611    0.000378087
 603     612    0.000125598
 603     613    0.004046857
 604    5620    0.001093055
 604    5621    0.030538587
 604     602    0.001453570
 604     603    0.001704593
 604     604    2.093100000
 604     610    0.001578029
 604     611    0.000511737
 604     612    0.000277054
 604     613    0.001070828
 610    5620    0.004259861
 610    5621    0.002976415
 610     602    0.001765251
 610     603    0.002237397
 610     604    0.001578029
 610     610    2.047500000
 610     611    0.006726075
 610     612    0.005305555
 610     613    0.000545090
 611    5620    0.000113337
 611    5621    0.000469671
 611     602    0.000423055
 611     603    0.000378087
 611     604    0.000511737
 611     610    0.006726075
 611     611    2.050900000
 611     612    0.017601255
 611     613    0.000895981
 612    5620    0.000180428
 612    5621    0.007288971
 612     602    0.002197595
 612     603    0.000125598
 612     604    0.000277054
 612     610    0.005305555
 612     611    0.017601255
 612     612    2.064400000
 612     613    0.000315228
 613    5620    0.006253876
 613    5621    0.008036575
 613     602    0.000813815
 613     603    0.004046857
 613     604    0.001070828
 613     610    0.000545090
 613     611    0.000895981
 613     612    0.000315228
 613     613    1.998100000
