5620    5620     2.171800002
5620    5621     0.006243084
5620     602     0.001513901
5620     603     0.005850798
5620     604     0.001800465
5620     610    -0.002335430
5620     611     0.003027684
5620     612    -0.020741214
5620     613    -0.004926913
5621    5620     0.006243084
5621    5621     2.414599995
5621     602     0.000781561
5621     603     0.019801858
5621     604    -0.030144363
5621     610    -0.002944988
5621     611    -0.000447551
5621     612     0.007355423
5621     613    -0.006398515
 602    5620     0.001513901
 602    5621     0.000781561
 602     602     2.029300000
 602     603     0.007607755
 602     604    -0.001590211
 602     610     0.002474726
 602     611     0.000637559
 602     612    -0.002845531
 602     613    -0.000588010
 603    5620     0.005850798
 603    5621     0.019801858
 603     602     0.007607755
 603     603     2.091200000
 603     604    -0.000395827
 603     610     0.001912683
 603     611    -0.000457608
 603     612    -0.000114748
 603     613    -0.003641068
 604    5620     0.001800465
 604    5621    -0.030144363
 604     602    -0.001590211
 604     603    -0.000395827
 604     604     2.065300000
 604     610     0.001430558
 604     611     0.000606372
 604     612    -0.000227536
 604     613     0.001084360
 610    5620    -0.002335430
 610    5621    -0.002944988
 610     602     0.002474726
 610     603     0.001912683
 610     604     0.001430558
 610     610     1.993500000
 610     611    -0.005735647
 610     612     0.004335675
 610     613    -0.000238716
 611    5620     0.003027684
 611    5621    -0.000447551
 611     602     0.000637559
 611     603    -0.000457608
 611     604     0.000606372
 611     610    -0.005735647
 611     611     2.093500000
 611     612     0.019704694
 611     613     0.000670316
 612    5620    -0.020741214
 612    5621     0.007355423
 612     602    -0.002845531
 612     603    -0.000114748
 612     604    -0.000227536
 612     610     0.004335675
 612     611     0.019704694
 612     612     1.978400000
 612     613     0.000100651
 613    5620    -0.004926913
 613    5621    -0.006398515
 613     602    -0.000588010
 613     603    -0.003641068
 613     604     0.001084360
 613     610    -0.000238716
 613     611     0.000670316
 613     612     0.000100651
 613     613     2.039400000
