5620    5620     2.147000002
5620    5621    -0.004556691
5620     602    -0.000495873
5620     603     0.006976685
5620     604     0.001431316
5620     610    -0.000773819
5620     611     0.001224769
5620     612     0.013132683
5620     613    -0.007198286
5621    5620    -0.004556691
5621    5621     2.276099995
5621     602     0.005249465
5621     603     0.030774357
5621     604     0.034319462
5621     610    -0.002827528
5621     611     0.000421595
5621     612     0.007528191
5621     613     0.008729086
 602    5620    -0.000495873
 602    5621     0.005249465
 602     602     2.061100000
 602     603     0.009998070
 602     604     0.001624752
 602     610     0.001754617
 602     611    -0.000026137
 602     612     0.002480763
 602     613    -0.001236775
 603    5620     0.006976685
 603    5621     0.030774357
 603     602     0.009998070
 603     603     1.999000000
 603     604     0.000645586
 603     610    -0.002253652
 603     611    -0.000606613
 603     612    -0.000247921
 603     613     0.004160751
 604    5620     0.001431316
 604    5621     0.034319462
 604     602     0.001624752
 604     603     0.000645586
 604     604     2.091100000
 604     610     0.001553679
 604     611    -0.000397477
 604     612     0.000950871
 604     613     0.000809239
 610    5620    -0.000773819
 610    5621    -0.002827528
 610     602     0.001754617
 610     603    -0.002253652
 610     604     0.001553679
 610     610     2.069600000
 610     611    -0.005827608
 610     612     0.005505466
 610     613    -0.000508057
 611    5620     0.001224769
 611    5621     0.000421595
 611     602    -0.000026137
 611     603    -0.000606613
 611     604    -0.000397477
 611     610    -0.005827608
 611     611     2.005700000
 611     612    -0.017699000
 611     613    -0.001021389
 612    5620     0.013132683
 612    5621     0.007528191
 612     602     0.002480763
 612     603    -0.000247921
 612     604     0.000950871
 612     610     0.005505466
 612     611    -0.017699000
 612     612     2.049000000
 612     613     0.000137971
 613    5620    -0.007198286
 613    5621     0.008729086
 613     602    -0.001236775
 613     603     0.004160751
 613     604     0.000809239
 613     610    -0.000508057
 613     611    -0.001021389
 613     612     0.000137971
 613     613     2.039200000
