5620    5620     2.351900002
5620    5621    -0.004160882
5620     602     0.000967427
5620     603    -0.005617705
5620     604     0.000844637
5620     610     0.005034772
5620     611     0.000266503
5620     612     0.009602669
5620     613     0.007572150
5621    5620    -0.004160882
5621    5621     2.404199995
5621     602    -0.001867382
5621     603     0.013648708
5621     604     0.026298958
5621     610    -0.000023310
5621     611     0.000100133
5621     612    -0.006174884
5621     613     0.008080061
 602    5620     0.000967427
 602    5621    -0.001867382
 602     602     2.100300000
 602     603    -0.004740813
 602     604     0.001371410
 602     610     0.001046534
 602     611     0.000089735
 602     612     0.002467328
 602     613    -0.000757930
 603    5620    -0.005617705
 603    5621     0.013648708
 603     602    -0.004740813
 603     603     2.064900000
 603     604    -0.000289249
 603     610     0.001841901
 603     611     0.000501239
 603     612    -0.000061073
 603     613     0.004005748
 604    5620     0.000844637
 604    5621     0.026298958
 604     602     0.001371410
 604     603    -0.000289249
 604     604     2.048100000
 604     610    -0.000664727
 604     611    -0.000353562
 604     612    -0.000928847
 604     613    -0.000870604
 610    5620     0.005034772
 610    5621    -0.000023310
 610     602     0.001046534
 610     603     0.001841901
 610     604    -0.000664727
 610     610     1.999600000
 610     611     0.005459296
 610     612    -0.006786182
 610     613     0.000714189
 611    5620     0.000266503
 611    5621     0.000100133
 611     602     0.000089735
 611     603     0.000501239
 611     604    -0.000353562
 611     610     0.005459296
 611     611     1.992100000
 611     612     0.020023368
 611     613     0.001069630
 612    5620     0.009602669
 612    5621    -0.006174884
 612     602     0.002467328
 612     603    -0.000061073
 612     604    -0.000928847
 612     610    -0.006786182
 612     611     0.020023368
 612     612     2.039800000
 612     613    -0.000032852
 613    5620     0.007572150
 613    5621     0.008080061
 613     602    -0.000757930
 613     603     0.004005748
 613     604    -0.000870604
 613     610     0.000714189
 613     611     0.001069630
 613     612    -0.000032852
 613     613     1.981700000
