5620    5620     2.270900002
5620    5621     0.007732102
5620     602    -0.001279306
5620     603    -0.005947035
5620     604     0.000527004
5620     610    -0.000653683
5620     611     0.002724557
5620     612    -0.012452756
5620     613    -0.007611939
5621    5620     0.007732102
5621    5621     2.350099995
5621     602    -0.001411120
5621     603     0.032875616
5621     604     0.034304330
5621     610     0.003534834
5621     611    -0.000428554
5621     612    -0.006313361
5621     613    -0.009864289
 602    5620    -0.001279306
 602    5621    -0.001411120
 602     602     2.072800000
 602     603    -0.009937547
 602     604    -0.001455103
 602     610    -0.002201319
 602     611     0.000574360
 602     612    -0.002456463
 602     613     0.000688313
 603    5620    -0.005947035
 603    5621     0.032875616
 603     602    -0.009937547
 603     603     2.027700000
 603     604     0.001606740
 603     610     0.002404146
 603     611    -0.000493991
 603     612     0.000188727
 603     613     0.004658698
 604    5620     0.000527004
 604    5621     0.034304330
 604     602    -0.001455103
 604     603     0.001606740
 604     604     2.027500000
 604     610     0.001828237
 604     611     0.000419095
 604     612    -0.000523237
 604     613     0.000971408
 610    5620    -0.000653683
 610    5621     0.003534834
 610     602    -0.002201319
 610     603     0.002404146
 610     604     0.001828237
 610     610     2.025800000
 610     611    -0.007511499
 610     612     0.009269532
 610     613     0.000580334
 611    5620     0.002724557
 611    5621    -0.000428554
 611     602     0.000574360
 611     603    -0.000493991
 611     604     0.000419095
 611     610    -0.007511499
 611     611     2.013000000
 611     612     0.017239059
 611     613    -0.000927240
 612    5620    -0.012452756
 612    5621    -0.006313361
 612     602    -0.002456463
 612     603     0.000188727
 612     604    -0.000523237
 612     610     0.009269532
 612     611     0.017239059
 612     612     2.024400000
 612     613     0.000210474
 613    5620    -0.007611939
 613    5621    -0.009864289
 613     602     0.000688313
 613     603     0.004658698
 613     604     0.000971408
 613     610     0.000580334
 613     611    -0.000927240
 613     612     0.000210474
 613     613     1.962600000
