5620    5620    2.220800002
5620    5621    0.003500604
5620     602    0.000752684
5620     603    0.006407135
5620     604    0.000653180
5620     610    0.002757008
5620     611    0.001445485
5620     612    0.002827060
5620     613    0.001959462
5621    5620    0.003500604
5621    5621    2.081099995
5621     602    0.002156610
5621     603    0.022392459
5621     604    0.034881177
5621     610    0.001493736
5621     611    0.000406788
5621     612    0.007130868
5621     613    0.008369142
 602    5620    0.000752684
 602    5621    0.002156610
 602     602    2.050900000
 602     603    0.005124205
 602     604    0.001732924
 602     610    0.001520179
 602     611    0.000427961
 602     612    0.002760013
 602     613    0.001025589
 603    5620    0.006407135
 603    5621    0.022392459
 603     602    0.005124205
 603     603    1.992400000
 603     604    0.000014368
 603     610    0.001859477
 603     611    0.000371902
 603     612    0.000177961
 603     613    0.003930595
 604    5620    0.000653180
 604    5621    0.034881177
 604     602    0.001732924
 604     603    0.000014368
 604     604    2.049800000
 604     610    0.000776553
 604     611    0.000471951
 604     612    0.000547814
 604     613    0.001064539
 610    5620    0.002757008
 610    5621    0.001493736
 610     602    0.001520179
 610     603    0.001859477
 610     604    0.000776553
 610     610    2.143200000
 610     611    0.006396162
 610     612    0.007009003
 610     613    0.000287739
 611    5620    0.001445485
 611    5621    0.000406788
 611     602    0.000427961
 611     603    0.000371902
 611     604    0.000471951
 611     610    0.006396162
 611     611    2.017300000
 611     612    0.017481757
 611     613    0.000636812
 612    5620    0.002827060
 612    5621    0.007130868
 612     602    0.002760013
 612     603    0.000177961
 612     604    0.000547814
 612     610    0.007009003
 612     611    0.017481757
 612     612    2.031800000
 612     613    0.000010307
 613    5620    0.001959462
 613    5621    0.008369142
 613     602    0.001025589
 613     603    0.003930595
 613     604    0.001064539
 613     610    0.000287739
 613     611    0.000636812
 613     612    0.000010307
 613     613    2.103800000
