5620    5620    2.506800002
5620    5621    0.004310237
5620     602    0.001652237
5620     603    0.005258236
5620     604    0.001274028
5620     610    0.001961241
5620     611    0.002596680
5620     612    0.020276816
5620     613    0.004819645
5621    5620    0.004310237
5621    5621    2.361999995
5621     602    0.005154594
5621     603    0.012972159
5621     604    0.029706090
5621     610    0.003259349
5621     611    0.000173343
5621     612    0.007128251
5621     613    0.008573115
 602    5620    0.001652237
 602    5621    0.005154594
 602     602    2.084700000
 602     603    0.005314654
 602     604    0.001253277
 602     610    0.002141476
 602     611    0.000538022
 602     612    0.002537307
 602     613    0.000131179
 603    5620    0.005258236
 603    5621    0.012972159
 603     602    0.005314654
 603     603    2.087600000
 603     604    0.000385374
 603     610    0.002147317
 603     611    0.000461082
 603     612    0.000028090
 603     613    0.004093839
 604    5620    0.001274028
 604    5621    0.029706090
 604     602    0.001253277
 604     603    0.000385374
 604     604    2.116100000
 604     610    0.001404108
 604     611    0.000596561
 604     612    0.000190881
 604     613    0.001210572
 610    5620    0.001961241
 610    5621    0.003259349
 610     602    0.002141476
 610     603    0.002147317
 610     604    0.001404108
 610     610    2.092400000
 610     611    0.006303046
 610     612    0.010386626
 610     613    0.000424195
 611    5620    0.002596680
 611    5621    0.000173343
 611     602    0.000538022
 611     603    0.000461082
 611     604    0.000596561
 611     610    0.006303046
 611     611    2.079500000
 611     612    0.017225847
 611     613    0.000764359
 612    5620    0.020276816
 612    5621    0.007128251
 612     602    0.002537307
 612     603    0.000028090
 612     604    0.000190881
 612     610    0.010386626
 612     611    0.017225847
 612     612    1.970100000
 612     613    0.000110712
 613    5620    0.004819645
 613    5621    0.008573115
 613     602    0.000131179
 613     603    0.004093839
 613     604    0.001210572
 613     610    0.000424195
 613     611    0.000764359
 613     612    0.000110712
 613     613    1.995600000
