5620    5620     2.564100002
5620    5621     0.006559047
5620     602     0.000944592
5620     603    -0.005790460
5620     604    -0.000001139
5620     610    -0.000919787
5620     611    -0.002715748
5620     612    -0.001623009
5620     613    -0.004842866
5621    5620     0.006559047
5621    5621     2.346999995
5621     602     0.002146129
5621     603     0.020184197
5621     604    -0.030663964
5621     610     0.001658734
5621     611    -0.001036818
5621     612    -0.006614736
5621     613    -0.010105194
 602    5620     0.000944592
 602    5621     0.002146129
 602     602     2.076100000
 602     603     0.007290898
 602     604    -0.001410546
 602     610    -0.001900891
 602     611    -0.000397238
 602     612    -0.002021520
 602     613     0.000635482
 603    5620    -0.005790460
 603    5621     0.020184197
 603     602     0.007290898
 603     603     2.012000000
 603     604     0.000719358
 603     610     0.002273875
 603     611     0.000260629
 603     612    -0.000478816
 603     613     0.004486228
 604    5620    -0.000001139
 604    5621    -0.030663964
 604     602    -0.001410546
 604     603     0.000719358
 604     604     2.125500000
 604     610     0.001313383
 604     611    -0.000432749
 604     612     0.000280878
 604     613     0.001122086
 610    5620    -0.000919787
 610    5621     0.001658734
 610     602    -0.001900891
 610     603     0.002273875
 610     604     0.001313383
 610     610     2.045400000
 610     611    -0.007422227
 610     612     0.004697438
 610     613    -0.000511830
 611    5620    -0.002715748
 611    5621    -0.001036818
 611     602    -0.000397238
 611     603     0.000260629
 611     604    -0.000432749
 611     610    -0.007422227
 611     611     2.008000000
 611     612     0.020115099
 611     613     0.000609665
 612    5620    -0.001623009
 612    5621    -0.006614736
 612     602    -0.002021520
 612     603    -0.000478816
 612     604     0.000280878
 612     610     0.004697438
 612     611     0.020115099
 612     612     2.022900000
 612     613     0.000426885
 613    5620    -0.004842866
 613    5621    -0.010105194
 613     602     0.000635482
 613     603     0.004486228
 613     604     0.001122086
 613     610    -0.000511830
 613     611     0.000609665
 613     612     0.000426885
 613     613     2.021300000
