5620    5620    2.445000002
5620    5621    0.007113021
5620     602    0.001726870
5620     603    0.005239216
5620     604    0.001197082
5620     610    0.002044400
5620     611    0.003825359
5620     612    0.011624257
5620     613    0.008735161
5621    5620    0.007113021
5621    5621    2.283599995
5621     602    0.002126494
5621     603    0.019784239
5621     604    0.029530216
5621     610    0.002381549
5621     611    0.000689727
5621     612    0.006375888
5621     613    0.009178350
 602    5620    0.001726870
 602    5621    0.002126494
 602     602    2.008900000
 602     603    0.009447682
 602     604    0.001590405
 602     610    0.002229063
 602     611    0.000013007
 602     612    0.002422604
 602     613    0.000626038
 603    5620    0.005239216
 603    5621    0.019784239
 603     602    0.009447682
 603     603    2.128900000
 603     604    0.000242232
 603     610    0.002027962
 603     611    0.000341735
 603     612    0.000322552
 603     613    0.004239290
 604    5620    0.001197082
 604    5621    0.029530216
 604     602    0.001590405
 604     603    0.000242232
 604     604    2.068500000
 604     610    0.001451455
 604     611    0.000348690
 604     612    0.000446560
 604     613    0.001143058
 610    5620    0.002044400
 610    5621    0.002381549
 610     602    0.002229063
 610     603    0.002027962
 610     604    0.001451455
 610     610    2.044500000
 610     611    0.007444223
 610     612    0.004991244
 610     613    0.000548785
 611    5620    0.003825359
 611    5621    0.000689727
 611     602    0.000013007
 611     603    0.000341735
 611     604    0.000348690
 611     610    0.007444223
 611     611    2.022200000
 611     612    0.018970514
 611     613    0.000808667
 612    5620    0.011624257
 612    5621    0.006375888
 612     602    0.002422604
 612     603    0.000322552
 612     604    0.000446560
 612     610    0.004991244
 612     611    0.018970514
 612     612    2.065300000
 612     613    0.000586529
 613    5620    0.008735161
 613    5621    0.009178350
 613     602    0.000626038
 613     603    0.004239290
 613     604    0.001143058
 613     610    0.000548785
 613     611    0.000808667
 613     612    0.000586529
 613     613    1.897200000
