5620    5620    2.300800002
5620    5621    0.003495198
5620     602    0.002224352
5620     603    0.006343279
5620     604    0.002649257
5620     610    0.004525204
5620     611    0.000810936
5620     612    0.011775973
5620     613    0.005939208
5621    5620    0.003495198
5621    5621    2.228699995
5621     602    0.005439444
5621     603    0.018384263
5621     604    0.034553487
5621     610    0.001174244
5621     611    0.000312910
5621     612    0.006259038
5621     613    0.007708493
 602    5620    0.002224352
 602    5621    0.005439444
 602     602    2.043900000
 602     603    0.007899858
 602     604    0.001782462
 602     610    0.002170165
 602     611    0.000839478
 602     612    0.002403238
 602     613    0.000257155
 603    5620    0.006343279
 603    5621    0.018384263
 603     602    0.007899858
 603     603    2.024800000
 603     604    0.000697153
 603     610    0.002051323
 603     611    0.000467340
 603     612    0.000073486
 603     613    0.004235516
 604    5620    0.002649257
 604    5621    0.034553487
 604     602    0.001782462
 604     603    0.000697153
 604     604    2.008000000
 604     610    0.001314762
 604     611    0.000430094
 604     612    0.000880175
 604     613    0.001163461
 610    5620    0.004525204
 610    5621    0.001174244
 610     602    0.002170165
 610     603    0.002051323
 610     604    0.001314762
 610     610    2.083300000
 610     611    0.006261113
 610     612    0.008166567
 610     613    0.000395561
 611    5620    0.000810936
 611    5621    0.000312910
 611     602    0.000839478
 611     603    0.000467340
 611     604    0.000430094
 611     610    0.006261113
 611     611    1.967900000
 611     612    0.017105643
 611     613    0.000829529
 612    5620    0.011775973
 612    5621    0.006259038
 612     602    0.002403238
 612     603    0.000073486
 612     604    0.000880175
 612     610    0.008166567
 612     611    0.017105643
 612     612    2.031000000
 612     613    0.000149871
 613    5620    0.005939208
 613    5621    0.007708493
 613     602    0.000257155
 613     603    0.004235516
 613     604    0.001163461
 613     610    0.000395561
 613     611    0.000829529
 613     612    0.000149871
 613     613    1.993800000
