5620    5620     2.229500002
5620    5621     0.005721605
5620     602    -0.001863042
5620     603    -0.006728528
5620     604     0.000147659
5620     610    -0.008710783
5620     611     0.004669774
5620     612     0.017288249
5620     613     0.007708915
5621    5620     0.005721605
5621    5621     2.446099995
5621     602     0.003317513
5621     603    -0.024831341
5621     604    -0.029458165
5621     610    -0.000746744
5621     611     0.000117340
5621     612    -0.006127849
5621     613    -0.008558690
 602    5620    -0.001863042
 602    5621     0.003317513
 602     602     2.005100000
 602     603    -0.007200164
 602     604    -0.001483312
 602     610     0.001982409
 602     611     0.000915460
 602     612    -0.002530393
 602     613    -0.000260250
 603    5620    -0.006728528
 603    5621    -0.024831341
 603     602    -0.007200164
 603     603     1.999500000
 603     604    -0.000489820
 603     610     0.002154895
 603     611     0.000319431
 603     612     0.000030207
 603     613    -0.004829394
 604    5620     0.000147659
 604    5621    -0.029458165
 604     602    -0.001483312
 604     603    -0.000489820
 604     604     2.122600000
 604     610     0.000523223
 604     611    -0.000545850
 604     612    -0.000202684
 604     613     0.001090489
 610    5620    -0.008710783
 610    5621    -0.000746744
 610     602     0.001982409
 610     603     0.002154895
 610     604     0.000523223
 610     610     2.035300000
 610     611     0.007354178
 610     612    -0.008895891
 610     613     0.000665727
 611    5620     0.004669774
 611    5621     0.000117340
 611     602     0.000915460
 611     603     0.000319431
 611     604    -0.000545850
 611     610     0.007354178
 611     611     2.025900000
 611     612     0.018829096
 611     613     0.000748800
 612    5620     0.017288249
 612    5621    -0.006127849
 612     602    -0.002530393
 612     603     0.000030207
 612     604    -0.000202684
 612     610    -0.008895891
 612     611     0.018829096
 612     612     2.140300000
 612     613    -0.000173270
 613    5620     0.007708915
 613    5621    -0.008558690
 613     602    -0.000260250
 613     603    -0.004829394
 613     604     0.001090489
 613     610     0.000665727
 613     611     0.000748800
 613     612    -0.000173270
 613     613     1.989400000
