5620    5620     2.277600002
5620    5621     0.007198987
5620     602     0.002410610
5620     603     0.006120380
5620     604     0.001697157
5620     610     0.000631106
5620     611    -0.001921376
5620     612    -0.008815399
5620     613     0.001850069
5621    5620     0.007198987
5621    5621     2.235699995
5621     602    -0.005243808
5621     603     0.018608940
5621     604     0.036179347
5621     610    -0.000672144
5621     611    -0.000011396
5621     612     0.007218720
5621     613     0.008350936
 602    5620     0.002410610
 602    5621    -0.005243808
 602     602     2.036900000
 602     603    -0.010482768
 602     604    -0.001762368
 602     610     0.001859348
 602     611    -0.000554071
 602     612    -0.002670475
 602     613     0.000657918
 603    5620     0.006120380
 603    5621     0.018608940
 603     602    -0.010482768
 603     603     2.088300000
 603     604    -0.000589792
 603     610     0.002415716
 603     611    -0.000442287
 603     612     0.000129013
 603     613    -0.003842781
 604    5620     0.001697157
 604    5621     0.036179347
 604     602    -0.001762368
 604     603    -0.000589792
 604     604     2.054400000
 604     610    -0.000582061
 604     611    -0.000400386
 604     612    -0.000783031
 604     613     0.001156097
 610    5620     0.000631106
 610    5621    -0.000672144
 610     602     0.001859348
 610     603     0.002415716
 610     604    -0.000582061
 610     610     1.984300000
 610     611     0.006671563
 610     612     0.007303039
 610     613    -0.000435995
 611    5620    -0.001921376
 611    5621    -0.000011396
 611     602    -0.000554071
 611     603    -0.000442287
 611     604    -0.000400386
 611     610     0.006671563
 611     611     2.054400000
 611     612    -0.020698837
 611     613    -0.000609376
 612    5620    -0.008815399
 612    5621     0.007218720
 612     602    -0.002670475
 612     603     0.000129013
 612     604    -0.000783031
 612     610     0.007303039
 612     611    -0.020698837
 612     612     2.029800000
 612     613    -0.000004044
 613    5620     0.001850069
 613    5621     0.008350936
 613     602     0.000657918
 613     603    -0.003842781
 613     604     0.001156097
 613     610    -0.000435995
 613     611    -0.000609376
 613     612    -0.000004044
 613     613     2.027500000
