5620    5620    2.271100002
5620    5621    0.005775726
5620     602    0.001257897
5620     603    0.005301162
5620     604    0.001512234
5620     610    0.000093156
5620     611    0.001490242
5620     612    0.006843812
5620     613    0.004667230
5621    5620    0.005775726
5621    5621    2.618399995
5621     602    0.000391626
5621     603    0.025488305
5621     604    0.035355958
5621     610    0.002655416
5621     611    0.000064862
5621     612    0.004622576
5621     613    0.007951890
 602    5620    0.001257897
 602    5621    0.000391626
 602     602    2.053500000
 602     603    0.010260299
 602     604    0.001854039
 602     610    0.002110404
 602     611    0.000256682
 602     612    0.002226221
 602     613    0.000731524
 603    5620    0.005301162
 603    5621    0.025488305
 603     602    0.010260299
 603     603    2.042700000
 603     604    0.001496520
 603     610    0.002099584
 603     611    0.000350297
 603     612    0.000292350
 603     613    0.004011043
 604    5620    0.001512234
 604    5621    0.035355958
 604     602    0.001854039
 604     603    0.001496520
 604     604    1.956800000
 604     610    0.001796497
 604     611    0.000407546
 604     612    0.000648018
 604     613    0.001138419
 610    5620    0.000093156
 610    5621    0.002655416
 610     602    0.002110404
 610     603    0.002099584
 610     604    0.001796497
 610     610    2.057800000
 610     611    0.006450513
 610     612    0.000364293
 610     613    0.000361406
 611    5620    0.001490242
 611    5621    0.000064862
 611     602    0.000256682
 611     603    0.000350297
 611     604    0.000407546
 611     610    0.006450513
 611     611    2.026400000
 611     612    0.017379691
 611     613    0.000748969
 612    5620    0.006843812
 612    5621    0.004622576
 612     602    0.002226221
 612     603    0.000292350
 612     604    0.000648018
 612     610    0.000364293
 612     611    0.017379691
 612     612    2.069700000
 612     613    0.000545799
 613    5620    0.004667230
 613    5621    0.007951890
 613     602    0.000731524
 613     603    0.004011043
 613     604    0.001138419
 613     610    0.000361406
 613     611    0.000748969
 613     612    0.000545799
 613     613    1.988600000
