5620    5620     2.350900002
5620    5621    -0.008082471
5620     602    -0.000293131
5620     603     0.007176013
5620     604     0.002186795
5620     610    -0.001856125
5620     611     0.004112761
5620     612     0.008833333
5620     613     0.006335437
5621    5620    -0.008082471
5621    5621     2.357899995
5621     602    -0.000276788
5621     603     0.020013176
5621     604     0.029793694
5621     610     0.001912159
5621     611    -0.000827536
5621     612    -0.007058723
5621     613    -0.009042900
 602    5620    -0.000293131
 602    5621    -0.000276788
 602     602     2.165600000
 602     603     0.008747532
 602     604    -0.001455596
 602     610     0.001527483
 602     611     0.000087454
 602     612    -0.002565009
 602     613     0.001410973
 603    5620     0.007176013
 603    5621     0.020013176
 603     602     0.008747532
 603     603     1.993100000
 603     604     0.000436391
 603     610     0.002224481
 603     611    -0.000022519
 603     612    -0.000034223
 603     613     0.004905464
 604    5620     0.002186795
 604    5621     0.029793694
 604     602    -0.001455596
 604     603     0.000436391
 604     604     2.142300000
 604     610    -0.000974279
 604     611    -0.000569229
 604     612     0.000395231
 604     613     0.001167431
 610    5620    -0.001856125
 610    5621     0.001912159
 610     602     0.001527483
 610     603     0.002224481
 610     604    -0.000974279
 610     610     2.035400000
 610     611     0.005074466
 610     612     0.007038894
 610     613    -0.000335903
 611    5620     0.004112761
 611    5621    -0.000827536
 611     602     0.000087454
 611     603    -0.000022519
 611     604    -0.000569229
 611     610     0.005074466
 611     611     2.047700000
 611     612    -0.017868938
 611     613    -0.000376812
 612    5620     0.008833333
 612    5621    -0.007058723
 612     602    -0.002565009
 612     603    -0.000034223
 612     604     0.000395231
 612     610     0.007038894
 612     611    -0.017868938
 612     612     2.067300000
 612     613     0.000064331
 613    5620     0.006335437
 613    5621    -0.009042900
 613     602     0.001410973
 613     603     0.004905464
 613     604     0.001167431
 613     610    -0.000335903
 613     611    -0.000376812
 613     612     0.000064331
 613     613     2.052800000
