5620    5620    2.294400002
5620    5621    0.005068410
5620     602    0.000142940
5620     603    0.006840836
5620     604    0.001572030
5620     610    0.000421351
5620     611    0.002195259
5620     612    0.007266761
5620     613    0.004380223
5621    5620    0.005068410
5621    5621    2.320799995
5621     602    0.004373791
5621     603    0.021345367
5621     604    0.031132225
5621     610    0.001970374
5621     611    0.000169165
5621     612    0.006166119
5621     613    0.007201747
 602    5620    0.000142940
 602    5621    0.004373791
 602     602    2.080700000
 602     603    0.009361868
 602     604    0.001710109
 602     610    0.001380012
 602     611    0.000548046
 602     612    0.002494119
 602     613    0.001375311
 603    5620    0.006840836
 603    5621    0.021345367
 603     602    0.009361868
 603     603    2.066200000
 603     604    0.000633469
 603     610    0.002212364
 603     611    0.000348868
 603     612    0.000001112
 603     613    0.004395586
 604    5620    0.001572030
 604    5621    0.031132225
 604     602    0.001710109
 604     603    0.000633469
 604     604    2.092800000
 604     610    0.000980314
 604     611    0.000702886
 604     612    0.000048829
 604     613    0.001285488
 610    5620    0.000421351
 610    5621    0.001970374
 610     602    0.001380012
 610     603    0.002212364
 610     604    0.000980314
 610     610    2.081700000
 610     611    0.007393610
 610     612    0.003949544
 610     613    0.000392862
 611    5620    0.002195259
 611    5621    0.000169165
 611     602    0.000548046
 611     603    0.000348868
 611     604    0.000702886
 611     610    0.007393610
 611     611    2.041600000
 611     612    0.023537206
 611     613    0.000664346
 612    5620    0.007266761
 612    5621    0.006166119
 612     602    0.002494119
 612     603    0.000001112
 612     604    0.000048829
 612     610    0.003949544
 612     611    0.023537206
 612     612    1.997700000
 612     613    0.000032922
 613    5620    0.004380223
 613    5621    0.007201747
 613     602    0.001375311
 613     603    0.004395586
 613     604    0.001285488
 613     610    0.000392862
 613     611    0.000664346
 613     612    0.000032922
 613     613    2.118300000
