5620    5620    2.189200002
5620    5621    0.007211802
5620     602    0.002263342
5620     603    0.006159705
5620     604    0.004067838
5620     610    0.005035760
5620     611    0.001632087
5620     612    0.002925817
5620     613    0.006859220
5621    5620    0.007211802
5621    5621    2.357399995
5621     602    0.006708644
5621     603    0.014465236
5621     604    0.028253343
5621     610    0.000495709
5621     611    0.000328792
5621     612    0.005524262
5621     613    0.006845641
 602    5620    0.002263342
 602    5621    0.006708644
 602     602    2.041000000
 602     603    0.008725382
 602     604    0.001545848
 602     610    0.001829450
 602     611    0.000682952
 602     612    0.002026722
 602     613    0.000331960
 603    5620    0.006159705
 603    5621    0.014465236
 603     602    0.008725382
 603     603    2.079500000
 603     604    0.000292616
 603     610    0.002165451
 603     611    0.000459232
 603     612    0.000266299
 603     613    0.003872469
 604    5620    0.004067838
 604    5621    0.028253343
 604     602    0.001545848
 604     603    0.000292616
 604     604    2.116400000
 604     610    0.000241003
 604     611    0.000759485
 604     612    0.000627204
 604     613    0.001200651
 610    5620    0.005035760
 610    5621    0.000495709
 610     602    0.001829450
 610     603    0.002165451
 610     604    0.000241003
 610     610    1.993500000
 610     611    0.005954829
 610     612    0.006236941
 610     613    0.000567141
 611    5620    0.001632087
 611    5621    0.000328792
 611     602    0.000682952
 611     603    0.000459232
 611     604    0.000759485
 611     610    0.005954829
 611     611    2.104000000
 611     612    0.011187984
 611     613    0.000687235
 612    5620    0.002925817
 612    5621    0.005524262
 612     602    0.002026722
 612     603    0.000266299
 612     604    0.000627204
 612     610    0.006236941
 612     611    0.011187984
 612     612    2.046900000
 612     613    0.000307632
 613    5620    0.006859220
 613    5621    0.006845641
 613     602    0.000331960
 613     603    0.003872469
 613     604    0.001200651
 613     610    0.000567141
 613     611    0.000687235
 613     612    0.000307632
 613     613    2.030700000
