5620    5620     2.353300002
5620    5621     0.004648242
5620     602     0.001263847
5620     603     0.005940071
5620     604    -0.002545063
5620     610    -0.003467582
5620     611    -0.002107941
5620     612     0.001170415
5620     613     0.004462878
5621    5620     0.004648242
5621    5621     2.237799995
5621     602    -0.004413759
5621     603    -0.018125069
5621     604    -0.027961246
5621     610    -0.001621730
5621     611     0.000669965
5621     612    -0.005990627
5621     613    -0.008146260
 602    5620     0.001263847
 602    5621    -0.004413759
 602     602     2.025900000
 602     603     0.006514505
 602     604    -0.001515419
 602     610     0.001684789
 602     611     0.000170238
 602     612     0.002041535
 602     613    -0.000753204
 603    5620     0.005940071
 603    5621    -0.018125069
 603     602     0.006514505
 603     603     2.036400000
 603     604    -0.000584953
 603     610    -0.002057284
 603     611     0.000377252
 603     612     0.000424295
 603     613     0.004737803
 604    5620    -0.002545063
 604    5621    -0.027961246
 604     602    -0.001515419
 604     603    -0.000584953
 604     604     2.065600000
 604     610    -0.000806402
 604     611     0.000670544
 604     612    -0.000362076
 604     613    -0.001185021
 610    5620    -0.003467582
 610    5621    -0.001621730
 610     602     0.001684789
 610     603    -0.002057284
 610     604    -0.000806402
 610     610     2.115800000
 610     611    -0.006335291
 610     612     0.003185073
 610     613     0.000458676
 611    5620    -0.002107941
 611    5621     0.000669965
 611     602     0.000170238
 611     603     0.000377252
 611     604     0.000670544
 611     610    -0.006335291
 611     611     2.029600000
 611     612    -0.014606224
 611     613     0.000728780
 612    5620     0.001170415
 612    5621    -0.005990627
 612     602     0.002041535
 612     603     0.000424295
 612     604    -0.000362076
 612     610     0.003185073
 612     611    -0.014606224
 612     612     2.126100000
 612     613     0.000368750
 613    5620     0.004462878
 613    5621    -0.008146260
 613     602    -0.000753204
 613     603     0.004737803
 613     604    -0.001185021
 613     610     0.000458676
 613     611     0.000728780
 613     612     0.000368750
 613     613     2.018900000
