5620    5620     2.257300002
5620    5621    -0.004297103
5620     602     0.000664388
5620     603     0.005649013
5620     604     0.000857222
5620     610     0.003542046
5620     611    -0.002525123
5620     612    -0.000187678
5620     613     0.007809570
5621    5620    -0.004297103
5621    5621     2.308599995
5621     602    -0.000205468
5621     603     0.027978897
5621     604    -0.033768850
5621     610    -0.002338932
5621     611    -0.000019950
5621     612     0.005458097
5621     613    -0.008042100
 602    5620     0.000664388
 602    5621    -0.000205468
 602     602     2.060900000
 602     603    -0.010563842
 602     604    -0.001671408
 602     610    -0.002105987
 602     611     0.000071786
 602     612    -0.002353316
 602     613     0.000720431
 603    5620     0.005649013
 603    5621     0.027978897
 603     602    -0.010563842
 603     603     2.010300000
 603     604    -0.000938142
 603     610    -0.002212482
 603     611    -0.000319467
 603     612     0.000237421
 603     613     0.003771878
 604    5620     0.000857222
 604    5621    -0.033768850
 604     602    -0.001671408
 604     603    -0.000938142
 604     604     2.093200000
 604     610    -0.001152394
 604     611    -0.000550447
 604     612    -0.000133288
 604     613     0.001073991
 610    5620     0.003542046
 610    5621    -0.002338932
 610     602    -0.002105987
 610     603    -0.002212482
 610     604    -0.001152394
 610     610     2.029600000
 610     611     0.007113763
 610     612     0.003025164
 610     613    -0.000510277
 611    5620    -0.002525123
 611    5621    -0.000019950
 611     602     0.000071786
 611     603    -0.000319467
 611     604    -0.000550447
 611     610     0.007113763
 611     611     2.099300000
 611     612     0.017179606
 611     613     0.000741248
 612    5620    -0.000187678
 612    5621     0.005458097
 612     602    -0.002353316
 612     603     0.000237421
 612     604    -0.000133288
 612     610     0.003025164
 612     611     0.017179606
 612     612     2.084100000
 612     613     0.000609022
 613    5620     0.007809570
 613    5621    -0.008042100
 613     602     0.000720431
 613     603     0.003771878
 613     604     0.001073991
 613     610    -0.000510277
 613     611     0.000741248
 613     612     0.000609022
 613     613     1.979700000
