5620    5620    2.383500002
5620    5621    0.007140169
5620     602    0.000803225
5620     603    0.005849791
5620     604    0.001446718
5620     610    0.003765254
5620     611    0.001142291
5620     612    0.011595855
5620     613    0.006569282
5621    5620    0.007140169
5621    5621    2.236899995
5621     602    0.002434288
5621     603    0.022955205
5621     604    0.035241403
5621     610    0.002117168
5621     611    0.000504670
5621     612    0.006470440
5621     613    0.007672417
 602    5620    0.000803225
 602    5621    0.002434288
 602     602    2.139300000
 602     603    0.011364223
 602     604    0.001607499
 602     610    0.001664126
 602     611    0.000389724
 602     612    0.002593689
 602     613    0.000780892
 603    5620    0.005849791
 603    5621    0.022955205
 603     602    0.011364223
 603     603    2.016300000
 603     604    0.001105744
 603     610    0.002018560
 603     611    0.000707750
 603     612    0.000025395
 603     613    0.003718218
 604    5620    0.001446718
 604    5621    0.035241403
 604     602    0.001607499
 604     603    0.001105744
 604     604    2.077400000
 604     610    0.001035626
 604     611    0.000425587
 604     612    0.000554045
 604     613    0.000881007
 610    5620    0.003765254
 610    5621    0.002117168
 610     602    0.001664126
 610     603    0.002018560
 610     604    0.001035626
 610     610    2.060000000
 610     611    0.005537743
 610     612    0.004484384
 610     613    0.000452810
 611    5620    0.001142291
 611    5621    0.000504670
 611     602    0.000389724
 611     603    0.000707750
 611     604    0.000425587
 611     610    0.005537743
 611     611    1.988600000
 611     612    0.017516621
 611     613    0.000961530
 612    5620    0.011595855
 612    5621    0.006470440
 612     602    0.002593689
 612     603    0.000025395
 612     604    0.000554045
 612     610    0.004484384
 612     611    0.017516621
 612     612    2.112400000
 612     613    0.000274494
 613    5620    0.006569282
 613    5621    0.007672417
 613     602    0.000780892
 613     603    0.003718218
 613     604    0.000881007
 613     610    0.000452810
 613     611    0.000961530
 613     612    0.000274494
 613     613    2.081200000
