5620    5620     2.285100002
5620    5621    -0.007267363
5620     602    -0.001568154
5620     603    -0.005688038
5620     604    -0.002535848
5620     610    -0.006991132
5620     611     0.003676052
5620     612     0.019618251
5620     613     0.003394983
5621    5620    -0.007267363
5621    5621     2.327299995
5621     602    -0.003886517
5621     603    -0.008356588
5621     604    -0.026546714
5621     610    -0.000685715
5621     611    -0.000629552
5621     612    -0.007630627
5621     613    -0.008025134
 602    5620    -0.001568154
 602    5621    -0.003886517
 602     602     2.087700000
 602     603     0.005763360
 602     604    -0.001448525
 602     610     0.001320320
 602     611    -0.000393707
 602     612    -0.002718059
 602     613     0.000718272
 603    5620    -0.005688038
 603    5621    -0.008356588
 603     602     0.005763360
 603     603     2.138200000
 603     604    -0.000105659
 603     610     0.001964007
 603     611    -0.000352836
 603     612     0.000127349
 603     613    -0.004438455
 604    5620    -0.002535848
 604    5621    -0.026546714
 604     602    -0.001448525
 604     603    -0.000105659
 604     604     2.081500000
 604     610    -0.000392718
 604     611    -0.000562342
 604     612    -0.000172182
 604     613    -0.001256947
 610    5620    -0.006991132
 610    5621    -0.000685715
 610     602     0.001320320
 610     603     0.001964007
 610     604    -0.000392718
 610     610     1.982200000
 610     611     0.005972389
 610     612     0.009055258
 610     613    -0.000503594
 611    5620     0.003676052
 611    5621    -0.000629552
 611     602    -0.000393707
 611     603    -0.000352836
 611     604    -0.000562342
 611     610     0.005972389
 611     611     2.062700000
 611     612    -0.016579982
 611     613    -0.000670472
 612    5620     0.019618251
 612    5621    -0.007630627
 612     602    -0.002718059
 612     603     0.000127349
 612     604    -0.000172182
 612     610     0.009055258
 612     611    -0.016579982
 612     612     1.990500000
 612     613     0.000088846
 613    5620     0.003394983
 613    5621    -0.008025134
 613     602     0.000718272
 613     603    -0.004438455
 613     604    -0.001256947
 613     610    -0.000503594
 613     611    -0.000670472
 613     612     0.000088846
 613     613     1.966500000
