5620    5620     2.282900002
5620    5621     0.006094284
5620     602     0.001396150
5620     603     0.006859298
5620     604    -0.003030391
5620     610     0.004289119
5620     611     0.001744743
5620     612     0.008198026
5620     613     0.005514598
5621    5620     0.006094284
5621    5621     2.324499995
5621     602    -0.001920138
5621     603    -0.018568905
5621     604     0.030646990
5621     610    -0.002700238
5621     611    -0.000290599
5621     612    -0.005606466
5621     613    -0.008961798
 602    5620     0.001396150
 602    5621    -0.001920138
 602     602     2.040500000
 602     603    -0.008092076
 602     604    -0.001591835
 602     610     0.002120818
 602     611     0.000540326
 602     612    -0.002202120
 602     613     0.000700464
 603    5620     0.006859298
 603    5621    -0.018568905
 603     602    -0.008092076
 603     603     2.037000000
 603     604     0.000109034
 603     610    -0.002317239
 603     611    -0.000438893
 603     612     0.000118839
 603     613     0.004457330
 604    5620    -0.003030391
 604    5621     0.030646990
 604     602    -0.001591835
 604     603     0.000109034
 604     604     2.102900000
 604     610     0.001330730
 604     611    -0.000835006
 604     612    -0.000544523
 604     613     0.001383822
 610    5620     0.004289119
 610    5621    -0.002700238
 610     602     0.002120818
 610     603    -0.002317239
 610     604     0.001330730
 610     610     2.060800000
 610     611    -0.006114914
 610     612    -0.006704453
 610     613     0.000342244
 611    5620     0.001744743
 611    5621    -0.000290599
 611     602     0.000540326
 611     603    -0.000438893
 611     604    -0.000835006
 611     610    -0.006114914
 611     611     2.103200000
 611     612     0.013013137
 611     613    -0.000707601
 612    5620     0.008198026
 612    5621    -0.005606466
 612     602    -0.002202120
 612     603     0.000118839
 612     604    -0.000544523
 612     610    -0.006704453
 612     611     0.013013137
 612     612     2.095200000
 612     613     0.000076488
 613    5620     0.005514598
 613    5621    -0.008961798
 613     602     0.000700464
 613     603     0.004457330
 613     604     0.001383822
 613     610     0.000342244
 613     611    -0.000707601
 613     612     0.000076488
 613     613     1.952900000
