5620    5620    2.365800002
5620    5621    0.006963722
5620     602    0.002506144
5620     603    0.006872614
5620     604    0.001111526
5620     610    0.001661336
5620     611    0.000719376
5620     612    0.008011664
5620     613    0.007573124
5621    5620    0.006963722
5621    5621    2.334599995
5621     602    0.005057404
5621     603    0.027011096
5621     604    0.032452807
5621     610    0.001476011
5621     611    0.000507375
5621     612    0.007504568
5621     613    0.009437404
 602    5620    0.002506144
 602    5621    0.005057404
 602     602    1.997800000
 602     603    0.011761134
 602     604    0.001452713
 602     610    0.002066919
 602     611    0.000710993
 602     612    0.002639479
 602     613    0.000036971
 603    5620    0.006872614
 603    5621    0.027011096
 603     602    0.011761134
 603     603    2.036800000
 603     604    0.000760059
 603     610    0.002466927
 603     611    0.000562364
 603     612    0.000422784
 603     613    0.004363003
 604    5620    0.001111526
 604    5621    0.032452807
 604     602    0.001452713
 604     603    0.000760059
 604     604    2.153300000
 604     610    0.000776212
 604     611    0.000435984
 604     612    0.000474065
 604     613    0.001093543
 610    5620    0.001661336
 610    5621    0.001476011
 610     602    0.002066919
 610     603    0.002466927
 610     604    0.000776212
 610     610    2.010800000
 610     611    0.006665832
 610     612    0.002983688
 610     613    0.000676397
 611    5620    0.000719376
 611    5621    0.000507375
 611     602    0.000710993
 611     603    0.000562364
 611     604    0.000435984
 611     610    0.006665832
 611     611    2.088100000
 611     612    0.015887114
 611     613    0.000849749
 612    5620    0.008011664
 612    5621    0.007504568
 612     602    0.002639479
 612     603    0.000422784
 612     604    0.000474065
 612     610    0.002983688
 612     611    0.015887114
 612     612    1.977000000
 612     613    0.000623112
 613    5620    0.007573124
 613    5621    0.009437404
 613     602    0.000036971
 613     603    0.004363003
 613     604    0.001093543
 613     610    0.000676397
 613     611    0.000849749
 613     612    0.000623112
 613     613    2.002200000
