5620    5620     2.304300002
5620    5621    -0.006435853
5620     602     0.000973513
5620     603     0.006294296
5620     604    -0.000688186
5620     610    -0.008509526
5620     611     0.003953083
5620     612    -0.012735250
5620     613     0.007927143
5621    5620    -0.006435853
5621    5621     2.174899995
5621     602    -0.002394026
5621     603    -0.010033622
5621     604     0.032947255
5621     610    -0.001826502
5621     611    -0.000631157
5621     612    -0.007841856
5621     613    -0.007841729
 602    5620     0.000973513
 602    5621    -0.002394026
 602     602     2.085600000
 602     603    -0.002483125
 602     604     0.001434135
 602     610     0.001657270
 602     611    -0.000093443
 602     612     0.002549920
 602     613     0.000684576
 603    5620     0.006294296
 603    5621    -0.010033622
 603     602    -0.002483125
 603     603     2.071400000
 603     604    -0.000654241
 603     610     0.002142302
 603     611    -0.000310979
 603     612     0.000455824
 603     613    -0.003962150
 604    5620    -0.000688186
 604    5621     0.032947255
 604     602     0.001434135
 604     603    -0.000654241
 604     604     2.071500000
 604     610     0.001495606
 604     611    -0.000317028
 604     612    -0.000945136
 604     613    -0.000781629
 610    5620    -0.008509526
 610    5621    -0.001826502
 610     602     0.001657270
 610     603     0.002142302
 610     604     0.001495606
 610     610     2.019600000
 610     611    -0.006934688
 610     612     0.008391185
 610     613    -0.000586326
 611    5620     0.003953083
 611    5621    -0.000631157
 611     602    -0.000093443
 611     603    -0.000310979
 611     604    -0.000317028
 611     610    -0.006934688
 611     611     2.050000000
 611     612    -0.019394057
 611     613     0.000706090
 612    5620    -0.012735250
 612    5621    -0.007841856
 612     602     0.002549920
 612     603     0.000455824
 612     604    -0.000945136
 612     610     0.008391185
 612     611    -0.019394057
 612     612     2.053600000
 612     613    -0.000238887
 613    5620     0.007927143
 613    5621    -0.007841729
 613     602     0.000684576
 613     603    -0.003962150
 613     604    -0.000781629
 613     610    -0.000586326
 613     611     0.000706090
 613     612    -0.000238887
 613     613     2.058900000
