5620    5620    2.303500002
5620    5621    0.004528067
5620     602    0.001835223
5620     603    0.005197117
5620     604    0.000002773
5620     610    0.002603416
5620     611    0.002290884
5620     612    0.011635088
5620     613    0.007067612
5621    5620    0.004528067
5621    5621    2.329199995
5621     602    0.003784065
5621     603    0.023181171
5621     604    0.034065292
5621     610    0.002496272
5621     611    0.000016548
5621     612    0.006345029
5621     613    0.007639419
 602    5620    0.001835223
 602    5621    0.003784065
 602     602    1.985700000
 602     603    0.007978309
 602     604    0.001582596
 602     610    0.002470744
 602     611    0.000550845
 602     612    0.002442786
 602     613    0.000273114
 603    5620    0.005197117
 603    5621    0.023181171
 603     602    0.007978309
 603     603    2.077400000
 603     604    0.000716535
 603     610    0.002051752
 603     611    0.000421626
 603     612    0.000156200
 603     613    0.003993027
 604    5620    0.000002773
 604    5621    0.034065292
 604     602    0.001582596
 604     603    0.000716535
 604     604    2.085100000
 604     610    0.001006688
 604     611    0.000462270
 604     612    0.000324765
 604     613    0.001166121
 610    5620    0.002603416
 610    5621    0.002496272
 610     602    0.002470744
 610     603    0.002051752
 610     604    0.001006688
 610     610    2.085900000
 610     611    0.008026987
 610     612    0.003795949
 610     613    0.000625959
 611    5620    0.002290884
 611    5621    0.000016548
 611     602    0.000550845
 611     603    0.000421626
 611     604    0.000462270
 611     610    0.008026987
 611     611    2.022000000
 611     612    0.017248835
 611     613    0.000823203
 612    5620    0.011635088
 612    5621    0.006345029
 612     602    0.002442786
 612     603    0.000156200
 612     604    0.000324765
 612     610    0.003795949
 612     611    0.017248835
 612     612    2.084200000
 612     613    0.000423776
 613    5620    0.007067612
 613    5621    0.007639419
 613     602    0.000273114
 613     603    0.003993027
 613     604    0.001166121
 613     610    0.000625959
 613     611    0.000823203
 613     612    0.000423776
 613     613    2.041100000
