5620    5620     2.334500002
5620    5621     0.005984272
5620     602     0.000873519
5620     603     0.006169067
5620     604    -0.003706719
5620     610     0.003569563
5620     611    -0.001963353
5620     612     0.014629743
5620     613    -0.006640984
5621    5620     0.005984272
5621    5621     2.440399995
5621     602     0.004658979
5621     603     0.018411327
5621     604    -0.028888426
5621     610     0.002690323
5621     611    -0.000447929
5621     612     0.005808031
5621     613     0.007446289
 602    5620     0.000873519
 602    5621     0.004658979
 602     602     2.040800000
 602     603     0.011230131
 602     604    -0.001769205
 602     610    -0.001930371
 602     611    -0.000096240
 602     612     0.002209893
 602     613     0.000834791
 603    5620     0.006169067
 603    5621     0.018411327
 603     602     0.011230131
 603     603     2.003600000
 603     604     0.000421262
 603     610     0.002308083
 603     611    -0.000515471
 603     612    -0.000026829
 603     613    -0.004010163
 604    5620    -0.003706719
 604    5621    -0.028888426
 604     602    -0.001769205
 604     603     0.000421262
 604     604     2.004300000
 604     610     0.001043533
 604     611     0.000941916
 604     612     0.000985795
 604     613     0.001411167
 610    5620     0.003569563
 610    5621     0.002690323
 610     602    -0.001930371
 610     603     0.002308083
 610     604     0.001043533
 610     610     2.014500000
 610     611    -0.007263670
 610     612     0.006498897
 610     613    -0.000457160
 611    5620    -0.001963353
 611    5621    -0.000447929
 611     602    -0.000096240
 611     603    -0.000515471
 611     604     0.000941916
 611     610    -0.007263670
 611     611     2.099900000
 611     612     0.015809442
 611     613     0.000729419
 612    5620     0.014629743
 612    5621     0.005808031
 612     602     0.002209893
 612     603    -0.000026829
 612     604     0.000985795
 612     610     0.006498897
 612     611     0.015809442
 612     612     2.042500000
 612     613     0.000088245
 613    5620    -0.006640984
 613    5621     0.007446289
 613     602     0.000834791
 613     603    -0.004010163
 613     604     0.001411167
 613     610    -0.000457160
 613     611     0.000729419
 613     612     0.000088245
 613     613     2.007300000
