5620    5620    2.402800002
5620    5621    0.005561126
5620     602    0.000250545
5620     603    0.005879372
5620     604    0.001914867
5620     610    0.005099906
5620     611    0.002166427
5620     612    0.005821628
5620     613    0.002757215
5621    5620    0.005561126
5621    5621    2.314299995
5621     602    0.003588594
5621     603    0.025658342
5621     604    0.031725327
5621     610    0.002824231
5621     611    0.000005048
5621     612    0.007358350
5621     613    0.008007145
 602    5620    0.000250545
 602    5621    0.003588594
 602     602    1.962600000
 602     603    0.008764174
 602     604    0.001798271
 602     610    0.002008914
 602     611    0.000090950
 602     612    0.003055385
 602     613    0.001412938
 603    5620    0.005879372
 603    5621    0.025658342
 603     602    0.008764174
 603     603    1.984100000
 603     604    0.000716743
 603     610    0.002451246
 603     611    0.000292359
 603     612    0.000126338
 603     613    0.004252220
 604    5620    0.001914867
 604    5621    0.031725327
 604     602    0.001798271
 604     603    0.000716743
 604     604    2.007000000
 604     610    0.002117401
 604     611    0.000245747
 604     612    0.001268598
 604     613    0.001009894
 610    5620    0.005099906
 610    5621    0.002824231
 610     602    0.002008914
 610     603    0.002451246
 610     604    0.002117401
 610     610    2.021200000
 610     611    0.006114649
 610     612    0.004097124
 610     613    0.000350621
 611    5620    0.002166427
 611    5621    0.000005048
 611     602    0.000090950
 611     603    0.000292359
 611     604    0.000245747
 611     610    0.006114649
 611     611    2.114700000
 611     612    0.018788389
 611     613    0.000613862
 612    5620    0.005821628
 612    5621    0.007358350
 612     602    0.003055385
 612     603    0.000126338
 612     604    0.001268598
 612     610    0.004097124
 612     611    0.018788389
 612     612    2.020100000
 612     613    0.000107839
 613    5620    0.002757215
 613    5621    0.008007145
 613     602    0.001412938
 613     603    0.004252220
 613     604    0.001009894
 613     610    0.000350621
 613     611    0.000613862
 613     612    0.000107839
 613     613    2.064700000
