5620    5620    2.483000002
5620    5621    0.004895558
5620     602    0.000712188
5620     603    0.005389407
5620     604    0.001947029
5620     610    0.001757123
5620     611    0.001968785
5620     612    0.000916571
5620     613    0.005208068
5621    5620    0.004895558
5621    5621    2.190899995
5621     602    0.003422180
5621     603    0.019899603
5621     604    0.031465416
5621     610    0.003065021
5621     611    0.000108681
5621     612    0.005614608
5621     613    0.007909502
 602    5620    0.000712188
 602    5621    0.003422180
 602     602    2.084400000
 602     603    0.005969506
 602     604    0.001465883
 602     610    0.002086773
 602     611    0.000002109
 602     612    0.002098563
 602     613    0.001055346
 603    5620    0.005389407
 603    5621    0.019899603
 603     602    0.005969506
 603     603    2.047700000
 603     604    0.000001362
 603     610    0.002277005
 603     611    0.000223451
 603     612    0.000332895
 603     613    0.004031716
 604    5620    0.001947029
 604    5621    0.031465416
 604     602    0.001465883
 604     603    0.000001362
 604     604    2.045400000
 604     610    0.001827696
 604     611    0.000576739
 604     612    0.000058890
 604     613    0.001218206
 610    5620    0.001757123
 610    5621    0.003065021
 610     602    0.002086773
 610     603    0.002277005
 610     604    0.001827696
 610     610    2.013600000
 610     611    0.006686171
 610     612    0.005428110
 610     613    0.000419423
 611    5620    0.001968785
 611    5621    0.000108681
 611     602    0.000002109
 611     603    0.000223451
 611     604    0.000576739
 611     610    0.006686171
 611     611    2.082400000
 611     612    0.014880383
 611     613    0.000570854
 612    5620    0.000916571
 612    5621    0.005614608
 612     602    0.002098563
 612     603    0.000332895
 612     604    0.000058890
 612     610    0.005428110
 612     611    0.014880383
 612     612    2.115900000
 612     613    0.000364354
 613    5620    0.005208068
 613    5621    0.007909502
 613     602    0.001055346
 613     603    0.004031716
 613     604    0.001218206
 613     610    0.000419423
 613     611    0.000570854
 613     612    0.000364354
 613     613    2.027800000
