5620    5620    2.341200002
5620    5621    0.004731435
5620     602    0.000268639
5620     603    0.007037370
5620     604    0.000827156
5620     610    0.005265172
5620     611    0.001874090
5620     612    0.008036702
5620     613    0.006822991
5621    5620    0.004731435
5621    5621    2.342899995
5621     602    0.001105452
5621     603    0.019163848
5621     604    0.032174657
5621     610    0.000319448
5621     611    0.000154909
5621     612    0.006120110
5621     613    0.008112799
 602    5620    0.000268639
 602    5621    0.001105452
 602     602    2.021300000
 602     603    0.011907668
 602     604    0.001810745
 602     610    0.001030103
 602     611    0.000015512
 602     612    0.002574940
 602     613    0.001381144
 603    5620    0.007037370
 603    5621    0.019163848
 603     602    0.011907668
 603     603    1.941900000
 603     604    0.000786423
 603     610    0.002059759
 603     611    0.000515674
 603     612    0.000407938
 603     613    0.005539270
 604    5620    0.000827156
 604    5621    0.032174657
 604     602    0.001810745
 604     603    0.000786423
 604     604    2.078700000
 604     610    0.000146477
 604     611    0.000619355
 604     612    0.000012728
 604     613    0.001338828
 610    5620    0.005265172
 610    5621    0.000319448
 610     602    0.001030103
 610     603    0.002059759
 610     604    0.000146477
 610     610    2.071200000
 610     611    0.005842462
 610     612    0.002306033
 610     613    0.000640304
 611    5620    0.001874090
 611    5621    0.000154909
 611     602    0.000015512
 611     603    0.000515674
 611     604    0.000619355
 611     610    0.005842462
 611     611    2.019700000
 611     612    0.018046296
 611     613    0.000838275
 612    5620    0.008036702
 612    5621    0.006120110
 612     602    0.002574940
 612     603    0.000407938
 612     604    0.000012728
 612     610    0.002306033
 612     611    0.018046296
 612     612    2.089400000
 612     613    0.000465684
 613    5620    0.006822991
 613    5621    0.008112799
 613     602    0.001381144
 613     603    0.005539270
 613     604    0.001338828
 613     610    0.000640304
 613     611    0.000838275
 613     612    0.000465684
 613     613    1.968200000
