5620    5620    2.319500002
5620    5621    0.006861850
5620     602    0.001052429
5620     603    0.005671977
5620     604    0.007327527
5620     610    0.006134231
5620     611    0.004164124
5620     612    0.011196698
5620     613    0.007089097
5621    5620    0.006861850
5621    5621    2.480399995
5621     602    0.001861564
5621     603    0.023191661
5621     604    0.022411204
5621     610    0.001574092
5621     611    0.000603991
5621     612    0.006673318
5621     613    0.007146094
 602    5620    0.001052429
 602    5621    0.001861564
 602     602    2.119100000
 602     603    0.008840244
 602     604    0.001514505
 602     610    0.001794315
 602     611    0.000336705
 602     612    0.002685766
 602     613    0.000713953
 603    5620    0.005671977
 603    5621    0.023191661
 603     602    0.008840244
 603     603    1.961000000
 603     604    0.001291201
 603     610    0.001908553
 603     611    0.000154798
 603     612    0.000016379
 603     613    0.003951528
 604    5620    0.007327527
 604    5621    0.022411204
 604     602    0.001514505
 604     603    0.001291201
 604     604    2.097200000
 604     610    0.000898856
 604     611    0.000981206
 604     612    0.001541490
 604     613    0.001289665
 610    5620    0.006134231
 610    5621    0.001574092
 610     602    0.001794315
 610     603    0.001908553
 610     604    0.000898856
 610     610    2.100200000
 610     611    0.006163430
 610     612    0.005369645
 610     613    0.000421869
 611    5620    0.004164124
 611    5621    0.000603991
 611     602    0.000336705
 611     603    0.000154798
 611     604    0.000981206
 611     610    0.006163430
 611     611    2.069900000
 611     612    0.024031624
 611     613    0.000651002
 612    5620    0.011196698
 612    5621    0.006673318
 612     602    0.002685766
 612     603    0.000016379
 612     604    0.001541490
 612     610    0.005369645
 612     611    0.024031624
 612     612    2.034600000
 612     613    0.000377834
 613    5620    0.007089097
 613    5621    0.007146094
 613     602    0.000713953
 613     603    0.003951528
 613     604    0.001289665
 613     610    0.000421869
 613     611    0.000651002
 613     612    0.000377834
 613     613    2.062000000
