5620    5620    2.295100002
5620    5621    0.004857113
5620     602    0.001345745
5620     603    0.004910715
5620     604    0.000831875
5620     610    0.000408777
5620     611    0.000911280
5620     612    0.013577532
5620     613    0.001402040
5621    5620    0.004857113
5621    5621    2.407999995
5621     602    0.006349560
5621     603    0.017139238
5621     604    0.031085416
5621     610    0.002669898
5621     611    0.000128795
5621     612    0.007667677
5621     613    0.007757603
 602    5620    0.001345745
 602    5621    0.006349560
 602     602    2.091700000
 602     603    0.010312548
 602     604    0.001815487
 602     610    0.002003149
 602     611    0.000499759
 602     612    0.002719786
 602     613    0.000819439
 603    5620    0.004910715
 603    5621    0.017139238
 603     602    0.010312548
 603     603    2.064200000
 603     604    0.000976776
 603     610    0.001857162
 603     611    0.000480777
 603     612    0.000209738
 603     613    0.003750576
 604    5620    0.000831875
 604    5621    0.031085416
 604     602    0.001815487
 604     603    0.000976776
 604     604    2.071300000
 604     610    0.002033352
 604     611    0.000556517
 604     612    0.000687468
 604     613    0.001256965
 610    5620    0.000408777
 610    5621    0.002669898
 610     602    0.002003149
 610     603    0.001857162
 610     604    0.002033352
 610     610    2.035500000
 610     611    0.006157552
 610     612    0.007417278
 610     613    0.000218086
 611    5620    0.000911280
 611    5621    0.000128795
 611     602    0.000499759
 611     603    0.000480777
 611     604    0.000556517
 611     610    0.006157552
 611     611    1.928800000
 611     612    0.017602342
 611     613    0.000811261
 612    5620    0.013577532
 612    5621    0.007667677
 612     602    0.002719786
 612     603    0.000209738
 612     604    0.000687468
 612     610    0.007417278
 612     611    0.017602342
 612     612    2.011300000
 612     613    0.000066275
 613    5620    0.001402040
 613    5621    0.007757603
 613     602    0.000819439
 613     603    0.003750576
 613     604    0.001256965
 613     610    0.000218086
 613     611    0.000811261
 613     612    0.000066275
 613     613    2.023700000
