5620    5620    2.291400002
5620    5621    0.006938721
5620     602    0.000436299
5620     603    0.006433863
5620     604    0.000118468
5620     610    0.000233367
5620     611    0.001759070
5620     612    0.005644989
5620     613    0.007551083
5621    5620    0.006938721
5621    5621    2.130699995
5621     602    0.002898589
5621     603    0.028245158
5621     604    0.035545199
5621     610    0.001062254
5621     611    0.000308414
5621     612    0.006851411
5621     613    0.008199355
 602    5620    0.000436299
 602    5621    0.002898589
 602     602    2.071500000
 602     603    0.008307683
 602     604    0.001643728
 602     610    0.000853762
 602     611    0.000719028
 602     612    0.002186950
 602     613    0.001556836
 603    5620    0.006433863
 603    5621    0.028245158
 603     602    0.008307683
 603     603    1.957300000
 603     604    0.001130368
 603     610    0.001901018
 603     611    0.000151206
 603     612    0.000251381
 603     613    0.004343939
 604    5620    0.000118468
 604    5621    0.035545199
 604     602    0.001643728
 604     603    0.001130368
 604     604    2.076600000
 604     610    0.000639868
 604     611    0.000521620
 604     612    0.000236846
 604     613    0.001050508
 610    5620    0.000233367
 610    5621    0.001062254
 610     602    0.000853762
 610     603    0.001901018
 610     604    0.000639868
 610     610    2.105200000
 610     611    0.006401851
 610     612    0.006796292
 610     613    0.000576575
 611    5620    0.001759070
 611    5621    0.000308414
 611     602    0.000719028
 611     603    0.000151206
 611     604    0.000521620
 611     610    0.006401851
 611     611    2.041600000
 611     612    0.017380513
 611     613    0.000601101
 612    5620    0.005644989
 612    5621    0.006851411
 612     602    0.002186950
 612     603    0.000251381
 612     604    0.000236846
 612     610    0.006796292
 612     611    0.017380513
 612     612    2.036500000
 612     613    0.000022702
 613    5620    0.007551083
 613    5621    0.008199355
 613     602    0.001556836
 613     603    0.004343939
 613     604    0.001050508
 613     610    0.000576575
 613     611    0.000601101
 613     612    0.000022702
 613     613    1.973900000
