5620    5620    2.280000002
5620    5621    0.005885814
5620     602    0.001086686
5620     603    0.005188652
5620     604    0.001191688
5620     610    0.006415351
5620     611    0.005316709
5620     612    0.016544768
5620     613    0.004110376
5621    5620    0.005885814
5621    5621    2.180899995
5621     602    0.001253101
5621     603    0.026709488
5621     604    0.028640607
5621     610    0.001605696
5621     611    0.000304515
5621     612    0.006672466
5621     613    0.009284752
 602    5620    0.001086686
 602    5621    0.001253101
 602     602    2.118900000
 602     603    0.010487633
 602     604    0.001315709
 602     610    0.002056956
 602     611    0.000612301
 602     612    0.002726708
 602     613    0.001081416
 603    5620    0.005188652
 603    5621    0.026709488
 603     602    0.010487633
 603     603    2.004300000
 603     604    0.001401662
 603     610    0.001929558
 603     611    0.000102559
 603     612    0.000434277
 603     613    0.004469836
 604    5620    0.001191688
 604    5621    0.028640607
 604     602    0.001315709
 604     603    0.001401662
 604     604    2.097700000
 604     610    0.000609963
 604     611    0.000540489
 604     612    0.000224542
 604     613    0.001079352
 610    5620    0.006415351
 610    5621    0.001605696
 610     602    0.002056956
 610     603    0.001929558
 610     604    0.000609963
 610     610    2.033700000
 610     611    0.006801763
 610     612    0.009437456
 610     613    0.000399558
 611    5620    0.005316709
 611    5621    0.000304515
 611     602    0.000612301
 611     603    0.000102559
 611     604    0.000540489
 611     610    0.006801763
 611     611    2.050300000
 611     612    0.019758718
 611     613    0.000517775
 612    5620    0.016544768
 612    5621    0.006672466
 612     602    0.002726708
 612     603    0.000434277
 612     604    0.000224542
 612     610    0.009437456
 612     611    0.019758718
 612     612    1.975000000
 612     613    0.000029684
 613    5620    0.004110376
 613    5621    0.009284752
 613     602    0.001081416
 613     603    0.004469836
 613     604    0.001079352
 613     610    0.000399558
 613     611    0.000517775
 613     612    0.000029684
 613     613    2.007400000
