5620    5620     2.521400002
5620    5621     0.005900694
5620     602     0.000397937
5620     603     0.005099019
5620     604    -0.001056711
5620     610    -0.001145269
5620     611     0.000623890
5620     612     0.005770733
5620     613     0.005157339
5621    5620     0.005900694
5621    5621     2.167999995
5621     602     0.003024548
5621     603    -0.024584964
5621     604    -0.029660423
5621     610     0.003470040
5621     611    -0.000194985
5621     612    -0.006370721
5621     613     0.006472992
 602    5620     0.000397937
 602    5621     0.003024548
 602     602     2.101900000
 602     603    -0.010944715
 602     604    -0.001605291
 602     610     0.001718913
 602     611    -0.000586172
 602     612    -0.002319797
 602     613    -0.001208265
 603    5620     0.005099019
 603    5621    -0.024584964
 603     602    -0.010944715
 603     603     2.084200000
 603     604    -0.000794317
 603     610    -0.002148839
 603     611     0.000481166
 603     612     0.000021660
 603     613     0.003081511
 604    5620    -0.001056711
 604    5621    -0.029660423
 604     602    -0.001605291
 604     603    -0.000794317
 604     604     2.043100000
 604     610     0.001742296
 604     611     0.000603855
 604     612     0.000138917
 604     613    -0.000774322
 610    5620    -0.001145269
 610    5621     0.003470040
 610     602     0.001718913
 610     603    -0.002148839
 610     604     0.001742296
 610     610     2.052300000
 610     611     0.008234080
 610     612    -0.006478014
 610     613    -0.000397805
 611    5620     0.000623890
 611    5621    -0.000194985
 611     602    -0.000586172
 611     603     0.000481166
 611     604     0.000603855
 611     610     0.008234080
 611     611     2.006800000
 611     612     0.014818241
 611     613    -0.000678529
 612    5620     0.005770733
 612    5621    -0.006370721
 612     602    -0.002319797
 612     603     0.000021660
 612     604     0.000138917
 612     610    -0.006478014
 612     611     0.014818241
 612     612     2.081400000
 612     613    -0.000180802
 613    5620     0.005157339
 613    5621     0.006472992
 613     602    -0.001208265
 613     603     0.003081511
 613     604    -0.000774322
 613     610    -0.000397805
 613     611    -0.000678529
 613     612    -0.000180802
 613     613     2.069600000
