5620    5620    2.361000002
5620    5621    0.007312836
5620     602    0.000862311
5620     603    0.005303277
5620     604    0.002033666
5620     610    0.001803608
5620     611    0.001874218
5620     612    0.005290525
5620     613    0.006420804
5621    5620    0.007312836
5621    5621    2.349799995
5621     602    0.005228368
5621     603    0.016086612
5621     604    0.033803242
5621     610    0.002252828
5621     611    0.000023513
5621     612    0.006572171
5621     613    0.008367037
 602    5620    0.000862311
 602    5621    0.005228368
 602     602    2.032300000
 602     603    0.003709973
 602     604    0.001543895
 602     610    0.001860619
 602     611    0.000139988
 602     612    0.002576630
 602     613    0.000856050
 603    5620    0.005303277
 603    5621    0.016086612
 603     602    0.003709973
 603     603    2.142700000
 603     604    0.000285258
 603     610    0.001868370
 603     611    0.000200195
 603     612    0.000348543
 603     613    0.003560911
 604    5620    0.002033666
 604    5621    0.033803242
 604     602    0.001543895
 604     603    0.000285258
 604     604    2.014700000
 604     610    0.001915527
 604     611    0.000135695
 604     612    0.001755456
 604     613    0.000736908
 610    5620    0.001803608
 610    5621    0.002252828
 610     602    0.001860619
 610     603    0.001868370
 610     604    0.001915527
 610     610    2.052300000
 610     611    0.005844390
 610     612    0.003601433
 610     613    0.000555036
 611    5620    0.001874218
 611    5621    0.000023513
 611     602    0.000139988
 611     603    0.000200195
 611     604    0.000135695
 611     610    0.005844390
 611     611    2.112900000
 611     612    0.018145650
 611     613    0.000569019
 612    5620    0.005290525
 612    5621    0.006572171
 612     602    0.002576630
 612     603    0.000348543
 612     604    0.001755456
 612     610    0.003601433
 612     611    0.018145650
 612     612    2.095700000
 612     613    0.000228675
 613    5620    0.006420804
 613    5621    0.008367037
 613     602    0.000856050
 613     603    0.003560911
 613     604    0.000736908
 613     610    0.000555036
 613     611    0.000569019
 613     612    0.000228675
 613     613    1.977800000
