5620    5620     2.259800002
5620    5621    -0.007602070
5620     602    -0.001739186
5620     603    -0.006791773
5620     604    -0.000623925
5620     610    -0.000144010
5620     611    -0.000167364
5620     612    -0.010203682
5620     613    -0.004486920
5621    5620    -0.007602070
5621    5621     2.225199995
5621     602     0.001003936
5621     603    -0.022950887
5621     604     0.035352674
5621     610    -0.001191730
5621     611    -0.000194455
5621     612     0.007160291
5621     613     0.010272626
 602    5620    -0.001739186
 602    5621     0.001003936
 602     602     2.080300000
 602     603     0.010168194
 602     604    -0.001699035
 602     610    -0.001668778
 602     611    -0.000544085
 602     612     0.002654536
 602     613     0.000715508
 603    5620    -0.006791773
 603    5621    -0.022950887
 603     602     0.010168194
 603     603     2.052100000
 603     604    -0.000126675
 603     610    -0.001997667
 603     611    -0.000578191
 603     612     0.000089083
 603     613     0.004229792
 604    5620    -0.000623925
 604    5621     0.035352674
 604     602    -0.001699035
 604     603    -0.000126675
 604     604     2.082000000
 604     610     0.000379801
 604     611     0.000737767
 604     612    -0.000099037
 604     613    -0.001199098
 610    5620    -0.000144010
 610    5621    -0.001191730
 610     602    -0.001668778
 610     603    -0.001997667
 610     604     0.000379801
 610     610     2.096600000
 610     611     0.006128380
 610     612     0.006318063
 610     613     0.000446286
 611    5620    -0.000167364
 611    5621    -0.000194455
 611     602    -0.000544085
 611     603    -0.000578191
 611     604     0.000737767
 611     610     0.006128380
 611     611     2.048400000
 611     612    -0.018555261
 611     613    -0.000761498
 612    5620    -0.010203682
 612    5621     0.007160291
 612     602     0.002654536
 612     603     0.000089083
 612     604    -0.000099037
 612     610     0.006318063
 612     611    -0.018555261
 612     612     2.074600000
 612     613    -0.000153016
 613    5620    -0.004486920
 613    5621     0.010272626
 613     602     0.000715508
 613     603     0.004229792
 613     604    -0.001199098
 613     610     0.000446286
 613     611    -0.000761498
 613     612    -0.000153016
 613     613     2.038700000
