5620    5620    2.400700002
5620    5621    0.005587398
5620     602    0.000832858
5620     603    0.006192962
5620     604    0.000152704
5620     610    0.003360474
5620     611    0.001202824
5620     612    0.011067729
5620     613    0.005706839
5621    5620    0.005587398
5621    5621    2.425899995
5621     602    0.002660765
5621     603    0.010958489
5621     604    0.027291325
5621     610    0.001562642
5621     611    0.000061712
5621     612    0.007173771
5621     613    0.006449060
 602    5620    0.000832858
 602    5621    0.002660765
 602     602    2.128900000
 602     603    0.004128214
 602     604    0.001387879
 602     610    0.001716274
 602     611    0.000292402
 602     612    0.002660268
 602     613    0.000896537
 603    5620    0.006192962
 603    5621    0.010958489
 603     602    0.004128214
 603     603    1.964700000
 603     604    0.000032398
 603     610    0.002371572
 603     611    0.000692869
 603     612    0.000292897
 603     613    0.004816994
 604    5620    0.000152704
 604    5621    0.027291325
 604     602    0.001387879
 604     603    0.000032398
 604     604    2.039600000
 604     610    0.001336627
 604     611    0.000486238
 604     612    0.000728399
 604     613    0.001077333
 610    5620    0.003360474
 610    5621    0.001562642
 610     602    0.001716274
 610     603    0.002371572
 610     604    0.001336627
 610     610    2.019200000
 610     611    0.006870941
 610     612    0.008966028
 610     613    0.000492713
 611    5620    0.001202824
 611    5621    0.000061712
 611     602    0.000292402
 611     603    0.000692869
 611     604    0.000486238
 611     610    0.006870941
 611     611    2.028700000
 611     612    0.022455353
 611     613    0.000962486
 612    5620    0.011067729
 612    5621    0.007173771
 612     602    0.002660268
 612     603    0.000292897
 612     604    0.000728399
 612     610    0.008966028
 612     611    0.022455353
 612     612    2.030700000
 612     613    0.000116287
 613    5620    0.005706839
 613    5621    0.006449060
 613     602    0.000896537
 613     603    0.004816994
 613     604    0.001077333
 613     610    0.000492713
 613     611    0.000962486
 613     612    0.000116287
 613     613    2.040700000
