5620    5620    2.430800002
5620    5621    0.005377828
5620     602    0.001566568
5620     603    0.005000213
5620     604    0.001303422
5620     610    0.004826719
5620     611    0.003124063
5620     612    0.016300588
5620     613    0.004422045
5621    5620    0.005377828
5621    5621    2.334699995
5621     602    0.003056978
5621     603    0.019191526
5621     604    0.031333467
5621     610    0.000742801
5621     611    0.000649337
5621     612    0.008117626
5621     613    0.007103438
 602    5620    0.001566568
 602    5621    0.003056978
 602     602    2.036200000
 602     603    0.009293030
 602     604    0.001631218
 602     610    0.001763379
 602     611    0.000353831
 602     612    0.002762451
 602     613    0.000655917
 603    5620    0.005000213
 603    5621    0.019191526
 603     602    0.009293030
 603     603    2.042000000
 603     604    0.000966387
 603     610    0.002045137
 603     611    0.000279154
 603     612    0.000101533
 603     613    0.004126565
 604    5620    0.001303422
 604    5621    0.031333467
 604     602    0.001631218
 604     603    0.000966387
 604     604    2.051000000
 604     610    0.001220985
 604     611    0.000519743
 604     612    0.000765318
 604     613    0.001108098
 610    5620    0.004826719
 610    5621    0.000742801
 610     602    0.001763379
 610     603    0.002045137
 610     604    0.001220985
 610     610    2.019300000
 610     611    0.006641203
 610     612    0.008653860
 610     613    0.000468111
 611    5620    0.003124063
 611    5621    0.000649337
 611     602    0.000353831
 611     603    0.000279154
 611     604    0.000519743
 611     610    0.006641203
 611     611    2.065500000
 611     612    0.020956313
 611     613    0.000670248
 612    5620    0.016300588
 612    5621    0.008117626
 612     602    0.002762451
 612     603    0.000101533
 612     604    0.000765318
 612     610    0.008653860
 612     611    0.020956313
 612     612    2.019700000
 612     613    0.000054130
 613    5620    0.004422045
 613    5621    0.007103438
 613     602    0.000655917
 613     603    0.004126565
 613     604    0.001108098
 613     610    0.000468111
 613     611    0.000670248
 613     612    0.000054130
 613     613    2.007200000
