5620    5620     2.248900002
5620    5621    -0.006241760
5620     602     0.001503714
5620     603     0.007064927
5620     604    -0.001054158
5620     610     0.001064736
5620     611     0.000690092
5620     612    -0.000783864
5620     613     0.003770947
5621    5620    -0.006241760
5621    5621     2.473899995
5621     602    -0.004493752
5621     603     0.015880649
5621     604     0.030164305
5621     610    -0.001025063
5621     611     0.000187123
5621     612     0.005581389
5621     613     0.007281413
 602    5620     0.001503714
 602    5621    -0.004493752
 602     602     2.098700000
 602     603    -0.007093663
 602     604     0.001724612
 602     610     0.001525790
 602     611     0.000345228
 602     612     0.002329756
 602     613    -0.001123743
 603    5620     0.007064927
 603    5621     0.015880649
 603     602    -0.007093663
 603     603     2.021400000
 603     604     0.000049629
 603     610     0.002214502
 603     611     0.000508104
 603     612    -0.000562460
 603     613     0.005614417
 604    5620    -0.001054158
 604    5621     0.030164305
 604     602     0.001724612
 604     603     0.000049629
 604     604     2.033000000
 604     610     0.000521536
 604     611    -0.000535881
 604     612    -0.000268899
 604     613    -0.001349155
 610    5620     0.001064736
 610    5621    -0.001025063
 610     602     0.001525790
 610     603     0.002214502
 610     604     0.000521536
 610     610     2.043800000
 610     611     0.006374003
 610     612     0.003586974
 610     613     0.000480643
 611    5620     0.000690092
 611    5621     0.000187123
 611     602     0.000345228
 611     603     0.000508104
 611     604    -0.000535881
 611     610     0.006374003
 611     611     2.055200000
 611     612    -0.013790835
 611     613    -0.000824377
 612    5620    -0.000783864
 612    5621     0.005581389
 612     602     0.002329756
 612     603    -0.000562460
 612     604    -0.000268899
 612     610     0.003586974
 612     611    -0.013790835
 612     612     2.069200000
 612     613    -0.000365208
 613    5620     0.003770947
 613    5621     0.007281413
 613     602    -0.001123743
 613     603     0.005614417
 613     604    -0.001349155
 613     610     0.000480643
 613     611    -0.000824377
 613     612    -0.000365208
 613     613     2.013600000
