5620    5620    2.240200002
5620    5621    0.008799314
5620     602    0.001756506
5620     603    0.004912647
5620     604    0.000050580
5620     610    0.012774204
5620     611    0.005177887
5620     612    0.016588498
5620     613    0.000756494
5621    5620    0.008799314
5621    5621    2.264099995
5621     602    0.003299697
5621     603    0.020689002
5621     604    0.032716861
5621     610    0.000274528
5621     611    0.000433327
5621     612    0.005930755
5621     613    0.008011919
 602    5620    0.001756506
 602    5621    0.003299697
 602     602    1.995000000
 602     603    0.010238231
 602     604    0.001666870
 602     610    0.001648420
 602     611    0.000783511
 602     612    0.002385324
 602     613    0.000718684
 603    5620    0.004912647
 603    5621    0.020689002
 603     602    0.010238231
 603     603    2.012100000
 603     604    0.000625526
 603     610    0.001797888
 603     611    0.000288409
 603     612    0.000063525
 603     613    0.003610915
 604    5620    0.000050580
 604    5621    0.032716861
 604     602    0.001666870
 604     603    0.000625526
 604     604    2.043700000
 604     610    0.000654849
 604     611    0.000408989
 604     612    0.000654498
 604     613    0.001037984
 610    5620    0.012774204
 610    5621    0.000274528
 610     602    0.001648420
 610     603    0.001797888
 610     604    0.000654849
 610     610    2.005100000
 610     611    0.005638380
 610     612    0.005723658
 610     613    0.000314161
 611    5620    0.005177887
 611    5621    0.000433327
 611     602    0.000783511
 611     603    0.000288409
 611     604    0.000408989
 611     610    0.005638380
 611     611    2.040900000
 611     612    0.015296479
 611     613    0.000542258
 612    5620    0.016588498
 612    5621    0.005930755
 612     602    0.002385324
 612     603    0.000063525
 612     604    0.000654498
 612     610    0.005723658
 612     611    0.015296479
 612     612    2.084700000
 612     613    0.000014119
 613    5620    0.000756494
 613    5621    0.008011919
 613     602    0.000718684
 613     603    0.003610915
 613     604    0.001037984
 613     610    0.000314161
 613     611    0.000542258
 613     612    0.000014119
 613     613    2.157600000
