5620    5620     2.415900002
5620    5621    -0.005405533
5620     602     0.000767987
5620     603    -0.006401638
5620     604    -0.000287586
5620     610    -0.000053804
5620     611    -0.003716222
5620     612    -0.004125737
5620     613    -0.005291447
5621    5620    -0.005405533
5621    5621     2.131599995
5621     602     0.006385608
5621     603     0.016235119
5621     604    -0.029627396
5621     610     0.001474525
5621     611    -0.000501972
5621     612    -0.005886372
5621     613     0.009335516
 602    5620     0.000767987
 602    5621     0.006385608
 602     602     1.978700000
 602     603    -0.005226916
 602     604     0.001593919
 602     610     0.001096024
 602     611    -0.000015835
 602     612    -0.002562772
 602     613     0.001757913
 603    5620    -0.006401638
 603    5621     0.016235119
 603     602    -0.005226916
 603     603     2.085000000
 603     604    -0.000575718
 603     610    -0.002147087
 603     611    -0.000131804
 603     612    -0.000781145
 603     613    -0.004458961
 604    5620    -0.000287586
 604    5621    -0.029627396
 604     602     0.001593919
 604     603    -0.000575718
 604     604     2.080700000
 604     610     0.000613241
 604     611     0.000492204
 604     612     0.000331894
 604     613    -0.001111341
 610    5620    -0.000053804
 610    5621     0.001474525
 610     602     0.001096024
 610     603    -0.002147087
 610     604     0.000613241
 610     610     2.080500000
 610     611    -0.006509032
 610     612     0.003778840
 610     613     0.000512604
 611    5620    -0.003716222
 611    5621    -0.000501972
 611     602    -0.000015835
 611     603    -0.000131804
 611     604     0.000492204
 611     610    -0.006509032
 611     611     2.034800000
 611     612    -0.017462608
 611     613    -0.000390699
 612    5620    -0.004125737
 612    5621    -0.005886372
 612     602    -0.002562772
 612     603    -0.000781145
 612     604     0.000331894
 612     610     0.003778840
 612     611    -0.017462608
 612     612     2.065100000
 612     613    -0.000409708
 613    5620    -0.005291447
 613    5621     0.009335516
 613     602     0.001757913
 613     603    -0.004458961
 613     604    -0.001111341
 613     610     0.000512604
 613     611    -0.000390699
 613     612    -0.000409708
 613     613     1.969300000
