5620    5620    2.475900002
5620    5621    0.004981987
5620     602    0.000665025
5620     603    0.006543606
5620     604    0.001022619
5620     610    0.006475896
5620     611    0.000136198
5620     612    0.006626177
5620     613    0.004218832
5621    5620    0.004981987
5621    5621    2.374999995
5621     602    0.002854214
5621     603    0.025154701
5621     604    0.031755324
5621     610    0.003978894
5621     611    0.000075482
5621     612    0.006988645
5621     613    0.008296935
 602    5620    0.000665025
 602    5621    0.002854214
 602     602    2.021100000
 602     603    0.010570389
 602     604    0.001652400
 602     610    0.002576965
 602     611    0.000281049
 602     612    0.002878187
 602     613    0.001282832
 603    5620    0.006543606
 603    5621    0.025154701
 603     602    0.010570389
 603     603    1.943600000
 603     604    0.000699861
 603     610    0.002348779
 603     611    0.000374961
 603     612    0.000129259
 603     613    0.004874051
 604    5620    0.001022619
 604    5621    0.031755324
 604     602    0.001652400
 604     603    0.000699861
 604     604    2.144700000
 604     610    0.001768012
 604     611    0.000596343
 604     612    0.000331427
 604     613    0.001260821
 610    5620    0.006475896
 610    5621    0.003978894
 610     602    0.002576965
 610     603    0.002348779
 610     604    0.001768012
 610     610    2.010900000
 610     611    0.006361942
 610     612    0.009990738
 610     613    0.000244152
 611    5620    0.000136198
 611    5621    0.000075482
 611     602    0.000281049
 611     603    0.000374961
 611     604    0.000596343
 611     610    0.006361942
 611     611    2.068800000
 611     612    0.018013225
 611     613    0.000707797
 612    5620    0.006626177
 612    5621    0.006988645
 612     602    0.002878187
 612     603    0.000129259
 612     604    0.000331427
 612     610    0.009990738
 612     611    0.018013225
 612     612    1.964800000
 612     613    0.000047102
 613    5620    0.004218832
 613    5621    0.008296935
 613     602    0.001282832
 613     603    0.004874051
 613     604    0.001260821
 613     610    0.000244152
 613     611    0.000707797
 613     612    0.000047102
 613     613    2.089200000
