5620    5620    2.340000002
5620    5621    0.007306162
5620     602    0.001742669
5620     603    0.006483844
5620     604    0.000896454
5620     610    0.004624801
5620     611    0.003374155
5620     612    0.009615538
5620     613    0.008712580
5621    5620    0.007306162
5621    5621    2.322999995
5621     602    0.000329749
5621     603    0.021775671
5621     604    0.033445865
5621     610    0.001245492
5621     611    0.000081708
5621     612    0.006242338
5621     613    0.008260009
 602    5620    0.001742669
 602    5621    0.000329749
 602     602    2.056800000
 602     603    0.005579093
 602     604    0.001370847
 602     610    0.001989255
 602     611    0.000724127
 602     612    0.002350395
 602     613    0.000410883
 603    5620    0.006483844
 603    5621    0.021775671
 603     602    0.005579093
 603     603    2.003800000
 603     604    0.000080382
 603     610    0.002230051
 603     611    0.000246931
 603     612    0.000288270
 603     613    0.004245396
 604    5620    0.000896454
 604    5621    0.033445865
 604     602    0.001370847
 604     603    0.000080382
 604     604    2.104500000
 604     610    0.001024047
 604     611    0.000343208
 604     612    0.000666069
 604     613    0.000924442
 610    5620    0.004624801
 610    5621    0.001245492
 610     602    0.001989255
 610     603    0.002230051
 610     604    0.001024047
 610     610    2.052300000
 610     611    0.006597652
 610     612    0.006976922
 610     613    0.000617319
 611    5620    0.003374155
 611    5621    0.000081708
 611     602    0.000724127
 611     603    0.000246931
 611     604    0.000343208
 611     610    0.006597652
 611     611    1.990000000
 611     612    0.018925139
 611     613    0.000698673
 612    5620    0.009615538
 612    5621    0.006242338
 612     602    0.002350395
 612     603    0.000288270
 612     604    0.000666069
 612     610    0.006976922
 612     611    0.018925139
 612     612    2.077500000
 612     613    0.000360396
 613    5620    0.008712580
 613    5621    0.008260009
 613     602    0.000410883
 613     603    0.004245396
 613     604    0.000924442
 613     610    0.000617319
 613     611    0.000698673
 613     612    0.000360396
 613     613    2.005800000
