5620    5620     2.483000002
5620    5621     0.004355276
5620     602    -0.000166783
5620     603    -0.006111290
5620     604     0.000576663
5620     610     0.002440814
5620     611    -0.001740464
5620     612    -0.010869219
5620     613    -0.007660281
5621    5620     0.004355276
5621    5621     2.190699995
5621     602     0.001552841
5621     603     0.020188431
5621     604    -0.028756989
5621     610    -0.002091151
5621     611    -0.000550494
5621     612    -0.007543442
5621     613    -0.006121436
 602    5620    -0.000166783
 602    5621     0.001552841
 602     602     2.138300000
 602     603    -0.004495779
 602     604    -0.001309428
 602     610     0.001377521
 602     611    -0.000185185
 602     612     0.002119780
 602     613     0.000792417
 603    5620    -0.006111290
 603    5621     0.020188431
 603     602    -0.004495779
 603     603     2.053800000
 603     604     0.000288628
 603     610     0.002086897
 603     611     0.000102518
 603     612    -0.000044347
 603     613    -0.003501796
 604    5620     0.000576663
 604    5621    -0.028756989
 604     602    -0.001309428
 604     603     0.000288628
 604     604     2.112400000
 604     610    -0.001198426
 604     611     0.000460966
 604     612    -0.000358665
 604     613     0.000829683
 610    5620     0.002440814
 610    5621    -0.002091151
 610     602     0.001377521
 610     603     0.002086897
 610     604    -0.001198426
 610     610     2.065600000
 610     611     0.006308490
 610     612     0.005727714
 610     613     0.000473141
 611    5620    -0.001740464
 611    5621    -0.000550494
 611     602    -0.000185185
 611     603     0.000102518
 611     604     0.000460966
 611     610     0.006308490
 611     611     2.054700000
 611     612    -0.019131905
 611     613     0.000419037
 612    5620    -0.010869219
 612    5621    -0.007543442
 612     602     0.002119780
 612     603    -0.000044347
 612     604    -0.000358665
 612     610     0.005727714
 612     611    -0.019131905
 612     612     2.072000000
 612     613    -0.000011093
 613    5620    -0.007660281
 613    5621    -0.006121436
 613     602     0.000792417
 613     603    -0.003501796
 613     604     0.000829683
 613     610     0.000473141
 613     611     0.000419037
 613     612    -0.000011093
 613     613     1.982100000
