5620    5620    2.423400002
5620    5621    0.006658331
5620     602    0.000583528
5620     603    0.006520798
5620     604    0.002383699
5620     610    0.003406485
5620     611    0.001457653
5620     612    0.001490968
5620     613    0.002500866
5621    5620    0.006658331
5621    5621    2.139999995
5621     602    0.008609081
5621     603    0.016743928
5621     604    0.030357507
5621     610    0.004509943
5621     611    0.000316900
5621     612    0.005611987
5621     613    0.010058831
 602    5620    0.000583528
 602    5621    0.008609081
 602     602    2.056800000
 602     603    0.006396236
 602     604    0.001796350
 602     610    0.002375647
 602     611    0.000034680
 602     612    0.002572484
 602     613    0.001872648
 603    5620    0.006520798
 603    5621    0.016743928
 603     602    0.006396236
 603     603    2.014900000
 603     604    0.000796284
 603     610    0.002105579
 603     611    0.000265204
 603     612    0.000701490
 603     613    0.004639494
 604    5620    0.002383699
 604    5621    0.030357507
 604     602    0.001796350
 604     603    0.000796284
 604     604    2.066800000
 604     610    0.002151778
 604     611    0.000670244
 604     612    0.000384205
 604     613    0.001246007
 610    5620    0.003406485
 610    5621    0.004509943
 610     602    0.002375647
 610     603    0.002105579
 610     604    0.002151778
 610     610    1.991000000
 610     611    0.007340422
 610     612    0.002499635
 610     613    0.000181715
 611    5620    0.001457653
 611    5621    0.000316900
 611     602    0.000034680
 611     603    0.000265204
 611     604    0.000670244
 611     610    0.007340422
 611     611    2.035400000
 611     612    0.018338021
 611     613    0.000532199
 612    5620    0.001490968
 612    5621    0.005611987
 612     602    0.002572484
 612     603    0.000701490
 612     604    0.000384205
 612     610    0.002499635
 612     611    0.018338021
 612     612    2.133200000
 612     613    0.000121003
 613    5620    0.002500866
 613    5621    0.010058831
 613     602    0.001872648
 613     603    0.004639494
 613     604    0.001246007
 613     610    0.000181715
 613     611    0.000532199
 613     612    0.000121003
 613     613    2.013400000
