5620    5620    2.392800002
5620    5621    0.007184796
5620     602    0.002555045
5620     603    0.005367290
5620     604    0.001471775
5620     610    0.001727054
5620     611    0.002013881
5620     612    0.008945835
5620     613    0.008170023
5621    5620    0.007184796
5621    5621    2.190099995
5621     602    0.002390913
5621     603    0.031755278
5621     604    0.034055958
5621     610    0.002414276
5621     611    0.000024219
5621     612    0.006196042
5621     613    0.007197898
 602    5620    0.002555045
 602    5621    0.002390913
 602     602    2.002400000
 602     603    0.011913817
 602     604    0.001387372
 602     610    0.002719682
 602     611    0.001021565
 602     612    0.002403917
 602     613    0.000213915
 603    5620    0.005367290
 603    5621    0.031755278
 603     602    0.011913817
 603     603    2.007300000
 603     604    0.001813342
 603     610    0.002276227
 603     611    0.000324203
 603     612    0.000282651
 603     613    0.003567433
 604    5620    0.001471775
 604    5621    0.034055958
 604     602    0.001387372
 604     603    0.001813342
 604     604    2.058700000
 604     610    0.001348251
 604     611    0.000531774
 604     612    0.000046380
 604     613    0.001016245
 610    5620    0.001727054
 610    5621    0.002414276
 610     602    0.002719682
 610     603    0.002276227
 610     604    0.001348251
 610     610    2.040200000
 610     611    0.006562763
 610     612    0.007855128
 610     613    0.000530534
 611    5620    0.002013881
 611    5621    0.000024219
 611     602    0.001021565
 611     603    0.000324203
 611     604    0.000531774
 611     610    0.006562763
 611     611    2.042500000
 611     612    0.016935028
 611     613    0.000620832
 612    5620    0.008945835
 612    5621    0.006196042
 612     602    0.002403917
 612     603    0.000282651
 612     604    0.000046380
 612     610    0.007855128
 612     611    0.016935028
 612     612    2.046000000
 612     613    0.000239197
 613    5620    0.008170023
 613    5621    0.007197898
 613     602    0.000213915
 613     603    0.003567433
 613     604    0.001016245
 613     610    0.000530534
 613     611    0.000620832
 613     612    0.000239197
 613     613    2.039300000
