5620    5620     2.306400002
5620    5621    -0.005656698
5620     602    -0.001134765
5620     603    -0.006362193
5620     604     0.001985681
5620     610    -0.004669338
5620     611     0.000873495
5620     612    -0.010869618
5620     613     0.007843764
5621    5620    -0.005656698
5621    5621     2.274699995
5621     602    -0.002303380
5621     603     0.024320120
5621     604     0.035013742
5621     610     0.001254552
5621     611     0.000282801
5621     612    -0.007536048
5621     613    -0.007884445
 602    5620    -0.001134765
 602    5621    -0.002303380
 602     602     2.104300000
 602     603    -0.005917591
 602     604     0.001426358
 602     610     0.001754176
 602     611    -0.000445378
 602     612    -0.002364021
 602     613     0.000518389
 603    5620    -0.006362193
 603    5621     0.024320120
 603     602    -0.005917591
 603     603     2.062400000
 603     604    -0.000742861
 603     610     0.002185546
 603     611     0.000455438
 603     612     0.000016847
 603     613     0.004215489
 604    5620     0.001985681
 604    5621     0.035013742
 604     602     0.001426358
 604     603    -0.000742861
 604     604     2.072600000
 604     610     0.000790929
 604     611     0.000744713
 604     612    -0.000441641
 604     613     0.001200399
 610    5620    -0.004669338
 610    5621     0.001254552
 610     602     0.001754176
 610     603     0.002185546
 610     604     0.000790929
 610     610     2.045300000
 610     611     0.006289604
 610     612     0.007292817
 610     613    -0.000560961
 611    5620     0.000873495
 611    5621     0.000282801
 611     602    -0.000445378
 611     603     0.000455438
 611     604     0.000744713
 611     610     0.006289604
 611     611     2.047300000
 611     612    -0.020225684
 611     613    -0.000957001
 612    5620    -0.010869618
 612    5621    -0.007536048
 612     602    -0.002364021
 612     603     0.000016847
 612     604    -0.000441641
 612     610     0.007292817
 612     611    -0.020225684
 612     612     2.073400000
 612     613     0.000298287
 613    5620     0.007843764
 613    5621    -0.007884445
 613     602     0.000518389
 613     603     0.004215489
 613     604     0.001200399
 613     610    -0.000560961
 613     611    -0.000957001
 613     612     0.000298287
 613     613     1.980400000
