5620    5620     2.335200002
5620    5621     0.007079848
5620     602    -0.001443245
5620     603    -0.006077297
5620     604    -0.000438131
5620     610    -0.000076993
5620     611    -0.000750472
5620     612    -0.004459243
5620     613    -0.009966624
5621    5620     0.007079848
5621    5621     2.306599995
5621     602    -0.001873464
5621     603     0.023964246
5621     604    -0.033293176
5621     610     0.001214137
5621     611     0.000205392
5621     612     0.006810115
5621     613    -0.009103436
 602    5620    -0.001443245
 602    5621    -0.001873464
 602     602     2.007900000
 602     603    -0.007709341
 602     604     0.001404350
 602     610     0.001788520
 602     611    -0.000545761
 602     612    -0.002467601
 602     613    -0.000400447
 603    5620    -0.006077297
 603    5621     0.023964246
 603     602    -0.007709341
 603     603     2.044900000
 603     604    -0.000478715
 603     610     0.002031504
 603     611     0.000511764
 603     612    -0.000519542
 603     613     0.004358018
 604    5620    -0.000438131
 604    5621    -0.033293176
 604     602     0.001404350
 604     603    -0.000478715
 604     604     2.050500000
 604     610     0.000922721
 604     611    -0.000368395
 604     612     0.000358207
 604     613     0.000883133
 610    5620    -0.000076993
 610    5621     0.001214137
 610     602     0.001788520
 610     603     0.002031504
 610     604     0.000922721
 610     610     2.038900000
 610     611     0.005865560
 610     612    -0.004074797
 610     613    -0.000726101
 611    5620    -0.000750472
 611    5621     0.000205392
 611     602    -0.000545761
 611     603     0.000511764
 611     604    -0.000368395
 611     610     0.005865560
 611     611     2.038600000
 611     612     0.014772589
 611     613    -0.000960774
 612    5620    -0.004459243
 612    5621     0.006810115
 612     602    -0.002467601
 612     603    -0.000519542
 612     604     0.000358207
 612     610    -0.004074797
 612     611     0.014772589
 612     612     2.042400000
 612     613     0.000796913
 613    5620    -0.009966624
 613    5621    -0.009103436
 613     602    -0.000400447
 613     603     0.004358018
 613     604     0.000883133
 613     610    -0.000726101
 613     611    -0.000960774
 613     612     0.000796913
 613     613     1.908000000
