5620    5620    2.476000002
5620    5621    0.004250167
5620     602    0.000425409
5620     603    0.006146889
5620     604    0.001847767
5620     610    0.001628256
5620     611    0.001065060
5620     612    0.002799897
5620     613    0.002370672
5621    5620    0.004250167
5621    5621    2.117499995
5621     602    0.002462167
5621     603    0.031324517
5621     604    0.032266733
5621     610    0.002735087
5621     611    0.000240941
5621     612    0.006435849
5621     613    0.008307564
 602    5620    0.000425409
 602    5621    0.002462167
 602     602    2.075500000
 602     603    0.010733221
 602     604    0.001299062
 602     610    0.001787561
 602     611    0.000081703
 602     612    0.002329991
 602     613    0.001288759
 603    5620    0.006146889
 603    5621    0.031324517
 603     602    0.010733221
 603     603    1.916100000
 603     604    0.001336744
 603     610    0.002520825
 603     611    0.000386673
 603     612    0.000155156
 603     613    0.004589253
 604    5620    0.001847767
 604    5621    0.032266733
 604     602    0.001299062
 604     603    0.001336744
 604     604    2.117600000
 604     610    0.001410958
 604     611    0.000145060
 604     612    0.001111814
 604     613    0.000894653
 610    5620    0.001628256
 610    5621    0.002735087
 610     602    0.001787561
 610     603    0.002520825
 610     604    0.001410958
 610     610    2.096100000
 610     611    0.006642526
 610     612    0.006196849
 610     613    0.000252915
 611    5620    0.001065060
 611    5621    0.000240941
 611     602    0.000081703
 611     603    0.000386673
 611     604    0.000145060
 611     610    0.006642526
 611     611    2.025100000
 611     612    0.017649718
 611     613    0.000715943
 612    5620    0.002799897
 612    5621    0.006435849
 612     602    0.002329991
 612     603    0.000155156
 612     604    0.001111814
 612     610    0.006196849
 612     611    0.017649718
 612     612    2.071000000
 612     613    0.000088236
 613    5620    0.002370672
 613    5621    0.008307564
 613     602    0.001288759
 613     603    0.004589253
 613     604    0.000894653
 613     610    0.000252915
 613     611    0.000715943
 613     612    0.000088236
 613     613    2.020400000
