5620    5620     2.328900002
5620    5621     0.005327943
5620     602    -0.000376788
5620     603    -0.006671083
5620     604     0.002927365
5620     610     0.004963308
5620     611     0.001017395
5620     612     0.010148061
5620     613     0.003945810
5621    5620     0.005327943
5621    5621     2.200599995
5621     602    -0.003077600
5621     603    -0.027582648
5621     604     0.035065927
5621     610     0.001672917
5621     611     0.000464506
5621     612    -0.007301615
5621     613    -0.008259323
 602    5620    -0.000376788
 602    5621    -0.003077600
 602     602     2.040100000
 602     603     0.010433849
 602     604     0.001983131
 602     610     0.001698243
 602     611     0.000010150
 602     612     0.002687055
 602     613    -0.001563187
 603    5620    -0.006671083
 603    5621    -0.027582648
 603     602     0.010433849
 603     603     2.045800000
 603     604     0.000758511
 603     610     0.002495210
 603     611    -0.000665739
 603     612     0.000062952
 603     613     0.005190651
 604    5620     0.002927365
 604    5621     0.035065927
 604     602     0.001983131
 604     603     0.000758511
 604     604     2.061500000
 604     610    -0.001051770
 604     611    -0.000785396
 604     612    -0.000577479
 604     613    -0.001419171
 610    5620     0.004963308
 610    5621     0.001672917
 610     602     0.001698243
 610     603     0.002495210
 610     604    -0.001051770
 610     610     1.973000000
 610     611    -0.006215164
 610     612     0.006834922
 610     613     0.000403845
 611    5620     0.001017395
 611    5621     0.000464506
 611     602     0.000010150
 611     603    -0.000665739
 611     604    -0.000785396
 611     610    -0.006215164
 611     611     2.004500000
 611     612    -0.013782005
 611     613    -0.000969662
 612    5620     0.010148061
 612    5621    -0.007301615
 612     602     0.002687055
 612     603     0.000062952
 612     604    -0.000577479
 612     610     0.006834922
 612     611    -0.013782005
 612     612     2.075800000
 612     613    -0.000186932
 613    5620     0.003945810
 613    5621    -0.008259323
 613     602    -0.001563187
 613     603     0.005190651
 613     604    -0.001419171
 613     610     0.000403845
 613     611    -0.000969662
 613     612    -0.000186932
 613     613     2.034200000
