5620    5620     2.152200002
5620    5621    -0.006678926
5620     602     0.000860717
5620     603     0.006175172
5620     604     0.003890079
5620     610     0.001355145
5620     611    -0.000825355
5620     612    -0.003338104
5620     613     0.007272076
5621    5620    -0.006678926
5621    5621     2.440399995
5621     602     0.000996368
5621     603     0.020869888
5621     604    -0.029353186
5621     610    -0.001826033
5621     611    -0.000243250
5621     612     0.005437287
5621     613    -0.007273261
 602    5620     0.000860717
 602    5621     0.000996368
 602     602     2.043600000
 602     603    -0.011563022
 602     604     0.001653751
 602     610     0.001743997
 602     611     0.000005609
 602     612     0.001976827
 602     613     0.000929736
 603    5620     0.006175172
 603    5621     0.020869888
 603     602    -0.011563022
 603     603     2.082100000
 603     604    -0.000990417
 603     610    -0.002336070
 603     611    -0.000466151
 603     612     0.000109651
 603     613     0.003941189
 604    5620     0.003890079
 604    5621    -0.029353186
 604     602     0.001653751
 604     603    -0.000990417
 604     604     2.105300000
 604     610    -0.001193799
 604     611     0.000760385
 604     612    -0.000065790
 604     613     0.001197063
 610    5620     0.001355145
 610    5621    -0.001826033
 610     602     0.001743997
 610     603    -0.002336070
 610     604    -0.001193799
 610     610     2.047200000
 610     611    -0.007681340
 610     612    -0.004128696
 610     613     0.000635632
 611    5620    -0.000825355
 611    5621    -0.000243250
 611     602     0.000005609
 611     603    -0.000466151
 611     604     0.000760385
 611     610    -0.007681340
 611     611     1.999800000
 611     612     0.014573509
 611     613    -0.000991832
 612    5620    -0.003338104
 612    5621     0.005437287
 612     602     0.001976827
 612     603     0.000109651
 612     604    -0.000065790
 612     610    -0.004128696
 612     611     0.014573509
 612     612     2.088100000
 612     613     0.000343739
 613    5620     0.007272076
 613    5621    -0.007273261
 613     602     0.000929736
 613     603     0.003941189
 613     604     0.001197063
 613     610     0.000635632
 613     611    -0.000991832
 613     612     0.000343739
 613     613     2.030800000
