5620    5620    2.424300002
5620    5621    0.005644744
5620     602    0.002177321
5620     603    0.005175091
5620     604    0.000809870
5620     610    0.005187164
5620     611    0.001470002
5620     612    0.009551719
5620     613    0.005016735
5621    5620    0.005644744
5621    5621    2.193999995
5621     602    0.003589244
5621     603    0.013071515
5621     604    0.031229472
5621     610    0.000255602
5621     611    0.000030555
5621     612    0.007373576
5621     613    0.007151976
 602    5620    0.002177321
 602    5621    0.003589244
 602     602    2.101700000
 602     603    0.004789591
 602     604    0.001419701
 602     610    0.001868370
 602     611    0.000841005
 602     612    0.002411522
 602     613    0.000273637
 603    5620    0.005175091
 603    5621    0.013071515
 603     602    0.004789591
 603     603    2.066900000
 603     604    0.000252764
 603     610    0.001947684
 603     611    0.000467423
 603     612    0.000180472
 603     613    0.004026578
 604    5620    0.000809870
 604    5621    0.031229472
 604     602    0.001419701
 604     603    0.000252764
 604     604    1.955400000
 604     610    0.000850090
 604     611    0.000579402
 604     612    0.000766121
 604     613    0.001233978
 610    5620    0.005187164
 610    5621    0.000255602
 610     602    0.001868370
 610     603    0.001947684
 610     604    0.000850090
 610     610    2.096000000
 610     611    0.006955481
 610     612    0.006124705
 610     613    0.000526636
 611    5620    0.001470002
 611    5621    0.000030555
 611     602    0.000841005
 611     603    0.000467423
 611     604    0.000579402
 611     610    0.006955481
 611     611    1.974900000
 611     612    0.018991645
 611     613    0.000784259
 612    5620    0.009551719
 612    5621    0.007373576
 612     602    0.002411522
 612     603    0.000180472
 612     604    0.000766121
 612     610    0.006124705
 612     611    0.018991645
 612     612    1.978100000
 612     613    0.000030293
 613    5620    0.005016735
 613    5621    0.007151976
 613     602    0.000273637
 613     603    0.004026578
 613     604    0.001233978
 613     610    0.000526636
 613     611    0.000784259
 613     612    0.000030293
 613     613    2.022300000
