5620    5620     2.304200002
5620    5621     0.008444415
5620     602     0.000518949
5620     603     0.005638490
5620     604    -0.001835185
5620     610    -0.003833207
5620     611     0.002969325
5620     612    -0.014487781
5620     613     0.004061238
5621    5620     0.008444415
5621    5621     2.367799995
5621     602     0.000247023
5621     603     0.023928433
5621     604    -0.028361981
5621     610    -0.002645311
5621     611     0.000333333
5621     612     0.007903356
5621     613     0.012490344
 602    5620     0.000518949
 602    5621     0.000247023
 602     602     2.126600000
 602     603    -0.012515196
 602     604     0.001626569
 602     610     0.001753685
 602     611     0.000346623
 602     612     0.002818569
 602     613    -0.001470673
 603    5620     0.005638490
 603    5621     0.023928433
 603     602    -0.012515196
 603     603     2.060400000
 603     604    -0.000642573
 603     610    -0.002001402
 603     611    -0.000349492
 603     612     0.000103416
 603     613    -0.005204300
 604    5620    -0.001835185
 604    5621    -0.028361981
 604     602     0.001626569
 604     603    -0.000642573
 604     604     2.052800000
 604     610    -0.001356824
 604     611     0.000595924
 604     612     0.000278609
 604     613    -0.001159135
 610    5620    -0.003833207
 610    5621    -0.002645311
 610     602     0.001753685
 610     603    -0.002001402
 610     604    -0.001356824
 610     610     2.090200000
 610     611    -0.006165819
 610     612    -0.004553984
 610     613    -0.000415898
 611    5620     0.002969325
 611    5621     0.000333333
 611     602     0.000346623
 611     603    -0.000349492
 611     604     0.000595924
 611     610    -0.006165819
 611     611     1.987800000
 611     612     0.020039311
 611     613    -0.000930862
 612    5620    -0.014487781
 612    5621     0.007903356
 612     602     0.002818569
 612     603     0.000103416
 612     604     0.000278609
 612     610    -0.004553984
 612     611     0.020039311
 612     612     2.002800000
 612     613     0.000015617
 613    5620     0.004061238
 613    5621     0.012490344
 613     602    -0.001470673
 613     603    -0.005204300
 613     604    -0.001159135
 613     610    -0.000415898
 613     611    -0.000930862
 613     612     0.000015617
 613     613     1.956000000
