5620    5620    2.234800002
5620    5621    0.005532076
5620     602    0.001018998
5620     603    0.006227585
5620     604    0.000233324
5620     610    0.005015092
5620     611    0.001838055
5620     612    0.015859436
5620     613    0.006920793
5621    5620    0.005532076
5621    5621    2.398199995
5621     602    0.001805724
5621     603    0.016322468
5621     604    0.028167217
5621     610    0.001348244
5621     611    0.000427748
5621     612    0.007339262
5621     613    0.006789785
 602    5620    0.001018998
 602    5621    0.001805724
 602     602    2.141000000
 602     603    0.007670446
 602     604    0.001407634
 602     610    0.001631002
 602     611    0.000269772
 602     612    0.002447660
 602     613    0.000593577
 603    5620    0.006227585
 603    5621    0.016322468
 603     602    0.007670446
 603     603    2.072700000
 603     604    0.000376519
 603     610    0.002133026
 603     611    0.000280544
 603     612    0.000119354
 603     613    0.003861112
 604    5620    0.000233324
 604    5621    0.028167217
 604     602    0.001407634
 604     603    0.000376519
 604     604    2.037600000
 604     610    0.001169050
 604     611    0.000458566
 604     612    0.000639446
 604     613    0.000947643
 610    5620    0.005015092
 610    5621    0.001348244
 610     602    0.001631002
 610     603    0.002133026
 610     604    0.001169050
 610     610    2.000600000
 610     611    0.006142068
 610     612    0.007731311
 610     613    0.000521583
 611    5620    0.001838055
 611    5621    0.000427748
 611     602    0.000269772
 611     603    0.000280544
 611     604    0.000458566
 611     610    0.006142068
 611     611    2.025500000
 611     612    0.017355247
 611     613    0.000674412
 612    5620    0.015859436
 612    5621    0.007339262
 612     602    0.002447660
 612     603    0.000119354
 612     604    0.000639446
 612     610    0.007731311
 612     611    0.017355247
 612     612    2.053400000
 612     613    0.000085177
 613    5620    0.006920793
 613    5621    0.006789785
 613     602    0.000593577
 613     603    0.003861112
 613     604    0.000947643
 613     610    0.000521583
 613     611    0.000674412
 613     612    0.000085177
 613     613    2.071200000
