5620    5620    2.483000002
5620    5621    0.006026472
5620     602    0.001419491
5620     603    0.005779971
5620     604    0.002870623
5620     610    0.003441602
5620     611    0.004982811
5620     612    0.028970661
5620     613    0.004690005
5621    5620    0.006026472
5621    5621    2.213699995
5621     602    0.006407761
5621     603    0.019907068
5621     604    0.031104657
5621     610    0.002227570
5621     611    0.000854308
5621     612    0.008868452
5621     613    0.008214686
 602    5620    0.001419491
 602    5621    0.006407761
 602     602    2.082400000
 602     603    0.006758619
 602     604    0.001355511
 602     610    0.001847592
 602     611    0.000205886
 602     612    0.002828767
 602     613    0.000414921
 603    5620    0.005779971
 603    5621    0.019907068
 603     602    0.006758619
 603     603    2.078000000
 603     604    0.000525374
 603     610    0.002083653
 603     611    0.000135252
 603     612    0.000342585
 603     613    0.004263614
 604    5620    0.002870623
 604    5621    0.031104657
 604     602    0.001355511
 604     603    0.000525374
 604     604    2.045900000
 604     610    0.000785452
 604     611    0.000767268
 604     612    0.000794888
 604     613    0.001291752
 610    5620    0.003441602
 610    5621    0.002227570
 610     602    0.001847592
 610     603    0.002083653
 610     604    0.000785452
 610     610    2.023500000
 610     611    0.007406345
 610     612    0.011944920
 610     613    0.000424105
 611    5620    0.004982811
 611    5621    0.000854308
 611     602    0.000205886
 611     603    0.000135252
 611     604    0.000767268
 611     610    0.007406345
 611     611    2.058500000
 611     612    0.022767624
 611     613    0.000422789
 612    5620    0.028970661
 612    5621    0.008868452
 612     602    0.002828767
 612     603    0.000342585
 612     604    0.000794888
 612     610    0.011944920
 612     611    0.022767624
 612     612    1.883800000
 612     613    0.000233434
 613    5620    0.004690005
 613    5621    0.008214686
 613     602    0.000414921
 613     603    0.004263614
 613     604    0.001291752
 613     610    0.000424105
 613     611    0.000422789
 613     612    0.000233434
 613     613    2.015200000
