5620    5620     2.482600002
5620    5621     0.005414241
5620     602    -0.001065583
5620     603     0.005786282
5620     604     0.000432038
5620     610     0.000370069
5620     611    -0.003522472
5620     612    -0.005566250
5620     613     0.007099652
5621    5620     0.005414241
5621    5621     2.323099995
5621     602    -0.001309002
5621     603     0.015912298
5621     604    -0.036410799
5621     610     0.002850652
5621     611    -0.000059420
5621     612     0.006986315
5621     613     0.008097724
 602    5620    -0.001065583
 602    5621    -0.001309002
 602     602     2.044900000
 602     603     0.003954553
 602     604     0.001591270
 602     610     0.001979565
 602     611    -0.000151951
 602     612    -0.002502481
 602     613     0.000577060
 603    5620     0.005786282
 603    5621     0.015912298
 603     602     0.003954553
 603     603     2.001900000
 603     604     0.000668646
 603     610     0.002237733
 603     611     0.000237052
 603     612     0.000533636
 603     613    -0.003942969
 604    5620     0.000432038
 604    5621    -0.036410799
 604     602     0.001591270
 604     603     0.000668646
 604     604     1.998700000
 604     610    -0.001875695
 604     611     0.000555322
 604     612    -0.000746713
 604     613    -0.001025460
 610    5620     0.000370069
 610    5621     0.002850652
 610     602     0.001979565
 610     603     0.002237733
 610     604    -0.001875695
 610     610     2.031400000
 610     611    -0.007199771
 610     612    -0.002805575
 610     613     0.000522899
 611    5620    -0.003522472
 611    5621    -0.000059420
 611     602    -0.000151951
 611     603     0.000237052
 611     604     0.000555322
 611     610    -0.007199771
 611     611     2.053000000
 611     612    -0.022205628
 611     613    -0.000519567
 612    5620    -0.005566250
 612    5621     0.006986315
 612     602    -0.002502481
 612     603     0.000533636
 612     604    -0.000746713
 612     610    -0.002805575
 612     611    -0.022205628
 612     612     2.053800000
 612     613    -0.000262569
 613    5620     0.007099652
 613    5621     0.008097724
 613     602     0.000577060
 613     603    -0.003942969
 613     604    -0.001025460
 613     610     0.000522899
 613     611    -0.000519567
 613     612    -0.000262569
 613     613     1.951600000
