5620    5620     2.413100002
5620    5621    -0.005350955
5620     602    -0.002079580
5620     603    -0.004942034
5620     604     0.000995128
5620     610    -0.002214047
5620     611    -0.001122350
5620     612    -0.012520976
5620     613     0.002754582
5621    5620    -0.005350955
5621    5621     2.223699995
5621     602    -0.002882210
5621     603     0.016925189
5621     604    -0.024979968
5621     610    -0.002243495
5621     611     0.000339240
5621     612    -0.007539790
5621     613    -0.007600971
 602    5620    -0.002079580
 602    5621    -0.002882210
 602     602     2.030800000
 602     603     0.005868670
 602     604     0.001376918
 602     610     0.002834766
 602     611     0.000830367
 602     612     0.002860124
 602     613     0.000500609
 603    5620    -0.004942034
 603    5621     0.016925189
 603     602     0.005868670
 603     603     2.109900000
 603     604     0.000228205
 603     610    -0.002313005
 603     611     0.000439631
 603     612     0.000041157
 603     613     0.003777811
 604    5620     0.000995128
 604    5621    -0.024979968
 604     602     0.001376918
 604     603     0.000228205
 604     604     2.051400000
 604     610    -0.001501758
 604     611     0.000421025
 604     612     0.000307293
 604     613    -0.001014646
 610    5620    -0.002214047
 610    5621    -0.002243495
 610     602     0.002834766
 610     603    -0.002313005
 610     604    -0.001501758
 610     610     1.979500000
 610     611     0.007421221
 610     612    -0.009800346
 610     613     0.000364681
 611    5620    -0.001122350
 611    5621     0.000339240
 611     602     0.000830367
 611     603     0.000439631
 611     604     0.000421025
 611     610     0.007421221
 611     611     2.087600000
 611     612     0.016995267
 611     613     0.000712104
 612    5620    -0.012520976
 612    5621    -0.007539790
 612     602     0.002860124
 612     603     0.000041157
 612     604     0.000307293
 612     610    -0.009800346
 612     611     0.016995267
 612     612     2.010700000
 612     613     0.000053105
 613    5620     0.002754582
 613    5621    -0.007600971
 613     602     0.000500609
 613     603     0.003777811
 613     604    -0.001014646
 613     610     0.000364681
 613     611     0.000712104
 613     612     0.000053105
 613     613     2.061500000
