5620    5620    2.206100002
5620    5621    0.005676213
5620     602    0.002566661
5620     603    0.006144387
5620     604    0.000400047
5620     610    0.005047280
5620     611    0.000089320
5620     612    0.006266319
5620     613    0.004197390
5621    5620    0.005676213
5621    5621    2.222299995
5621     602    0.002245106
5621     603    0.021797181
5621     604    0.031470528
5621     610    0.000138622
5621     611    0.000097819
5621     612    0.007203953
5621     613    0.009173448
 602    5620    0.002566661
 602    5621    0.002245106
 602     602    1.990900000
 602     603    0.008184418
 602     604    0.001554677
 602     610    0.002042833
 602     611    0.000877490
 602     612    0.002467047
 602     613    0.000321408
 603    5620    0.006144387
 603    5621    0.021797181
 603     602    0.008184418
 603     603    2.019100000
 603     604    0.000757919
 603     610    0.002106146
 603     611    0.000561028
 603     612    0.000088145
 603     613    0.004352653
 604    5620    0.000400047
 604    5621    0.031470528
 604     602    0.001554677
 604     603    0.000757919
 604     604    2.107600000
 604     610    0.000542942
 604     611    0.000588548
 604     612    0.000233940
 604     613    0.001205772
 610    5620    0.005047280
 610    5621    0.000138622
 610     602    0.002042833
 610     603    0.002106146
 610     604    0.000542942
 610     610    1.991300000
 610     611    0.005692591
 610     612    0.004568494
 610     613    0.000430791
 611    5620    0.000089320
 611    5621    0.000097819
 611     602    0.000877490
 611     603    0.000561028
 611     604    0.000588548
 611     610    0.005692591
 611     611    2.036400000
 611     612    0.014354000
 611     613    0.000850308
 612    5620    0.006266319
 612    5621    0.007203953
 612     602    0.002467047
 612     603    0.000088145
 612     604    0.000233940
 612     610    0.004568494
 612     611    0.014354000
 612     612    2.072700000
 612     613    0.000066814
 613    5620    0.004197390
 613    5621    0.009173448
 613     602    0.000321408
 613     603    0.004352653
 613     604    0.001205772
 613     610    0.000430791
 613     611    0.000850308
 613     612    0.000066814
 613     613    2.022500000
