5620    5620    2.330100002
5620    5621    0.007251150
5620     602    0.000748327
5620     603    0.005852304
5620     604    0.003240425
5620     610    0.001450876
5620     611    0.000672300
5620     612    0.000450312
5620     613    0.004052910
5621    5620    0.007251150
5621    5621    2.201699995
5621     602    0.001292668
5621     603    0.025203783
5621     604    0.028849866
5621     610    0.002056536
5621     611    0.000120139
5621     612    0.007287712
5621     613    0.009463363
 602    5620    0.000748327
 602    5621    0.001292668
 602     602    2.083800000
 602     603    0.008336084
 602     604    0.001487936
 602     610    0.001425765
 602     611    0.000264908
 602     612    0.002568684
 602     613    0.001060141
 603    5620    0.005852304
 603    5621    0.025203783
 603     602    0.008336084
 603     603    2.028300000
 603     604    0.000802251
 603     610    0.002091280
 603     611    0.000439647
 603     612    0.000083537
 603     613    0.004174789
 604    5620    0.003240425
 604    5621    0.028849866
 604     602    0.001487936
 604     603    0.000802251
 604     604    2.130300000
 604     610    0.000987856
 604     611    0.000562868
 604     612    0.000209744
 604     613    0.001065286
 610    5620    0.001450876
 610    5621    0.002056536
 610     602    0.001425765
 610     603    0.002091280
 610     604    0.000987856
 610     610    2.115100000
 610     611    0.006835609
 610     612    0.007979088
 610     613    0.000478814
 611    5620    0.000672300
 611    5621    0.000120139
 611     602    0.000264908
 611     603    0.000439647
 611     604    0.000562868
 611     610    0.006835609
 611     611    2.072800000
 611     612    0.020142489
 611     613    0.000775096
 612    5620    0.000450312
 612    5621    0.007287712
 612     602    0.002568684
 612     603    0.000083537
 612     604    0.000209744
 612     610    0.007979088
 612     611    0.020142489
 612     612    2.004900000
 612     613    0.000111509
 613    5620    0.004052910
 613    5621    0.009463363
 613     602    0.001060141
 613     603    0.004174789
 613     604    0.001065286
 613     610    0.000478814
 613     611    0.000775096
 613     612    0.000111509
 613     613    2.072100000
