5620    5620    2.255300002
5620    5621    0.005290391
5620     602    0.000378224
5620     603    0.005764483
5620     604    0.001360621
5620     610    0.003177168
5620     611    0.001493609
5620     612    0.008493048
5620     613    0.007605310
5621    5620    0.005290391
5621    5621    2.158699995
5621     602    0.000209045
5621     603    0.018934236
5621     604    0.034937036
5621     610    0.003404607
5621     611    0.000380990
5621     612    0.006825603
5621     613    0.007143106
 602    5620    0.000378224
 602    5621    0.000209045
 602     602    2.083000000
 602     603    0.010643538
 602     604    0.001900989
 602     610    0.002218122
 602     611    0.000239012
 602     612    0.002591484
 602     613    0.001035612
 603    5620    0.005764483
 603    5621    0.018934236
 603     602    0.010643538
 603     603    2.064200000
 603     604    0.000033563
 603     610    0.002232015
 603     611    0.000563441
 603     612    0.000352463
 603     613    0.003342849
 604    5620    0.001360621
 604    5621    0.034937036
 604     602    0.001900989
 604     603    0.000033563
 604     604    2.057100000
 604     610    0.001799250
 604     611    0.000722518
 604     612    0.000218422
 604     613    0.001109351
 610    5620    0.003177168
 610    5621    0.003404607
 610     602    0.002218122
 610     603    0.002232015
 610     604    0.001799250
 610     610    1.996500000
 610     611    0.006232744
 610     612    0.004567105
 610     613    0.000382965
 611    5620    0.001493609
 611    5621    0.000380990
 611     602    0.000239012
 611     603    0.000563441
 611     604    0.000722518
 611     610    0.006232744
 611     611    1.968200000
 611     612    0.018698757
 611     613    0.000842147
 612    5620    0.008493048
 612    5621    0.006825603
 612     602    0.002591484
 612     603    0.000352463
 612     604    0.000218422
 612     610    0.004567105
 612     611    0.018698757
 612     612    2.043800000
 612     613    0.000443783
 613    5620    0.007605310
 613    5621    0.007143106
 613     602    0.001035612
 613     603    0.003342849
 613     604    0.001109351
 613     610    0.000382965
 613     611    0.000842147
 613     612    0.000443783
 613     613    1.954900000
