5620    5620    2.261200002
5620    5621    0.006452263
5620     602    0.002274054
5620     603    0.006426555
5620     604    0.001004908
5620     610    0.002781924
5620     611    0.000172501
5620     612    0.014182704
5620     613    0.006818122
5621    5620    0.006452263
5621    5621    2.460999995
5621     602    0.004211722
5621     603    0.023759486
5621     604    0.030913657
5621     610    0.003164889
5621     611    0.000633431
5621     612    0.005812453
5621     613    0.009026896
 602    5620    0.002274054
 602    5621    0.004211722
 602     602    1.999600000
 602     603    0.007571419
 602     604    0.001599279
 602     610    0.002567338
 602     611    0.000782318
 602     612    0.002608196
 602     613    0.000251800
 603    5620    0.006426555
 603    5621    0.023759486
 603     602    0.007571419
 603     603    1.993600000
 603     604    0.000851079
 603     610    0.002587953
 603     611    0.000520974
 603     612    0.000202727
 603     613    0.004156548
 604    5620    0.001004908
 604    5621    0.030913657
 604     602    0.001599279
 604     603    0.000851079
 604     604    2.038300000
 604     610    0.001832851
 604     611    0.000462887
 604     612    0.000941856
 604     613    0.000886234
 610    5620    0.002781924
 610    5621    0.003164889
 610     602    0.002567338
 610     603    0.002587953
 610     604    0.001832851
 610     610    2.096400000
 610     611    0.006157526
 610     612    0.007247011
 610     613    0.000450570
 611    5620    0.000172501
 611    5621    0.000633431
 611     602    0.000782318
 611     603    0.000520974
 611     604    0.000462887
 611     610    0.006157526
 611     611    1.986400000
 611     612    0.018366791
 611     613    0.000969236
 612    5620    0.014182704
 612    5621    0.005812453
 612     602    0.002608196
 612     603    0.000202727
 612     604    0.000941856
 612     610    0.007247011
 612     611    0.018366791
 612     612    2.058900000
 612     613    0.000001460
 613    5620    0.006818122
 613    5621    0.009026896
 613     602    0.000251800
 613     603    0.004156548
 613     604    0.000886234
 613     610    0.000450570
 613     611    0.000969236
 613     612    0.000001460
 613     613    1.996800000
