5620    5620     2.185100002
5620    5621     0.006755289
5620     602     0.000699112
5620     603     0.006467474
5620     604    -0.002806570
5620     610     0.001232129
5620     611    -0.002894590
5620     612     0.014336449
5620     613     0.006702564
5621    5620     0.006755289
5621    5621     2.172199995
5621     602    -0.000740191
5621     603     0.032398391
5621     604     0.033418762
5621     610    -0.002327705
5621     611     0.000205585
5621     612    -0.007366557
5621     613     0.009135556
 602    5620     0.000699112
 602    5621    -0.000740191
 602     602     2.027000000
 602     603     0.012853608
 602     604    -0.001829242
 602     610    -0.001359551
 602     611    -0.000394668
 602     612     0.002427785
 602     613    -0.001135513
 603    5620     0.006467474
 603    5621     0.032398391
 603     602     0.012853608
 603     603     1.988800000
 603     604     0.001137832
 603     610    -0.002272972
 603     611     0.000376041
 603     612    -0.000253992
 603     613     0.004822637
 604    5620    -0.002806570
 604    5621     0.033418762
 604     602    -0.001829242
 604     603     0.001137832
 604     604     2.038200000
 604     610    -0.001588127
 604     611     0.000338838
 604     612    -0.001234598
 604     613     0.001051620
 610    5620     0.001232129
 610    5621    -0.002327705
 610     602    -0.001359551
 610     603    -0.002272972
 610     604    -0.001588127
 610     610     2.059700000
 610     611     0.006770669
 610     612     0.007788896
 610     613    -0.000526082
 611    5620    -0.002894590
 611    5621     0.000205585
 611     602    -0.000394668
 611     603     0.000376041
 611     604     0.000338838
 611     610     0.006770669
 611     611     2.026800000
 611     612    -0.018107239
 611     613     0.000638913
 612    5620     0.014336449
 612    5621    -0.007366557
 612     602     0.002427785
 612     603    -0.000253992
 612     604    -0.001234598
 612     610     0.007788896
 612     611    -0.018107239
 612     612     2.006300000
 612     613    -0.000022944
 613    5620     0.006702564
 613    5621     0.009135556
 613     602    -0.001135513
 613     603     0.004822637
 613     604     0.001051620
 613     610    -0.000526082
 613     611     0.000638913
 613     612    -0.000022944
 613     613     1.894100000
