5620    5620     2.524200002
5620    5621     0.006408976
5620     602    -0.001182074
5620     603    -0.004987874
5620     604     0.000923845
5620     610    -0.000885206
5620     611    -0.002065515
5620     612    -0.010413424
5620     613     0.005288656
5621    5620     0.006408976
5621    5621     2.273299995
5621     602    -0.003003807
5621     603    -0.024268322
5621     604     0.030937982
5621     610     0.002171255
5621     611    -0.000176874
5621     612    -0.007427446
5621     613    -0.006681061
 602    5620    -0.001182074
 602    5621    -0.003003807
 602     602     2.023000000
 602     603    -0.013205952
 602     604    -0.001657041
 602     610     0.002150780
 602     611    -0.000482177
 602     612    -0.002809475
 602     613    -0.000698827
 603    5620    -0.004987874
 603    5621    -0.024268322
 603     602    -0.013205952
 603     603     2.047000000
 603     604     0.001518710
 603     610    -0.002107253
 603     611    -0.000314113
 603     612    -0.000400326
 603     613     0.003272379
 604    5620     0.000923845
 604    5621     0.030937982
 604     602    -0.001657041
 604     603     0.001518710
 604     604     2.049300000
 604     610    -0.001384126
 604     611     0.000453426
 604     612     0.000553903
 604     613    -0.000928533
 610    5620    -0.000885206
 610    5621     0.002171255
 610     602     0.002150780
 610     603    -0.002107253
 610     604    -0.001384126
 610     610     1.989500000
 610     611     0.006198424
 610     612     0.005875698
 610     613     0.000390532
 611    5620    -0.002065515
 611    5621    -0.000176874
 611     602    -0.000482177
 611     603    -0.000314113
 611     604     0.000453426
 611     610     0.006198424
 611     611     2.067300000
 611     612    -0.017371408
 611     613    -0.000678852
 612    5620    -0.010413424
 612    5621    -0.007427446
 612     602    -0.002809475
 612     603    -0.000400326
 612     604     0.000553903
 612     610     0.005875698
 612     611    -0.017371408
 612     612     2.000900000
 612     613     0.000046892
 613    5620     0.005288656
 613    5621    -0.006681061
 613     602    -0.000698827
 613     603     0.003272379
 613     604    -0.000928533
 613     610     0.000390532
 613     611    -0.000678852
 613     612     0.000046892
 613     613     2.131000000
