5620    5620     2.571900002
5620    5621     0.004573861
5620     602    -0.000896571
5620     603    -0.005620579
5620     604     0.000604422
5620     610     0.003702736
5620     611     0.004138951
5620     612    -0.015079871
5620     613    -0.009571868
5621    5620     0.004573861
5621    5621     2.224999995
5621     602     0.000638025
5621     603    -0.026069324
5621     604    -0.032275354
5621     610     0.003229077
5621     611    -0.000228270
5621     612     0.007560548
5621     613     0.008428137
 602    5620    -0.000896571
 602    5621     0.000638025
 602     602     2.050800000
 602     603    -0.007580491
 602     604    -0.001361571
 602     610    -0.002204920
 602     611    -0.000459894
 602     612     0.002453411
 602     613     0.000388380
 603    5620    -0.005620579
 603    5621    -0.026069324
 603     602    -0.007580491
 603     603     1.980700000
 603     604     0.000652498
 603     610     0.002427637
 603     611     0.000396732
 603     612    -0.000046353
 603     613     0.004903334
 604    5620     0.000604422
 604    5621    -0.032275354
 604     602    -0.001361571
 604     603     0.000652498
 604     604     2.035400000
 604     610     0.001424948
 604     611     0.000614186
 604     612     0.000214039
 604     613     0.001042246
 610    5620     0.003702736
 610    5621     0.003229077
 610     602    -0.002204920
 610     603     0.002427637
 610     604     0.001424948
 610     610     2.013200000
 610     611    -0.007075209
 610     612     0.002460574
 610     613     0.000686016
 611    5620     0.004138951
 611    5621    -0.000228270
 611     602    -0.000459894
 611     603     0.000396732
 611     604     0.000614186
 611     610    -0.007075209
 611     611     1.977400000
 611     612    -0.019492537
 611     613     0.000819947
 612    5620    -0.015079871
 612    5621     0.007560548
 612     602     0.002453411
 612     603    -0.000046353
 612     604     0.000214039
 612     610     0.002460574
 612     611    -0.019492537
 612     612     2.091900000
 612     613    -0.000290307
 613    5620    -0.009571868
 613    5621     0.008428137
 613     602     0.000388380
 613     603     0.004903334
 613     604     0.001042246
 613     610     0.000686016
 613     611     0.000819947
 613     612    -0.000290307
 613     613     1.917500000
