5620    5620    2.473500002
5620    5621    0.004151717
5620     602    0.001210964
5620     603    0.005623443
5620     604    0.001696404
5620     610    0.004802875
5620     611    0.003247634
5620     612    0.000447497
5620     613    0.006548265
5621    5620    0.004151717
5621    5621    2.278799995
5621     602    0.000069749
5621     603    0.025047549
5621     604    0.027378314
5621     610    0.000076859
5621     611    0.000421042
5621     612    0.007628937
5621     613    0.007140527
 602    5620    0.001210964
 602    5621    0.000069749
 602     602    2.067100000
 602     603    0.009637243
 602     604    0.001400285
 602     610    0.001551763
 602     611    0.000805137
 602     612    0.002765943
 602     613    0.000546490
 603    5620    0.005623443
 603    5621    0.025047549
 603     602    0.009637243
 603     603    2.023800000
 603     604    0.000923504
 603     610    0.001919302
 603     611    0.000355045
 603     612    0.000446891
 603     613    0.003861173
 604    5620    0.001696404
 604    5621    0.027378314
 604     602    0.001400285
 604     603    0.000923504
 604     604    2.064100000
 604     610    0.000359797
 604     611    0.000591646
 604     612    0.000104165
 604     613    0.000977781
 610    5620    0.004802875
 610    5621    0.000076859
 610     602    0.001551763
 610     603    0.001919302
 610     604    0.000359797
 610     610    2.092200000
 610     611    0.007242233
 610     612    0.001278597
 610     613    0.000628036
 611    5620    0.003247634
 611    5621    0.000421042
 611     602    0.000805137
 611     603    0.000355045
 611     604    0.000591646
 611     610    0.007242233
 611     611    2.043500000
 611     612    0.023915753
 611     613    0.000729413
 612    5620    0.000447497
 612    5621    0.007628937
 612     602    0.002765943
 612     603    0.000446891
 612     604    0.000104165
 612     610    0.001278597
 612     611    0.023915753
 612     612    2.026500000
 612     613    0.000673635
 613    5620    0.006548265
 613    5621    0.007140527
 613     602    0.000546490
 613     603    0.003861173
 613     604    0.000977781
 613     610    0.000628036
 613     611    0.000729413
 613     612    0.000673635
 613     613    2.039300000
