5620    5620    2.306200002
5620    5621    0.003299154
5620     602    0.001802475
5620     603    0.006571668
5620     604    0.002161394
5620     610    0.002687892
5620     611    0.004318813
5620     612    0.017821016
5620     613    0.004380883
5621    5620    0.003299154
5621    5621    2.488699995
5621     602    0.003761730
5621     603    0.013039163
5621     604    0.027142167
5621     610    0.001348423
5621     611    0.000936395
5621     612    0.006126147
5621     613    0.007087769
 602    5620    0.001802475
 602    5621    0.003761730
 602     602    2.109700000
 602     603    0.006245131
 602     604    0.001425528
 602     610    0.002171557
 602     611    0.000223786
 602     612    0.002446604
 602     613    0.000705300
 603    5620    0.006571668
 603    5621    0.013039163
 603     602    0.006245131
 603     603    2.087000000
 603     604    0.000031796
 603     610    0.002309600
 603     611    0.000080571
 603     612    0.000235456
 603     613    0.004859294
 604    5620    0.002161394
 604    5621    0.027142167
 604     602    0.001425528
 604     603    0.000031796
 604     604    2.122300000
 604     610    0.001182078
 604     611    0.000364238
 604     612    0.000433918
 604     613    0.001211841
 610    5620    0.002687892
 610    5621    0.001348423
 610     602    0.002171557
 610     603    0.002309600
 610     604    0.001182078
 610     610    2.011700000
 610     611    0.006904879
 610     612    0.010585681
 610     613    0.000357312
 611    5620    0.004318813
 611    5621    0.000936395
 611     602    0.000223786
 611     603    0.000080571
 611     604    0.000364238
 611     610    0.006904879
 611     611    2.046000000
 611     612    0.015127314
 611     613    0.000465641
 612    5620    0.017821016
 612    5621    0.006126147
 612     602    0.002446604
 612     603    0.000235456
 612     604    0.000433918
 612     610    0.010585681
 612     611    0.015127314
 612     612    2.069300000
 612     613    0.000155509
 613    5620    0.004380883
 613    5621    0.007087769
 613     602    0.000705300
 613     603    0.004859294
 613     604    0.001211841
 613     610    0.000357312
 613     611    0.000465641
 613     612    0.000155509
 613     613    2.039200000
