5620    5620     2.238900002
5620    5621     0.005444618
5620     602    -0.000066241
5620     603    -0.005128467
5620     604     0.001654253
5620     610     0.013893471
5620     611     0.001769557
5620     612    -0.020305934
5620     613     0.003013550
5621    5620     0.005444618
5621    5621     2.251499995
5621     602     0.006787692
5621     603     0.026560009
5621     604    -0.030264272
5621     610    -0.001641424
5621     611     0.000273039
5621     612    -0.008235692
5621     613    -0.009171301
 602    5620    -0.000066241
 602    5621     0.006787692
 602     602     2.154800000
 602     603     0.009112473
 602     604    -0.001598854
 602     610     0.000038353
 602     611     0.000409234
 602     612    -0.002231933
 602     613    -0.001568466
 603    5620    -0.005128467
 603    5621     0.026560009
 603     602     0.009112473
 603     603     2.101800000
 603     604     0.001048049
 603     610     0.001415738
 603     611    -0.000453926
 603     612    -0.000290607
 603     613     0.004041509
 604    5620     0.001654253
 604    5621    -0.030264272
 604     602    -0.001598854
 604     603     0.001048049
 604     604     2.018800000
 604     610     0.000645814
 604     611    -0.000697090
 604     612    -0.000181926
 604     613    -0.001275870
 610    5620     0.013893471
 610    5621    -0.001641424
 610     602     0.000038353
 610     603     0.001415738
 610     604     0.000645814
 610     610     2.026000000
 610     611    -0.005942599
 610     612    -0.004414222
 610     613    -0.000599700
 611    5620     0.001769557
 611    5621     0.000273039
 611     602     0.000409234
 611     603    -0.000453926
 611     604    -0.000697090
 611     610    -0.005942599
 611     611     2.005300000
 611     612    -0.019054543
 611     613    -0.000939586
 612    5620    -0.020305934
 612    5621    -0.008235692
 612     602    -0.002231933
 612     603    -0.000290607
 612     604    -0.000181926
 612     610    -0.004414222
 612     611    -0.019054543
 612     612     1.998600000
 612     613     0.000168122
 613    5620     0.003013550
 613    5621    -0.009171301
 613     602    -0.001568466
 613     603     0.004041509
 613     604    -0.001275870
 613     610    -0.000599700
 613     611    -0.000939586
 613     612     0.000168122
 613     613     2.004200000
