5620    5620    2.382700002
5620    5621    0.003154517
5620     602    0.000872391
5620     603    0.005707851
5620     604    0.002403815
5620     610    0.002824265
5620     611    0.001102319
5620     612    0.007916927
5620     613    0.006900041
5621    5620    0.003154517
5621    5621    2.375199995
5621     602    0.001446730
5621     603    0.023169583
5621     604    0.028901520
5621     610    0.000576881
5621     611    0.000420863
5621     612    0.006963792
5621     613    0.007615988
 602    5620    0.000872391
 602    5621    0.001446730
 602     602    1.984200000
 602     603    0.011336131
 602     604    0.001480712
 602     610    0.001722116
 602     611    0.000277761
 602     612    0.002464821
 602     613    0.000842189
 603    5620    0.005707851
 603    5621    0.023169583
 603     602    0.011336131
 603     603    2.059200000
 603     604    0.000978183
 603     610    0.001930532
 603     611    0.000205622
 603     612    0.000189217
 603     613    0.003889297
 604    5620    0.002403815
 604    5621    0.028901520
 604     602    0.001480712
 604     603    0.000978183
 604     604    2.075800000
 604     610    0.001000691
 604     611    0.000238510
 604     612    0.000951557
 604     613    0.000889522
 610    5620    0.002824265
 610    5621    0.000576881
 610     602    0.001722116
 610     603    0.001930532
 610     604    0.001000691
 610     610    1.992800000
 610     611    0.007255136
 610     612    0.007521830
 610     613    0.000581215
 611    5620    0.001102319
 611    5621    0.000420863
 611     602    0.000277761
 611     603    0.000205622
 611     604    0.000238510
 611     610    0.007255136
 611     611    2.056800000
 611     612    0.019990666
 611     613    0.000636593
 612    5620    0.007916927
 612    5621    0.006963792
 612     602    0.002464821
 612     603    0.000189217
 612     604    0.000951557
 612     610    0.007521830
 612     611    0.019990666
 612     612    2.061600000
 612     613    0.000106701
 613    5620    0.006900041
 613    5621    0.007615988
 613     602    0.000842189
 613     603    0.003889297
 613     604    0.000889522
 613     610    0.000581215
 613     611    0.000636593
 613     612    0.000106701
 613     613    2.027900000
