5620    5620     2.239600002
5620    5621     0.009136968
5620     602     0.000877961
5620     603     0.006685233
5620     604     0.001223051
5620     610    -0.006523320
5620     611    -0.004335882
5620     612     0.020700557
5620     613    -0.005774201
5621    5620     0.009136968
5621    5621     2.393799995
5621     602     0.001943577
5621     603    -0.027964755
5621     604     0.023044783
5621     610     0.003049940
5621     611    -0.000310526
5621     612    -0.007052732
5621     613    -0.009405405
 602    5620     0.000877961
 602    5621     0.001943577
 602     602     2.060600000
 602     603     0.008480757
 602     604    -0.001197982
 602     610     0.002004651
 602     611    -0.000331685
 602     612     0.002663967
 602     613     0.001118645
 603    5620     0.006685233
 603    5621    -0.027964755
 603     602     0.008480757
 603     603     1.980400000
 603     604    -0.001016240
 603     610     0.002611906
 603     611     0.000345691
 603     612    -0.000181306
 603     613    -0.005190474
 604    5620     0.001223051
 604    5621     0.023044783
 604     602    -0.001197982
 604     603    -0.001016240
 604     604     2.078300000
 604     610    -0.001263009
 604     611     0.000422444
 604     612    -0.000212055
 604     613    -0.000890200
 610    5620    -0.006523320
 610    5621     0.003049940
 610     602     0.002004651
 610     603     0.002611906
 610     604    -0.001263009
 610     610     2.003800000
 610     611    -0.007596946
 610     612     0.007238031
 610     613    -0.000587661
 611    5620    -0.004335882
 611    5621    -0.000310526
 611     602    -0.000331685
 611     603     0.000345691
 611     604     0.000422444
 611     610    -0.007596946
 611     611     2.076900000
 611     612     0.021314561
 611     613     0.000701797
 612    5620     0.020700557
 612    5621    -0.007052732
 612     602     0.002663967
 612     603    -0.000181306
 612     604    -0.000212055
 612     610     0.007238031
 612     611     0.021314561
 612     612     2.136800000
 612     613    -0.000013656
 613    5620    -0.005774201
 613    5621    -0.009405405
 613     602     0.001118645
 613     603    -0.005190474
 613     604    -0.000890200
 613     610    -0.000587661
 613     611     0.000701797
 613     612    -0.000013656
 613     613     2.022500000
