5620    5620    2.271300002
5620    5621    0.007277269
5620     602    0.002133597
5620     603    0.005573667
5620     604    0.003632258
5620     610    0.004775483
5620     611    0.003470061
5620     612    0.015043538
5620     613    0.004425317
5621    5620    0.007277269
5621    5621    2.231399995
5621     602    0.009582599
5621     603    0.016631063
5621     604    0.025629829
5621     610    0.000658691
5621     611    0.000876848
5621     612    0.007613172
5621     613    0.010218194
 602    5620    0.002133597
 602    5621    0.009582599
 602     602    2.042800000
 602     603    0.011012337
 602     604    0.001600239
 602     610    0.001945083
 602     611    0.000553105
 602     612    0.002940514
 602     613    0.000300175
 603    5620    0.005573667
 603    5621    0.016631063
 603     602    0.011012337
 603     603    2.072500000
 603     604    0.000324532
 603     610    0.002201927
 603     611    0.000404446
 603     612    0.000189890
 603     613    0.005168143
 604    5620    0.003632258
 604    5621    0.025629829
 604     602    0.001600239
 604     603    0.000324532
 604     604    2.056500000
 604     610    0.000402586
 604     611    0.000617048
 604     612    0.000531649
 604     613    0.001200661
 610    5620    0.004775483
 610    5621    0.000658691
 610     602    0.001945083
 610     603    0.002201927
 610     604    0.000402586
 610     610    2.012700000
 610     611    0.006999986
 610     612    0.009651627
 610     613    0.000610991
 611    5620    0.003470061
 611    5621    0.000876848
 611     602    0.000553105
 611     603    0.000404446
 611     604    0.000617048
 611     610    0.006999986
 611     611    2.012600000
 611     612    0.020850046
 611     613    0.000749211
 612    5620    0.015043538
 612    5621    0.007613172
 612     602    0.002940514
 612     603    0.000189890
 612     604    0.000531649
 612     610    0.009651627
 612     611    0.020850046
 612     612    2.053700000
 612     613    0.000143534
 613    5620    0.004425317
 613    5621    0.010218194
 613     602    0.000300175
 613     603    0.005168143
 613     604    0.001200661
 613     610    0.000610991
 613     611    0.000749211
 613     612    0.000143534
 613     613    1.921900000
