5620    5620     2.299200002
5620    5621    -0.007516081
5620     602    -0.001082476
5620     603    -0.006775055
5620     604    -0.004144354
5620     610    -0.006019801
5620     611    -0.002148566
5620     612     0.025144744
5620     613     0.008678100
5621    5620    -0.007516081
5621    5621     2.399999995
5621     602     0.001487479
5621     603     0.023682026
5621     604     0.035124714
5621     610     0.000064908
5621     611    -0.000132688
5621     612    -0.007056918
5621     613    -0.008282369
 602    5620    -0.001082476
 602    5621     0.001487479
 602     602     2.108300000
 602     603     0.005128599
 602     604    -0.001502650
 602     610     0.001198738
 602     611     0.000482217
 602     612    -0.002537035
 602     613     0.000553219
 603    5620    -0.006775055
 603    5621     0.023682026
 603     602     0.005128599
 603     603     2.028700000
 603     604    -0.000587647
 603     610     0.002093174
 603     611    -0.000487049
 603     612    -0.000455643
 603     613    -0.004650154
 604    5620    -0.004144354
 604    5621     0.035124714
 604     602    -0.001502650
 604     603    -0.000587647
 604     604     2.032200000
 604     610     0.000654489
 604     611     0.000302247
 604     612    -0.001741281
 604     613     0.000977241
 610    5620    -0.006019801
 610    5621     0.000064908
 610     602     0.001198738
 610     603     0.002093174
 610     604     0.000654489
 610     610     2.023300000
 610     611    -0.006367289
 610     612     0.011067784
 610     613     0.000721241
 611    5620    -0.002148566
 611    5621    -0.000132688
 611     602     0.000482217
 611     603    -0.000487049
 611     604     0.000302247
 611     610    -0.006367289
 611     611     2.055400000
 611     612     0.016544196
 611     613     0.000843248
 612    5620     0.025144744
 612    5621    -0.007056918
 612     602    -0.002537035
 612     603    -0.000455643
 612     604    -0.001741281
 612     610     0.011067784
 612     611     0.016544196
 612     612     1.993400000
 612     613    -0.000344028
 613    5620     0.008678100
 613    5621    -0.008282369
 613     602     0.000553219
 613     603    -0.004650154
 613     604     0.000977241
 613     610     0.000721241
 613     611     0.000843248
 613     612    -0.000344028
 613     613     1.985700000
