5620    5620    2.305300002
5620    5621    0.006874767
5620     602    0.000479376
5620     603    0.006331226
5620     604    0.000544731
5620     610    0.002389930
5620     611    0.001736094
5620     612    0.017810816
5620     613    0.007133341
5621    5620    0.006874767
5621    5621    2.244999995
5621     602    0.003463811
5621     603    0.024155278
5621     604    0.035173916
5621     610    0.003394144
5621     611    0.000254777
5621     612    0.006760019
5621     613    0.010289046
 602    5620    0.000479376
 602    5621    0.003463811
 602     602    2.060200000
 602     603    0.009586434
 602     604    0.001853894
 602     610    0.001694382
 602     611    0.000147130
 602     612    0.002686887
 602     613    0.001542280
 603    5620    0.006331226
 603    5621    0.024155278
 603     602    0.009586434
 603     603    2.041600000
 603     604    0.000189330
 603     610    0.002087573
 603     611    0.000467303
 603     612    0.000062349
 603     613    0.004190233
 604    5620    0.000544731
 604    5621    0.035173916
 604     602    0.001853894
 604     603    0.000189330
 604     604    2.073400000
 604     610    0.001372280
 604     611    0.000578921
 604     612    0.000179327
 604     613    0.001187420
 610    5620    0.002389930
 610    5621    0.003394144
 610     602    0.001694382
 610     603    0.002087573
 610     604    0.001372280
 610     610    2.009600000
 610     611    0.005886427
 610     612    0.006100612
 610     613    0.000444192
 611    5620    0.001736094
 611    5621    0.000254777
 611     602    0.000147130
 611     603    0.000467303
 611     604    0.000578921
 611     610    0.005886427
 611     611    2.077900000
 611     612    0.018552624
 611     613    0.000797973
 612    5620    0.017810816
 612    5621    0.006760019
 612     602    0.002686887
 612     603    0.000062349
 612     604    0.000179327
 612     610    0.006100612
 612     611    0.018552624
 612     612    2.094100000
 612     613    0.000108687
 613    5620    0.007133341
 613    5621    0.010289046
 613     602    0.001542280
 613     603    0.004190233
 613     604    0.001187420
 613     610    0.000444192
 613     611    0.000797973
 613     612    0.000108687
 613     613    1.962700000
