5620    5620    2.429400002
5620    5621    0.003047188
5620     602    0.001139803
5620     603    0.005355295
5620     604    0.000141890
5620     610    0.006076663
5620     611    0.002164906
5620     612    0.014496553
5620     613    0.008095215
5621    5620    0.003047188
5621    5621    2.413999995
5621     602    0.001681741
5621     603    0.008971527
5621     604    0.026364142
5621     610    0.000250482
5621     611    0.000848791
5621     612    0.006259102
5621     613    0.006619304
 602    5620    0.001139803
 602    5621    0.001681741
 602     602    2.144800000
 602     603    0.004297224
 602     604    0.001323398
 602     610    0.001561426
 602     611    0.000264951
 602     612    0.002478808
 602     613    0.000825477
 603    5620    0.005355295
 603    5621    0.008971527
 603     602    0.004297224
 603     603    2.105400000
 603     604    0.000146247
 603     610    0.001711273
 603     611    0.000329328
 603     612    0.000061985
 603     613    0.004516861
 604    5620    0.000141890
 604    5621    0.026364142
 604     602    0.001323398
 604     603    0.000146247
 604     604    2.150900000
 604     610    0.000475082
 604     611    0.000400912
 604     612    0.000449209
 604     613    0.001028688
 610    5620    0.006076663
 610    5621    0.000250482
 610     602    0.001561426
 610     603    0.001711273
 610     604    0.000475082
 610     610    2.075200000
 610     611    0.005292607
 610     612    0.005130425
 610     613    0.000552174
 611    5620    0.002164906
 611    5621    0.000848791
 611     602    0.000264951
 611     603    0.000329328
 611     604    0.000400912
 611     610    0.005292607
 611     611    2.088300000
 611     612    0.017975833
 611     613    0.000738758
 612    5620    0.014496553
 612    5621    0.006259102
 612     602    0.002478808
 612     603    0.000061985
 612     604    0.000449209
 612     610    0.005130425
 612     611    0.017975833
 612     612    2.086900000
 612     613    0.000083568
 613    5620    0.008095215
 613    5621    0.006619304
 613     602    0.000825477
 613     603    0.004516861
 613     604    0.001028688
 613     610    0.000552174
 613     611    0.000738758
 613     612    0.000083568
 613     613    1.946500000
