5620    5620    2.218000002
5620    5621    0.006011106
5620     602    0.001594296
5620     603    0.006400183
5620     604    0.001180247
5620     610    0.007172423
5620     611    0.000193846
5620     612    0.013455643
5620     613    0.005536090
5621    5620    0.006011106
5621    5621    2.468199995
5621     602    0.002244453
5621     603    0.021673425
5621     604    0.032191719
5621     610    0.000925898
5621     611    0.000045256
5621     612    0.006418034
5621     613    0.007278304
 602    5620    0.001594296
 602    5621    0.002244453
 602     602    2.107100000
 602     603    0.006201519
 602     604    0.001499426
 602     610    0.002049863
 602     611    0.000484613
 602     612    0.002499624
 602     613    0.000461791
 603    5620    0.006400183
 603    5621    0.021673425
 603     602    0.006201519
 603     603    2.044100000
 603     604    0.000479105
 603     610    0.002120718
 603     611    0.000518019
 603     612    0.000055911
 603     613    0.004069223
 604    5620    0.001180247
 604    5621    0.032191719
 604     602    0.001499426
 604     603    0.000479105
 604     604    2.055600000
 604     610    0.000985217
 604     611    0.000420038
 604     612    0.000503226
 604     613    0.001028733
 610    5620    0.007172423
 610    5621    0.000925898
 610     602    0.002049863
 610     603    0.002120718
 610     604    0.000985217
 610     610    2.075500000
 610     611    0.005931685
 610     612    0.005416014
 610     613    0.000403749
 611    5620    0.000193846
 611    5621    0.000045256
 611     602    0.000484613
 611     603    0.000518019
 611     604    0.000420038
 611     610    0.005931685
 611     611    2.020400000
 611     612    0.018412918
 611     613    0.000798071
 612    5620    0.013455643
 612    5621    0.006418034
 612     602    0.002499624
 612     603    0.000055911
 612     604    0.000503226
 612     610    0.005416014
 612     611    0.018412918
 612     612    2.120600000
 612     613    0.000100843
 613    5620    0.005536090
 613    5621    0.007278304
 613     602    0.000461791
 613     603    0.004069223
 613     604    0.001028733
 613     610    0.000403749
 613     611    0.000798071
 613     612    0.000100843
 613     613    2.081100000
