5620    5620    2.374500002
5620    5621    0.005471327
5620     602    0.000811075
5620     603    0.006035540
5620     604    0.000138084
5620     610    0.000486498
5620     611    0.000626422
5620     612    0.000468031
5620     613    0.003949204
5621    5620    0.005471327
5621    5621    2.384199995
5621     602    0.000797989
5621     603    0.025554498
5621     604    0.035059144
5621     610    0.003151803
5621     611    0.000362033
5621     612    0.007701237
5621     613    0.009670853
 602    5620    0.000811075
 602    5621    0.000797989
 602     602    2.068200000
 602     603    0.010025032
 602     604    0.001723613
 602     610    0.002150665
 602     611    0.000164549
 602     612    0.002794115
 602     613    0.001158527
 603    5620    0.006035540
 603    5621    0.025554498
 603     602    0.010025032
 603     603    1.982900000
 603     604    0.000991540
 603     610    0.002298775
 603     611    0.000458645
 603     612    0.000072888
 603     613    0.004773793
 604    5620    0.000138084
 604    5621    0.035059144
 604     602    0.001723613
 604     603    0.000991540
 604     604    1.973800000
 604     610    0.001772518
 604     611    0.000626295
 604     612    0.000296320
 604     613    0.001342587
 610    5620    0.000486498
 610    5621    0.003151803
 610     602    0.002150665
 610     603    0.002298775
 610     604    0.001772518
 610     610    2.000400000
 610     611    0.006805719
 610     612    0.005488666
 610     613    0.000349433
 611    5620    0.000626422
 611    5621    0.000362033
 611     602    0.000164549
 611     603    0.000458645
 611     604    0.000626295
 611     610    0.006805719
 611     611    2.037000000
 611     612    0.019853184
 611     613    0.000744692
 612    5620    0.000468031
 612    5621    0.007701237
 612     602    0.002794115
 612     603    0.000072888
 612     604    0.000296320
 612     610    0.005488666
 612     611    0.019853184
 612     612    2.046400000
 612     613    0.000086249
 613    5620    0.003949204
 613    5621    0.009670853
 613     602    0.001158527
 613     603    0.004773793
 613     604    0.001342587
 613     610    0.000349433
 613     611    0.000744692
 613     612    0.000086249
 613     613    1.954500000
