5620    5620    2.186400002
5620    5621    0.002390036
5620     602    0.000051018
5620     603    0.005579035
5620     604    0.003065393
5620     610    0.001842257
5620     611    0.003552388
5620     612    0.007232786
5620     613    0.004789254
5621    5620    0.002390036
5621    5621    2.498399995
5621     602    0.000600210
5621     603    0.019152324
5621     604    0.032189725
5621     610    0.001401656
5621     611    0.001018402
5621     612    0.007612559
5621     613    0.006976313
 602    5620    0.000051018
 602    5621    0.000600210
 602     602    2.146300000
 602     603    0.008822447
 602     604    0.001502718
 602     610    0.001538696
 602     611    0.000141404
 602     612    0.002372543
 602     613    0.001100489
 603    5620    0.005579035
 603    5621    0.019152324
 603     602    0.008822447
 603     603    2.061600000
 603     604    0.000757734
 603     610    0.002070922
 603     611    0.000207094
 603     612    0.000073076
 603     613    0.003806279
 604    5620    0.003065393
 604    5621    0.032189725
 604     602    0.001502718
 604     603    0.000757734
 604     604    2.016900000
 604     610    0.001012295
 604     611    0.000827360
 604     612    0.000418587
 604     613    0.001384536
 610    5620    0.001842257
 610    5621    0.001401656
 610     602    0.001538696
 610     603    0.002070922
 610     604    0.001012295
 610     610    2.067800000
 610     611    0.007237182
 610     612    0.007309637
 610     613    0.000443502
 611    5620    0.003552388
 611    5621    0.001018402
 611     602    0.000141404
 611     603    0.000207094
 611     604    0.000827360
 611     610    0.007237182
 611     611    1.970500000
 611     612    0.020073118
 611     613    0.000604879
 612    5620    0.007232786
 612    5621    0.007612559
 612     602    0.002372543
 612     603    0.000073076
 612     604    0.000418587
 612     610    0.007309637
 612     611    0.020073118
 612     612    2.076400000
 612     613    0.000127067
 613    5620    0.004789254
 613    5621    0.006976313
 613     602    0.001100489
 613     603    0.003806279
 613     604    0.001384536
 613     610    0.000443502
 613     611    0.000604879
 613     612    0.000127067
 613     613    2.071700000
