5620    5620     2.407700002
5620    5621    -0.005842828
5620     602    -0.002173900
5620     603    -0.006164974
5620     604    -0.001236813
5620     610    -0.001539993
5620     611     0.001942166
5620     612     0.011431202
5620     613    -0.008955498
5621    5620    -0.005842828
5621    5621     2.348299995
5621     602     0.004292924
5621     603     0.019158094
5621     604     0.034027370
5621     610     0.001816285
5621     611     0.000758027
5621     612     0.007209651
5621     613    -0.005837506
 602    5620    -0.002173900
 602    5621     0.004292924
 602     602     1.957000000
 602     603    -0.010101428
 602     604    -0.001887278
 602     610    -0.002505707
 602     611     0.000341951
 602     612    -0.003027436
 602     613    -0.000104587
 603    5620    -0.006164974
 603    5621     0.019158094
 603     602    -0.010101428
 603     603     1.991700000
 603     604     0.001034660
 603     610    -0.002501999
 603     611    -0.000294186
 603     612    -0.000303130
 603     613     0.004143885
 604    5620    -0.001236813
 604    5621     0.034027370
 604     602    -0.001887278
 604     603     0.001034660
 604     604     2.029000000
 604     610    -0.001440205
 604     611     0.000491052
 604     612    -0.000422734
 604     613     0.001068332
 610    5620    -0.001539993
 610    5621     0.001816285
 610     602    -0.002505707
 610     603    -0.002501999
 610     604    -0.001440205
 610     610     2.018400000
 610     611    -0.006694019
 610     612     0.011957865
 610     613    -0.000736844
 611    5620     0.001942166
 611    5621     0.000758027
 611     602     0.000341951
 611     603    -0.000294186
 611     604     0.000491052
 611     610    -0.006694019
 611     611     2.104700000
 611     612     0.016517651
 611     613    -0.000534912
 612    5620     0.011431202
 612    5621     0.007209651
 612     602    -0.003027436
 612     603    -0.000303130
 612     604    -0.000422734
 612     610     0.011957865
 612     611     0.016517651
 612     612     1.984500000
 612     613    -0.000084416
 613    5620    -0.008955498
 613    5621    -0.005837506
 613     602    -0.000104587
 613     603     0.004143885
 613     604     0.001068332
 613     610    -0.000736844
 613     611    -0.000534912
 613     612    -0.000084416
 613     613     2.079200000
