5620    5620     2.227700002
5620    5621     0.004516811
5620     602    -0.002457479
5620     603     0.006566007
5620     604     0.003824166
5620     610     0.007192651
5620     611     0.002498612
5620     612     0.014560285
5620     613     0.005601036
5621    5620     0.004516811
5621    5621     2.345199995
5621     602    -0.004803204
5621     603     0.019548831
5621     604    -0.026520535
5621     610    -0.000627689
5621     611    -0.000218739
5621     612    -0.006942045
5621     613    -0.008599617
 602    5620    -0.002457479
 602    5621    -0.004803204
 602     602     2.031300000
 602     603    -0.000176906
 602     604    -0.000987992
 602     610    -0.001890063
 602     611     0.000969533
 602     612    -0.002083101
 602     613    -0.000476638
 603    5620     0.006566007
 603    5621     0.019548831
 603     602    -0.000176906
 603     603     2.025800000
 603     604     0.000181673
 603     610    -0.002423599
 603     611    -0.000607241
 603     612    -0.000178652
 603     613     0.005337038
 604    5620     0.003824166
 604    5621    -0.026520535
 604     602    -0.000987992
 604     603     0.000181673
 604     604     2.075100000
 604     610     0.000237185
 604     611    -0.000759095
 604     612    -0.000190233
 604     613    -0.001217812
 610    5620     0.007192651
 610    5621    -0.000627689
 610     602    -0.001890063
 610     603    -0.002423599
 610     604     0.000237185
 610     610     2.085700000
 610     611     0.006431349
 610     612    -0.006309267
 610     613    -0.000643373
 611    5620     0.002498612
 611    5621    -0.000218739
 611     602     0.000969533
 611     603    -0.000607241
 611     604    -0.000759095
 611     610     0.006431349
 611     611     2.059300000
 611     612     0.019382895
 611     613     0.000875239
 612    5620     0.014560285
 612    5621    -0.006942045
 612     602    -0.002083101
 612     603    -0.000178652
 612     604    -0.000190233
 612     610    -0.006309267
 612     611     0.019382895
 612     612     2.074600000
 612     613    -0.000059514
 613    5620     0.005601036
 613    5621    -0.008599617
 613     602    -0.000476638
 613     603     0.005337038
 613     604    -0.001217812
 613     610    -0.000643373
 613     611     0.000875239
 613     612    -0.000059514
 613     613     1.979100000
