5620    5620     2.337300002
5620    5621     0.004852166
5620     602     0.001830563
5620     603    -0.006426160
5620     604    -0.000848436
5620     610     0.001977792
5620     611     0.000381784
5620     612    -0.007779568
5620     613    -0.006650744
5621    5620     0.004852166
5621    5621     2.099899995
5621     602    -0.003312718
5621     603    -0.022043997
5621     604    -0.030635369
5621     610     0.001410329
5621     611     0.000028889
5621     612     0.007681385
5621     613     0.008810595
 602    5620     0.001830563
 602    5621    -0.003312718
 602     602     2.029300000
 602     603     0.007371901
 602     604     0.001405601
 602     610    -0.002134384
 602     611    -0.000833949
 602     612    -0.002757023
 602     613    -0.000389302
 603    5620    -0.006426160
 603    5621    -0.022043997
 603     602     0.007371901
 603     603     2.005100000
 603     604     0.000672899
 603     610     0.002096297
 603     611     0.000402731
 603     612     0.000046628
 603     613     0.004398521
 604    5620    -0.000848436
 604    5621    -0.030635369
 604     602     0.001405601
 604     603     0.000672899
 604     604     2.111900000
 604     610     0.000449660
 604     611     0.000570104
 604     612    -0.000008393
 604     613     0.001103857
 610    5620     0.001977792
 610    5621     0.001410329
 610     602    -0.002134384
 610     603     0.002096297
 610     604     0.000449660
 610     610     2.077100000
 610     611     0.006702821
 610     612     0.003257528
 610     613     0.000590652
 611    5620     0.000381784
 611    5621     0.000028889
 611     602    -0.000833949
 611     603     0.000402731
 611     604     0.000570104
 611     610     0.006702821
 611     611     1.900000000
 611     612    -0.021124640
 611     613     0.000798377
 612    5620    -0.007779568
 612    5621     0.007681385
 612     602    -0.002757023
 612     603     0.000046628
 612     604    -0.000008393
 612     610     0.003257528
 612     611    -0.021124640
 612     612     2.049400000
 612     613    -0.000046109
 613    5620    -0.006650744
 613    5621     0.008810595
 613     602    -0.000389302
 613     603     0.004398521
 613     604     0.001103857
 613     610     0.000590652
 613     611     0.000798377
 613     612    -0.000046109
 613     613     2.036900000
