5620    5620     2.388400002
5620    5621    -0.003931469
5620     602    -0.001698841
5620     603     0.005897159
5620     604    -0.001718021
5620     610     0.001480642
5620     611    -0.001882248
5620     612    -0.017175409
5620     613     0.007189554
5621    5620    -0.003931469
5621    5621     2.335499995
5621     602     0.000867794
5621     603    -0.020303536
5621     604    -0.027298217
5621     610    -0.002004152
5621     611     0.000146466
5621     612    -0.006793995
5621     613    -0.006825964
 602    5620    -0.001698841
 602    5621     0.000867794
 602     602     2.004800000
 602     603     0.006798112
 602     604    -0.001670643
 602     610     0.002275130
 602     611     0.000264961
 602     612    -0.003066297
 602     613     0.000251086
 603    5620     0.005897159
 603    5621    -0.020303536
 603     602     0.006798112
 603     603     2.048400000
 603     604     0.000885783
 603     610    -0.002087057
 603     611     0.000489404
 603     612    -0.000209554
 603     613     0.003525025
 604    5620    -0.001718021
 604    5621    -0.027298217
 604     602    -0.001670643
 604     603     0.000885783
 604     604     2.038900000
 604     610     0.001423797
 604     611    -0.000524201
 604     612     0.000337762
 604     613     0.000884747
 610    5620     0.001480642
 610    5621    -0.002004152
 610     602     0.002275130
 610     603    -0.002087057
 610     604     0.001423797
 610     610     2.057300000
 610     611    -0.006493142
 610     612     0.008320566
 610     613    -0.000490648
 611    5620    -0.001882248
 611    5621     0.000146466
 611     602     0.000264961
 611     603     0.000489404
 611     604    -0.000524201
 611     610    -0.006493142
 611     611     1.949900000
 611     612     0.021492464
 611     613    -0.000871908
 612    5620    -0.017175409
 612    5621    -0.006793995
 612     602    -0.003066297
 612     603    -0.000209554
 612     604     0.000337762
 612     610     0.008320566
 612     611     0.021492464
 612     612     2.002200000
 612     613     0.000078440
 613    5620     0.007189554
 613    5621    -0.006825964
 613     602     0.000251086
 613     603     0.003525025
 613     604     0.000884747
 613     610    -0.000490648
 613     611    -0.000871908
 613     612     0.000078440
 613     613     2.058700000
