5620    5620    2.409800002
5620    5621    0.006579575
5620     602    0.000128740
5620     603    0.005350735
5620     604    0.001849416
5620     610    0.001912332
5620     611    0.001948205
5620     612    0.003470672
5620     613    0.005289542
5621    5620    0.006579575
5621    5621    2.348099995
5621     602    0.007580017
5621     603    0.027434118
5621     604    0.034024670
5621     610    0.001976442
5621     611    0.000496321
5621     612    0.006982117
5621     613    0.008549374
 602    5620    0.000128740
 602    5621    0.007580017
 602     602    2.082500000
 602     603    0.008316255
 602     604    0.001570361
 602     610    0.001203170
 602     611    0.000529258
 602     612    0.002318589
 602     613    0.001285519
 603    5620    0.005350735
 603    5621    0.027434118
 603     602    0.008316255
 603     603    2.013700000
 603     604    0.000330179
 603     610    0.002192846
 603     611    0.000614113
 603     612    0.000046977
 603     613    0.003835281
 604    5620    0.001849416
 604    5621    0.034024670
 604     602    0.001570361
 604     603    0.000330179
 604     604    2.038200000
 604     610    0.001218714
 604     611    0.000657160
 604     612    0.000094910
 604     613    0.001110237
 610    5620    0.001912332
 610    5621    0.001976442
 610     602    0.001203170
 610     603    0.002192846
 610     604    0.001218714
 610     610    2.006700000
 610     611    0.006013612
 610     612    0.007394873
 610     613    0.000592721
 611    5620    0.001948205
 611    5621    0.000496321
 611     602    0.000529258
 611     603    0.000614113
 611     604    0.000657160
 611     610    0.006013612
 611     611    1.955200000
 611     612    0.014943238
 611     613    0.001044068
 612    5620    0.003470672
 612    5621    0.006982117
 612     602    0.002318589
 612     603    0.000046977
 612     604    0.000094910
 612     610    0.007394873
 612     611    0.014943238
 612     612    2.033500000
 612     613    0.000107520
 613    5620    0.005289542
 613    5621    0.008549374
 613     602    0.001285519
 613     603    0.003835281
 613     604    0.001110237
 613     610    0.000592721
 613     611    0.001044068
 613     612    0.000107520
 613     613    2.038300000
