5620    5620     2.429600002
5620    5621    -0.005354865
5620     602     0.001893760
5620     603     0.005666209
5620     604    -0.001419971
5620     610     0.001160298
5620     611     0.002038571
5620     612     0.013020823
5620     613     0.007329725
5621    5620    -0.005354865
5621    5621     2.345699995
5621     602     0.003405752
5621     603    -0.024740215
5621     604    -0.033922531
5621     610     0.003468385
5621     611    -0.000141313
5621     612    -0.007106928
5621     613    -0.007148828
 602    5620     0.001893760
 602    5621     0.003405752
 602     602     2.044300000
 602     603    -0.002676221
 602     604    -0.001483677
 602     610    -0.002608797
 602     611    -0.000550800
 602     612     0.002587983
 602     613    -0.000082592
 603    5620     0.005666209
 603    5621    -0.024740215
 603     602    -0.002676221
 603     603     1.980200000
 603     604    -0.000288664
 603     610     0.002270202
 603     611    -0.000517418
 603     612     0.000289562
 603     613    -0.003837699
 604    5620    -0.001419971
 604    5621    -0.033922531
 604     602    -0.001483677
 604     603    -0.000288664
 604     604     2.036800000
 604     610     0.002103066
 604     611     0.000526569
 604     612     0.000577612
 604     613    -0.000952896
 610    5620     0.001160298
 610    5621     0.003468385
 610     602    -0.002608797
 610     603     0.002270202
 610     604     0.002103066
 610     610     2.000800000
 610     611     0.007438429
 610     612    -0.005277023
 610     613     0.000621195
 611    5620     0.002038571
 611    5621    -0.000141313
 611     602    -0.000550800
 611     603    -0.000517418
 611     604     0.000526569
 611     610     0.007438429
 611     611     2.078200000
 611     612    -0.019641115
 611     613    -0.000856214
 612    5620     0.013020823
 612    5621    -0.007106928
 612     602     0.002587983
 612     603     0.000289562
 612     604     0.000577612
 612     610    -0.005277023
 612     611    -0.019641115
 612     612     2.008800000
 612     613    -0.000225624
 613    5620     0.007329725
 613    5621    -0.007148828
 613     602    -0.000082592
 613     603    -0.003837699
 613     604    -0.000952896
 613     610     0.000621195
 613     611    -0.000856214
 613     612    -0.000225624
 613     613     2.024800000
