5620    5620     2.305300002
5620    5621    -0.003209191
5620     602    -0.000667084
5620     603    -0.006214516
5620     604    -0.000078653
5620     610    -0.000666239
5620     611     0.000759668
5620     612     0.003081922
5620     613     0.003856094
5621    5620    -0.003209191
5621    5621     2.149599995
5621     602     0.001359758
5621     603    -0.022726494
5621     604     0.032862615
5621     610     0.001311530
5621     611     0.000058775
5621     612    -0.007196905
5621     613    -0.010483861
 602    5620    -0.000667084
 602    5621     0.001359758
 602     602     2.077800000
 602     603     0.012042578
 602     604    -0.001784234
 602     610    -0.001546013
 602     611    -0.000045201
 602     612    -0.002843971
 602     613    -0.001229661
 603    5620    -0.006214516
 603    5621    -0.022726494
 603     602     0.012042578
 603     603     2.044800000
 603     604    -0.000299006
 603     610     0.002247173
 603     611    -0.000650876
 603     612     0.000262513
 603     613    -0.004935315
 604    5620    -0.000078653
 604    5621     0.032862615
 604     602    -0.001784234
 604     603    -0.000299006
 604     604     2.103600000
 604     610    -0.000727972
 604     611    -0.000477160
 604     612    -0.000209627
 604     613     0.001112167
 610    5620    -0.000666239
 610    5621     0.001311530
 610     602    -0.001546013
 610     603     0.002247173
 610     604    -0.000727972
 610     610     2.075400000
 610     611     0.005756097
 610     612    -0.006330485
 610     613     0.000492693
 611    5620     0.000759668
 611    5621     0.000058775
 611     602    -0.000045201
 611     603    -0.000650876
 611     604    -0.000477160
 611     610     0.005756097
 611     611     2.127900000
 611     612    -0.017533022
 611     613    -0.000818835
 612    5620     0.003081922
 612    5621    -0.007196905
 612     602    -0.002843971
 612     603     0.000262513
 612     604    -0.000209627
 612     610    -0.006330485
 612     611    -0.017533022
 612     612     2.103600000
 612     613     0.000168742
 613    5620     0.003856094
 613    5621    -0.010483861
 613     602    -0.001229661
 613     603    -0.004935315
 613     604     0.001112167
 613     610     0.000492693
 613     611    -0.000818835
 613     612     0.000168742
 613     613     1.996900000
