5620    5620    2.418600002
5620    5621    0.003827658
5620     602    0.000229661
5620     603    0.005827312
5620     604    0.001279749
5620     610    0.006191743
5620     611    0.004265068
5620     612    0.014337537
5620     613    0.006430515
5621    5620    0.003827658
5621    5621    2.394299995
5621     602    0.003395424
5621     603    0.023821431
5621     604    0.030805132
5621     610    0.001011200
5621     611    0.000656383
5621     612    0.006671273
5621     613    0.008866434
 602    5620    0.000229661
 602    5621    0.003395424
 602     602    2.020100000
 602     603    0.009572946
 602     604    0.001682223
 602     610    0.001368659
 602     611    0.000025907
 602     612    0.002629694
 602     613    0.001291414
 603    5620    0.005827312
 603    5621    0.023821431
 603     602    0.009572946
 603     603    2.021500000
 603     604    0.000046439
 603     610    0.002073124
 603     611    0.000182376
 603     612    0.000092790
 603     613    0.004503023
 604    5620    0.001279749
 604    5621    0.030805132
 604     602    0.001682223
 604     603    0.000046439
 604     604    2.023800000
 604     610    0.000729353
 604     611    0.000392396
 604     612    0.000726297
 604     613    0.001176015
 610    5620    0.006191743
 610    5621    0.001011200
 610     602    0.001368659
 610     603    0.002073124
 610     604    0.000729353
 610     610    2.035200000
 610     611    0.006404124
 610     612    0.007075409
 610     613    0.000583490
 611    5620    0.004265068
 611    5621    0.000656383
 611     602    0.000025907
 611     603    0.000182376
 611     604    0.000392396
 611     610    0.006404124
 611     611    2.022000000
 611     612    0.015509085
 611     613    0.000560587
 612    5620    0.014337537
 612    5621    0.006671273
 612     602    0.002629694
 612     603    0.000092790
 612     604    0.000726297
 612     610    0.007075409
 612     611    0.015509085
 612     612    2.004100000
 612     613    0.000127667
 613    5620    0.006430515
 613    5621    0.008866434
 613     602    0.001291414
 613     603    0.004503023
 613     604    0.001176015
 613     610    0.000583490
 613     611    0.000560587
 613     612    0.000127667
 613     613    1.963200000
