5620    5620     2.501100002
5620    5621    -0.004429378
5620     602    -0.000936739
5620     603    -0.005419078
5620     604     0.001553493
5620     610    -0.005681381
5620     611    -0.000841501
5620     612     0.001336630
5620     613     0.005156208
5621    5620    -0.004429378
5621    5621     2.314399995
5621     602     0.001642364
5621     603    -0.019802006
5621     604     0.027631070
5621     610    -0.001312099
5621     611    -0.000741940
5621     612     0.007277025
5621     613     0.007401654
 602    5620    -0.000936739
 602    5621     0.001642364
 602     602     2.058400000
 602     603     0.011434264
 602     604    -0.001128330
 602     610    -0.001612340
 602     611    -0.000755244
 602     612    -0.002394150
 602     613     0.000788615
 603    5620    -0.005419078
 603    5621    -0.019802006
 603     602     0.011434264
 603     603     2.016300000
 603     604    -0.000526650
 603     610    -0.001845569
 603     611     0.000444993
 603     612     0.000069751
 603     613    -0.004195549
 604    5620     0.001553493
 604    5621     0.027631070
 604     602    -0.001128330
 604     603    -0.000526650
 604     604     2.098200000
 604     610    -0.001079207
 604     611     0.000242017
 604     612     0.000781337
 604     613     0.000785204
 610    5620    -0.005681381
 610    5621    -0.001312099
 610     602    -0.001612340
 610     603    -0.001845569
 610     604    -0.001079207
 610     610     2.082300000
 610     611    -0.004927010
 610     612    -0.007185437
 610     613     0.000404346
 611    5620    -0.000841501
 611    5621    -0.000741940
 611     602    -0.000755244
 611     603     0.000444993
 611     604     0.000242017
 611     610    -0.004927010
 611     611     1.981500000
 611     612    -0.015023485
 611     613     0.000878481
 612    5620     0.001336630
 612    5621     0.007277025
 612     602    -0.002394150
 612     603     0.000069751
 612     604     0.000781337
 612     610    -0.007185437
 612     611    -0.015023485
 612     612     2.119300000
 612     613     0.000342528
 613    5620     0.005156208
 613    5621     0.007401654
 613     602     0.000788615
 613     603    -0.004195549
 613     604     0.000785204
 613     610     0.000404346
 613     611     0.000878481
 613     612     0.000342528
 613     613     2.008900000
