5620    5620     2.626700002
5620    5621    -0.002653378
5620     602    -0.001033880
5620     603    -0.005469345
5620     604    -0.001207783
5620     610    -0.005571681
5620     611     0.002482179
5620     612     0.008896373
5620     613     0.009128095
5621    5620    -0.002653378
5621    5621     2.322599995
5621     602     0.000244763
5621     603     0.022117281
5621     604    -0.027473219
5621     610     0.001703301
5621     611    -0.000178276
5621     612     0.005961696
5621     613     0.004872410
 602    5620    -0.001033880
 602    5621     0.000244763
 602     602     2.066900000
 602     603    -0.008662559
 602     604     0.001451607
 602     610    -0.001997266
 602     611    -0.000036928
 602     612     0.002562597
 602     613    -0.000342232
 603    5620    -0.005469345
 603    5621     0.022117281
 603     602    -0.008662559
 603     603     1.965200000
 603     604    -0.000668687
 603     610    -0.002353904
 603     611    -0.000571142
 603     612     0.000184912
 603     613     0.003209798
 604    5620    -0.001207783
 604    5621    -0.027473219
 604     602     0.001451607
 604     603    -0.000668687
 604     604     2.116300000
 604     610     0.001044492
 604     611    -0.000530130
 604     612     0.000184729
 604     613    -0.000631969
 610    5620    -0.005571681
 610    5621     0.001703301
 610     602    -0.001997266
 610     603    -0.002353904
 610     604     0.001044492
 610     610     2.004800000
 610     611    -0.007078321
 610     612    -0.004922650
 610     613    -0.000579500
 611    5620     0.002482179
 611    5621    -0.000178276
 611     602    -0.000036928
 611     603    -0.000571142
 611     604    -0.000530130
 611     610    -0.007078321
 611     611     1.972000000
 611     612     0.018207625
 611     613    -0.000760175
 612    5620     0.008896373
 612    5621     0.005961696
 612     602     0.002562597
 612     603     0.000184912
 612     604     0.000184729
 612     610    -0.004922650
 612     611     0.018207625
 612     612     2.071400000
 612     613    -0.000498773
 613    5620     0.009128095
 613    5621     0.004872410
 613     602    -0.000342232
 613     603     0.003209798
 613     604    -0.000631969
 613     610    -0.000579500
 613     611    -0.000760175
 613     612    -0.000498773
 613     613     2.014100000
