5620    5620    2.280200002
5620    5621    0.005854340
5620     602    0.000533496
5620     603    0.006113573
5620     604    0.005991558
5620     610    0.006642342
5620     611    0.004438200
5620     612    0.011015305
5620     613    0.006949710
5621    5620    0.005854340
5621    5621    2.526799995
5621     602    0.007321739
5621     603    0.028026403
5621     604    0.031502044
5621     610    0.002175950
5621     611    0.000101181
5621     612    0.005355994
5621     613    0.008358379
 602    5620    0.000533496
 602    5621    0.007321739
 602     602    2.094300000
 602     603    0.008305905
 602     604    0.001866441
 602     610    0.001453935
 602     611    0.000159724
 602     612    0.002407358
 602     613    0.000991497
 603    5620    0.006113573
 603    5621    0.028026403
 603     602    0.008305905
 603     603    1.958000000
 603     604    0.000588468
 603     610    0.002242260
 603     611    0.000222957
 603     612    0.000231734
 603     613    0.003786298
 604    5620    0.005991558
 604    5621    0.031502044
 604     602    0.001866441
 604     603    0.000588468
 604     604    1.984300000
 604     610    0.000823735
 604     611    0.001033422
 604     612    0.001594081
 604     613    0.001333445
 610    5620    0.006642342
 610    5621    0.002175950
 610     602    0.001453935
 610     603    0.002242260
 610     604    0.000823735
 610     610    2.059100000
 610     611    0.006859173
 610     612    0.007575607
 610     613    0.000581452
 611    5620    0.004438200
 611    5621    0.000101181
 611     602    0.000159724
 611     603    0.000222957
 611     604    0.001033422
 611     610    0.006859173
 611     611    1.974700000
 611     612    0.019063473
 611     613    0.000616424
 612    5620    0.011015305
 612    5621    0.005355994
 612     602    0.002407358
 612     603    0.000231734
 612     604    0.001594081
 612     610    0.007575607
 612     611    0.019063473
 612     612    2.074400000
 612     613    0.000369864
 613    5620    0.006949710
 613    5621    0.008358379
 613     602    0.000991497
 613     603    0.003786298
 613     604    0.001333445
 613     610    0.000581452
 613     611    0.000616424
 613     612    0.000369864
 613     613    2.000400000
