5620    5620    2.211800002
5620    5621    0.006300901
5620     602    0.002234501
5620     603    0.005525862
5620     604    0.002529703
5620     610    0.003754907
5620     611    0.002441376
5620     612    0.009429764
5620     613    0.008413434
5621    5620    0.006300901
5621    5621    2.312499995
5621     602    0.000719213
5621     603    0.024347328
5621     604    0.030829420
5621     610    0.001890297
5621     611    0.000068462
5621     612    0.006816080
5621     613    0.007727133
 602    5620    0.002234501
 602    5621    0.000719213
 602     602    2.028000000
 602     603    0.006275621
 602     604    0.001326176
 602     610    0.002057950
 602     611    0.000452092
 602     612    0.002242548
 602     613    0.000047955
 603    5620    0.005525862
 603    5621    0.024347328
 603     602    0.006275621
 603     603    2.089100000
 603     604    0.000925294
 603     610    0.002064211
 603     611    0.000362161
 603     612    0.000077767
 603     613    0.003228959
 604    5620    0.002529703
 604    5621    0.030829420
 604     602    0.001326176
 604     603    0.000925294
 604     604    2.118300000
 604     610    0.000776674
 604     611    0.000570277
 604     612    0.000170034
 604     613    0.000978209
 610    5620    0.003754907
 610    5621    0.001890297
 610     602    0.002057950
 610     603    0.002064211
 610     604    0.000776674
 610     610    2.046700000
 610     611    0.007203075
 610     612    0.005261770
 610     613    0.000706349
 611    5620    0.002441376
 611    5621    0.000068462
 611     602    0.000452092
 611     603    0.000362161
 611     604    0.000570277
 611     610    0.007203075
 611     611    2.042200000
 611     612    0.015946233
 611     613    0.000736746
 612    5620    0.009429764
 612    5621    0.006816080
 612     602    0.002242548
 612     603    0.000077767
 612     604    0.000170034
 612     610    0.005261770
 612     611    0.015946233
 612     612    2.088900000
 612     613    0.000428661
 613    5620    0.008413434
 613    5621    0.007727133
 613     602    0.000047955
 613     603    0.003228959
 613     604    0.000978209
 613     610    0.000706349
 613     611    0.000736746
 613     612    0.000428661
 613     613    2.027800000
