5620    5620     2.284800002
5620    5621     0.005627770
5620     602    -0.002318851
5620     603    -0.005196137
5620     604    -0.001163094
5620     610     0.004495867
5620     611    -0.003558466
5620     612    -0.012070908
5620     613     0.000741367
5621    5620     0.005627770
5621    5621     2.504399995
5621     602     0.005895205
5621     603     0.023556818
5621     604     0.031353816
5621     610    -0.002680907
5621     611    -0.000237601
5621     612     0.006676912
5621     613    -0.009127772
 602    5620    -0.002318851
 602    5621     0.005895205
 602     602     2.028600000
 602     603     0.009266757
 602     604    -0.001564239
 602     610    -0.002425708
 602     611     0.000995414
 602     612    -0.002612083
 602     613    -0.000208391
 603    5620    -0.005196137
 603    5621     0.023556818
 603     602     0.009266757
 603     603     2.027400000
 603     604     0.000962646
 603     610     0.002096430
 603     611    -0.000323015
 603     612    -0.000130275
 603     613     0.004283688
 604    5620    -0.001163094
 604    5621     0.031353816
 604     602    -0.001564239
 604     603     0.000962646
 604     604     2.002400000
 604     610    -0.001725624
 604     611    -0.000442956
 604     612    -0.001134203
 604     613    -0.001233500
 610    5620     0.004495867
 610    5621    -0.002680907
 610     602    -0.002425708
 610     603     0.002096430
 610     604    -0.001725624
 610     610     2.036100000
 610     611    -0.006730291
 610     612     0.004518042
 610     613     0.000329263
 611    5620    -0.003558466
 611    5621    -0.000237601
 611     602     0.000995414
 611     603    -0.000323015
 611     604    -0.000442956
 611     610    -0.006730291
 611     611     2.039300000
 611     612     0.020012520
 611     613     0.000753677
 612    5620    -0.012070908
 612    5621     0.006676912
 612     602    -0.002612083
 612     603    -0.000130275
 612     604    -0.001134203
 612     610     0.004518042
 612     611     0.020012520
 612     612     1.990600000
 612     613     0.000076256
 613    5620     0.000741367
 613    5621    -0.009127772
 613     602    -0.000208391
 613     603     0.004283688
 613     604    -0.001233500
 613     610     0.000329263
 613     611     0.000753677
 613     612     0.000076256
 613     613     2.012100000
