5620    5620    2.304800002
5620    5621    0.006499324
5620     602    0.001323105
5620     603    0.006448442
5620     604    0.002294164
5620     610    0.001777927
5620     611    0.001719429
5620     612    0.002936024
5620     613    0.004077684
5621    5620    0.006499324
5621    5621    2.263899995
5621     602    0.001039123
5621     603    0.028055096
5621     604    0.032575543
5621     610    0.000841181
5621     611    0.000433980
5621     612    0.007381619
5621     613    0.010725804
 602    5620    0.001323105
 602    5621    0.001039123
 602     602    2.047900000
 602     603    0.012124914
 602     604    0.001655728
 602     610    0.001662681
 602     611    0.000215771
 602     612    0.002591298
 602     613    0.000805341
 603    5620    0.006448442
 603    5621    0.028055096
 603     602    0.012124914
 603     603    1.970000000
 603     604    0.001424752
 603     610    0.002186949
 603     611    0.000224627
 603     612    0.000072592
 603     613    0.004866240
 604    5620    0.002294164
 604    5621    0.032575543
 604     602    0.001655728
 604     603    0.001424752
 604     604    2.109700000
 604     610    0.000376654
 604     611    0.000721053
 604     612    0.000689780
 604     613    0.001404516
 610    5620    0.001777927
 610    5621    0.000841181
 610     602    0.001662681
 610     603    0.002186949
 610     604    0.000376654
 610     610    2.044600000
 610     611    0.006979268
 610     612    0.002331804
 610     613    0.000519960
 611    5620    0.001719429
 611    5621    0.000433980
 611     602    0.000215771
 611     603    0.000224627
 611     604    0.000721053
 611     610    0.006979268
 611     611    2.091400000
 611     612    0.021914464
 611     613    0.000627815
 612    5620    0.002936024
 612    5621    0.007381619
 612     602    0.002591298
 612     603    0.000072592
 612     604    0.000689780
 612     610    0.002331804
 612     611    0.021914464
 612     612    2.054300000
 612     613    0.000223387
 613    5620    0.004077684
 613    5621    0.010725804
 613     602    0.000805341
 613     603    0.004866240
 613     604    0.001404516
 613     610    0.000519960
 613     611    0.000627815
 613     612    0.000223387
 613     613    2.034500000
