5620    5620     2.236900002
5620    5621    -0.005476857
5620     602    -0.000449207
5620     603     0.006087435
5620     604    -0.001910890
5620     610     0.001625473
5620     611    -0.003653956
5620     612    -0.012388251
5620     613     0.005693405
5621    5620    -0.005476857
5621    5621     2.225599995
5621     602    -0.004919488
5621     603     0.025169283
5621     604     0.027828486
5621     610    -0.001896251
5621     611    -0.000656158
5621     612     0.007371118
5621     613    -0.008358610
 602    5620    -0.000449207
 602    5621    -0.004919488
 602     602     2.067200000
 602     603    -0.008346915
 602     604    -0.001562238
 602     610    -0.001308763
 602     611    -0.000250959
 602     612     0.002648543
 602     613    -0.001659568
 603    5620     0.006087435
 603    5621     0.025169283
 603     602    -0.008346915
 603     603     2.043700000
 603     604     0.001057261
 603     610     0.002177582
 603     611     0.000087583
 603     612     0.000243425
 603     613     0.004290432
 604    5620    -0.001910890
 604    5621     0.027828486
 604     602    -0.001562238
 604     603     0.001057261
 604     604     2.161300000
 604     610    -0.001124630
 604     611     0.000510523
 604     612    -0.000029383
 604     613     0.000875779
 610    5620     0.001625473
 610    5621    -0.001896251
 610     602    -0.001308763
 610     603     0.002177582
 610     604    -0.001124630
 610     610     2.010700000
 610     611    -0.007078511
 610     612    -0.008789339
 610     613    -0.000523042
 611    5620    -0.003653956
 611    5621    -0.000656158
 611     602    -0.000250959
 611     603     0.000087583
 611     604     0.000510523
 611     610    -0.007078511
 611     611     2.034400000
 611     612    -0.020208118
 611     613    -0.000565488
 612    5620    -0.012388251
 612    5621     0.007371118
 612     602     0.002648543
 612     603     0.000243425
 612     604    -0.000029383
 612     610    -0.008789339
 612     611    -0.020208118
 612     612     2.037000000
 612     613    -0.000045489
 613    5620     0.005693405
 613    5621    -0.008358610
 613     602    -0.001659568
 613     603     0.004290432
 613     604     0.000875779
 613     610    -0.000523042
 613     611    -0.000565488
 613     612    -0.000045489
 613     613     2.004700000
