5620    5620    2.273900002
5620    5621    0.002142093
5620     602    0.001642909
5620     603    0.005816761
5620     604    0.000306393
5620     610    0.005506320
5620     611    0.004401425
5620     612    0.008080018
5620     613    0.007271550
5621    5620    0.002142093
5621    5621    2.519299995
5621     602    0.001687065
5621     603    0.018075013
5621     604    0.025313843
5621     610    0.000450301
5621     611    0.001736646
5621     612    0.007943138
5621     613    0.006177997
 602    5620    0.001642909
 602    5621    0.001687065
 602     602    2.146400000
 602     603    0.009149637
 602     604    0.001096870
 602     610    0.002000754
 602     611    0.000076492
 602     612    0.002253488
 602     613    0.000212305
 603    5620    0.005816761
 603    5621    0.018075013
 603     602    0.009149637
 603     603    2.048800000
 603     604    0.001431108
 603     610    0.002248202
 603     611    0.000061092
 603     612    0.000413608
 603     613    0.004369047
 604    5620    0.000306393
 604    5621    0.025313843
 604     602    0.001096870
 604     603    0.001431108
 604     604    2.070500000
 604     610    0.001229104
 604     611    0.000328739
 604     612    0.000733262
 604     613    0.001091457
 610    5620    0.005506320
 610    5621    0.000450301
 610     602    0.002000754
 610     603    0.002248202
 610     604    0.001229104
 610     610    2.018000000
 610     611    0.007407420
 610     612    0.007410424
 610     613    0.000672145
 611    5620    0.004401425
 611    5621    0.001736646
 611     602    0.000076492
 611     603    0.000061092
 611     604    0.000328739
 611     610    0.007407420
 611     611    2.075600000
 611     612    0.018267065
 611     613    0.000370207
 612    5620    0.008080018
 612    5621    0.007943138
 612     602    0.002253488
 612     603    0.000413608
 612     604    0.000733262
 612     610    0.007410424
 612     611    0.018267065
 612     612    1.947200000
 612     613    0.000078871
 613    5620    0.007271550
 613    5621    0.006177997
 613     602    0.000212305
 613     603    0.004369047
 613     604    0.001091457
 613     610    0.000672145
 613     611    0.000370207
 613     612    0.000078871
 613     613    1.963900000
