5620    5620    2.348300002
5620    5621    0.006156589
5620     602    0.000666266
5620     603    0.005885916
5620     604    0.001723849
5620     610    0.001653020
5620     611    0.004409148
5620     612    0.013503357
5620     613    0.006571427
5621    5620    0.006156589
5621    5621    2.283299995
5621     602    0.003015266
5621     603    0.019092951
5621     604    0.034152705
5621     610    0.002965055
5621     611    0.000728471
5621     612    0.006990382
5621     613    0.009688806
 602    5620    0.000666266
 602    5621    0.003015266
 602     602    2.035300000
 602     603    0.005602659
 602     604    0.001683285
 602     610    0.001915075
 602     611    0.000088588
 602     612    0.002576712
 602     613    0.000938880
 603    5620    0.005885916
 603    5621    0.019092951
 603     602    0.005602659
 603     603    2.068300000
 603     604    0.000196171
 603     610    0.001859602
 603     611    0.000088710
 603     612    0.000021721
 603     613    0.003983034
 604    5620    0.001723849
 604    5621    0.034152705
 604     602    0.001683285
 604     603    0.000196171
 604     604    2.051600000
 604     610    0.001435554
 604     611    0.000539886
 604     612    0.000290213
 604     613    0.001147038
 610    5620    0.001653020
 610    5621    0.002965055
 610     602    0.001915075
 610     603    0.001859602
 610     604    0.001435554
 610     610    2.089100000
 610     611    0.007000014
 610     612    0.005063369
 610     613    0.000494381
 611    5620    0.004409148
 611    5621    0.000728471
 611     602    0.000088588
 611     603    0.000088710
 611     604    0.000539886
 611     610    0.007000014
 611     611    2.104700000
 611     612    0.018600500
 611     613    0.000396518
 612    5620    0.013503357
 612    5621    0.006990382
 612     602    0.002576712
 612     603    0.000021721
 612     604    0.000290213
 612     610    0.005063369
 612     611    0.018600500
 612     612    2.031300000
 612     613    0.000141706
 613    5620    0.006571427
 613    5621    0.009688806
 613     602    0.000938880
 613     603    0.003983034
 613     604    0.001147038
 613     610    0.000494381
 613     611    0.000396518
 613     612    0.000141706
 613     613    1.987900000
