5620    5620    2.399600002
5620    5621    0.003477083
5620     602    0.000899401
5620     603    0.006325099
5620     604    0.003082335
5620     610    0.001665598
5620     611    0.002000282
5620     612    0.025033513
5620     613    0.006032879
5621    5620    0.003477083
5621    5621    2.180399995
5621     602    0.002609642
5621     603    0.027305296
5621     604    0.035656703
5621     610    0.003978050
5621     611    0.000263787
5621     612    0.007367614
5621     613    0.008901470
 602    5620    0.000899401
 602    5621    0.002609642
 602     602    2.081200000
 602     603    0.007085572
 602     604    0.001383093
 602     610    0.002181708
 602     611    0.000384514
 602     612    0.002201875
 602     613    0.000499012
 603    5620    0.006325099
 603    5621    0.027305296
 603     602    0.007085572
 603     603    2.001300000
 603     604    0.000916612
 603     610    0.002099146
 603     611    0.000382135
 603     612    0.000334055
 603     613    0.004332849
 604    5620    0.003082335
 604    5621    0.035656703
 604     602    0.001383093
 604     603    0.000916612
 604     604    2.031600000
 604     610    0.001657683
 604     611    0.000726884
 604     612    0.000555248
 604     613    0.001337737
 610    5620    0.001665598
 610    5621    0.003978050
 610     602    0.002181708
 610     603    0.002099146
 610     604    0.001657683
 610     610    2.009700000
 610     611    0.006422713
 610     612    0.005197301
 610     613    0.000352711
 611    5620    0.002000282
 611    5621    0.000263787
 611     602    0.000384514
 611     603    0.000382135
 611     604    0.000726884
 611     610    0.006422713
 611     611    2.090700000
 611     612    0.017033955
 611     613    0.000779090
 612    5620    0.025033513
 612    5621    0.007367614
 612     602    0.002201875
 612     603    0.000334055
 612     604    0.000555248
 612     610    0.005197301
 612     611    0.017033955
 612     612    2.073700000
 612     613    0.000164799
 613    5620    0.006032879
 613    5621    0.008901470
 613     602    0.000499012
 613     603    0.004332849
 613     604    0.001337737
 613     610    0.000352711
 613     611    0.000779090
 613     612    0.000164799
 613     613    2.104800000
