5620    5620     2.347300002
5620    5621    -0.004359958
5620     602     0.001413730
5620     603     0.005438089
5620     604    -0.000584776
5620     610    -0.002750657
5620     611     0.001136666
5620     612    -0.003605947
5620     613     0.008036731
5621    5620    -0.004359958
5621    5621     2.271099995
5621     602     0.001664931
5621     603     0.022826627
5621     604    -0.031532495
5621     610     0.000647717
5621     611    -0.000017559
5621     612    -0.008388979
5621     613     0.006540783
 602    5620     0.001413730
 602    5621     0.001664931
 602     602     2.040800000
 602     603     0.009623600
 602     604     0.001420828
 602     610    -0.001684611
 602     611    -0.000600488
 602     612    -0.002775761
 602     613     0.000304372
 603    5620     0.005438089
 603    5621     0.022826627
 603     602     0.009623600
 603     603     2.051600000
 603     604     0.000654301
 603     610     0.001932349
 603     611    -0.000472816
 603     612    -0.000020772
 603     613    -0.003466479
 604    5620    -0.000584776
 604    5621    -0.031532495
 604     602     0.001420828
 604     603     0.000654301
 604     604     2.056300000
 604     610     0.000568285
 604     611    -0.000592903
 604     612    -0.000184951
 604     613     0.001032777
 610    5620    -0.002750657
 610    5621     0.000647717
 610     602    -0.001684611
 610     603     0.001932349
 610     604     0.000568285
 610     610     2.076100000
 610     611     0.006106301
 610     612    -0.006893348
 610     613     0.000615417
 611    5620     0.001136666
 611    5621    -0.000017559
 611     602    -0.000600488
 611     603    -0.000472816
 611     604    -0.000592903
 611     610     0.006106301
 611     611     1.969700000
 611     612    -0.021428264
 611     613    -0.000846726
 612    5620    -0.003605947
 612    5621    -0.008388979
 612     602    -0.002775761
 612     603    -0.000020772
 612     604    -0.000184951
 612     610    -0.006893348
 612     611    -0.021428264
 612     612     2.070700000
 612     613    -0.000287384
 613    5620     0.008036731
 613    5621     0.006540783
 613     602     0.000304372
 613     603    -0.003466479
 613     604     0.001032777
 613     610     0.000615417
 613     611    -0.000846726
 613     612    -0.000287384
 613     613     1.970300000
