5620    5620     2.189700002
5620    5621    -0.006233926
5620     602    -0.000474420
5620     603     0.005205750
5620     604     0.000898514
5620     610     0.003891482
5620     611     0.004330581
5620     612     0.012066181
5620     613     0.007308030
5621    5620    -0.006233926
5621    5621     2.124099995
5621     602    -0.005238675
5621     603    -0.024487647
5621     604     0.032788317
5621     610     0.002346326
5621     611     0.000284987
5621     612    -0.007210535
5621     613    -0.008697454
 602    5620    -0.000474420
 602    5621    -0.005238675
 602     602     2.115200000
 602     603     0.008221474
 602     604    -0.001338074
 602     610     0.001689771
 602     611    -0.000742159
 602     612    -0.002502392
 602     613     0.000842023
 603    5620     0.005205750
 603    5621    -0.024487647
 603     602     0.008221474
 603     603     2.081200000
 603     604    -0.000599495
 603     610     0.001706279
 603     611    -0.000205524
 603     612    -0.000030373
 603     613    -0.003338389
 604    5620     0.000898514
 604    5621     0.032788317
 604     602    -0.001338074
 604     603    -0.000599495
 604     604     2.132400000
 604     610     0.000852586
 604     611    -0.000544629
 604     612    -0.000120447
 604     613    -0.000997660
 610    5620     0.003891482
 610    5621     0.002346326
 610     602     0.001689771
 610     603     0.001706279
 610     604     0.000852586
 610     610     2.116000000
 610     611     0.006326902
 610     612     0.002691482
 610     613    -0.000480167
 611    5620     0.004330581
 611    5621     0.000284987
 611     602    -0.000742159
 611     603    -0.000205524
 611     604    -0.000544629
 611     610     0.006326902
 611     611     2.017200000
 611     612     0.018501186
 611     613    -0.000582503
 612    5620     0.012066181
 612    5621    -0.007210535
 612     602    -0.002502392
 612     603    -0.000030373
 612     604    -0.000120447
 612     610     0.002691482
 612     611     0.018501186
 612     612     2.045200000
 612     613    -0.000280731
 613    5620     0.007308030
 613    5621    -0.008697454
 613     602     0.000842023
 613     603    -0.003338389
 613     604    -0.000997660
 613     610    -0.000480167
 613     611    -0.000582503
 613     612    -0.000280731
 613     613     2.052600000
