5620    5620     2.166100002
5620    5621    -0.006761036
5620     602    -0.000862016
5620     603    -0.005992645
5620     604    -0.003445597
5620     610    -0.002479186
5620     611    -0.001952178
5620     612     0.003536858
5620     613    -0.004550904
5621    5620    -0.006761036
5621    5621     2.206199995
5621     602     0.001614327
5621     603    -0.029555741
5621     604     0.036848279
5621     610     0.003184207
5621     611    -0.000246845
5621     612     0.006791970
5621     613     0.008966188
 602    5620    -0.000862016
 602    5621     0.001614327
 602     602     2.098800000
 602     603    -0.006699690
 602     604    -0.001620953
 602     610    -0.002267997
 602     611     0.000644110
 602     612     0.002524543
 602     613     0.000770574
 603    5620    -0.005992645
 603    5621    -0.029555741
 603     602    -0.006699690
 603     603     2.021700000
 603     604     0.001457428
 603     610    -0.002432228
 603     611    -0.000322002
 603     612     0.000059195
 603     613    -0.003930743
 604    5620    -0.003445597
 604    5621     0.036848279
 604     602    -0.001620953
 604     603     0.001457428
 604     604     2.031400000
 604     610    -0.001862985
 604     611    -0.000801798
 604     612    -0.000280318
 604     613     0.001277290
 610    5620    -0.002479186
 610    5621     0.003184207
 610     602    -0.002267997
 610     603    -0.002432228
 610     604    -0.001862985
 610     610     1.967900000
 610     611     0.006908924
 610     612     0.005517762
 610     613    -0.000430632
 611    5620    -0.001952178
 611    5621    -0.000246845
 611     602     0.000644110
 611     603    -0.000322002
 611     604    -0.000801798
 611     610     0.006908924
 611     611     2.012000000
 611     612     0.017963994
 611     613    -0.000810165
 612    5620     0.003536858
 612    5621     0.006791970
 612     602     0.002524543
 612     603     0.000059195
 612     604    -0.000280318
 612     610     0.005517762
 612     611     0.017963994
 612     612     1.998600000
 612     613     0.000144048
 613    5620    -0.004550904
 613    5621     0.008966188
 613     602     0.000770574
 613     603    -0.003930743
 613     604     0.001277290
 613     610    -0.000430632
 613     611    -0.000810165
 613     612     0.000144048
 613     613     2.060300000
