5620    5620    2.179500002
5620    5621    0.006082482
5620     602    0.001258983
5620     603    0.006178075
5620     604    0.002583831
5620     610    0.001174988
5620     611    0.003426639
5620     612    0.007040222
5620     613    0.001055211
5621    5620    0.006082482
5621    5621    2.350199995
5621     602    0.001107652
5621     603    0.025531948
5621     604    0.027401323
5621     610    0.003635676
5621     611    0.000679142
5621     612    0.008420821
5621     613    0.008907091
 602    5620    0.001258983
 602    5621    0.001107652
 602     602    2.076900000
 602     603    0.006987255
 602     604    0.001301648
 602     610    0.002332751
 602     611    0.000476344
 602     612    0.002925363
 602     613    0.000999770
 603    5620    0.006178075
 603    5621    0.025531948
 603     602    0.006987255
 603     603    1.978000000
 603     604    0.000869460
 603     610    0.002227849
 603     611    0.000280396
 603     612    0.000093322
 603     613    0.005041870
 604    5620    0.002583831
 604    5621    0.027401323
 604     602    0.001301648
 604     603    0.000869460
 604     604    2.127700000
 604     610    0.001322250
 604     611    0.000620226
 604     612    0.000599224
 604     613    0.001190551
 610    5620    0.001174988
 610    5621    0.003635676
 610     602    0.002332751
 610     603    0.002227849
 610     604    0.001322250
 610     610    2.042400000
 610     611    0.007323873
 610     612    0.004312992
 610     613    0.000234106
 611    5620    0.003426639
 611    5621    0.000679142
 611     602    0.000476344
 611     603    0.000280396
 611     604    0.000620226
 611     610    0.007323873
 611     611    2.051600000
 611     612    0.019495795
 611     613    0.000607892
 612    5620    0.007040222
 612    5621    0.008420821
 612     602    0.002925363
 612     603    0.000093322
 612     604    0.000599224
 612     610    0.004312992
 612     611    0.019495795
 612     612    1.963400000
 612     613    0.000056158
 613    5620    0.001055211
 613    5621    0.008907091
 613     602    0.000999770
 613     603    0.005041870
 613     604    0.001190551
 613     610    0.000234106
 613     611    0.000607892
 613     612    0.000056158
 613     613    1.998200000
