5620    5620     2.372200002
5620    5621     0.004267312
5620     602     0.000158488
5620     603    -0.005560549
5620     604     0.000269847
5620     610    -0.009182941
5620     611    -0.003656144
5620     612    -0.015716443
5620     613     0.008255127
5621    5620     0.004267312
5621    5621     2.290699995
5621     602     0.000934384
5621     603     0.004665785
5621     604     0.022527758
5621     610    -0.000645911
5621     611    -0.000666383
5621     612    -0.007816495
5621     613    -0.006558330
 602    5620     0.000158488
 602    5621     0.000934384
 602     602     2.085100000
 602     603     0.004972760
 602     604     0.001183430
 602     610     0.001240844
 602     611    -0.000199222
 602     612     0.002612600
 602     613     0.001049264
 603    5620    -0.005560549
 603    5621     0.004665785
 603     602     0.004972760
 603     603     2.043500000
 603     604    -0.000704971
 603     610    -0.002084905
 603     611    -0.000416214
 603     612     0.000332614
 603     613     0.003339234
 604    5620     0.000269847
 604    5621     0.022527758
 604     602     0.001183430
 604     603    -0.000704971
 604     604     2.134900000
 604     610     0.000604503
 604     611    -0.000256406
 604     612    -0.000741124
 604     613    -0.000583101
 610    5620    -0.009182941
 610    5621    -0.000645911
 610     602     0.001240844
 610     603    -0.002084905
 610     604     0.000604503
 610     610     2.100600000
 610     611     0.006773336
 610     612    -0.006920981
 610     613     0.000683956
 611    5620    -0.003656144
 611    5621    -0.000666383
 611     602    -0.000199222
 611     603    -0.000416214
 611     604    -0.000256406
 611     610     0.006773336
 611     611     1.998200000
 611     612    -0.021413682
 611     613    -0.000729592
 612    5620    -0.015716443
 612    5621    -0.007816495
 612     602     0.002612600
 612     603     0.000332614
 612     604    -0.000741124
 612     610    -0.006920981
 612     611    -0.021413682
 612     612     2.024800000
 612     613     0.000034572
 613    5620     0.008255127
 613    5621    -0.006558330
 613     602     0.001049264
 613     603     0.003339234
 613     604    -0.000583101
 613     610     0.000683956
 613     611    -0.000729592
 613     612     0.000034572
 613     613     2.043800000
