5620    5620     2.416100002
5620    5621    -0.005024771
5620     602     0.000699810
5620     603     0.006031129
5620     604    -0.000055242
5620     610     0.003818667
5620     611     0.000952252
5620     612    -0.002012660
5620     613    -0.006936058
5621    5620    -0.005024771
5621    5621     2.405799995
5621     602     0.001242461
5621     603    -0.021118863
5621     604    -0.033238239
5621     610     0.002169690
5621     611     0.000372574
5621     612     0.006276419
5621     613     0.008474752
 602    5620     0.000699810
 602    5621     0.001242461
 602     602     2.091900000
 602     603     0.005803296
 602     604     0.001587346
 602     610     0.001627250
 602     611     0.000307885
 602     612    -0.002309763
 602     613     0.000929987
 603    5620     0.006031129
 603    5621    -0.021118863
 603     602     0.005803296
 603     603     2.051800000
 603     604     0.000155788
 603     610     0.001977275
 603     611    -0.000651459
 603     612    -0.000223933
 603     613     0.005181389
 604    5620    -0.000055242
 604    5621    -0.033238239
 604     602     0.001587346
 604     603     0.000155788
 604     604     2.073100000
 604     610     0.001167311
 604     611     0.000678156
 604     612    -0.000164037
 604     613     0.001332978
 610    5620     0.003818667
 610    5621     0.002169690
 610     602     0.001627250
 610     603     0.001977275
 610     604     0.001167311
 610     610     2.087400000
 610     611    -0.006817338
 610     612    -0.004019881
 610     613     0.000560118
 611    5620     0.000952252
 611    5621     0.000372574
 611     602     0.000307885
 611     603    -0.000651459
 611     604     0.000678156
 611     610    -0.006817338
 611     611     2.024000000
 611     612     0.018437002
 611     613     0.001180153
 612    5620    -0.002012660
 612    5621     0.006276419
 612     602    -0.002309763
 612     603    -0.000223933
 612     604    -0.000164037
 612     610    -0.004019881
 612     611     0.018437002
 612     612     2.022000000
 612     613    -0.000322929
 613    5620    -0.006936058
 613    5621     0.008474752
 613     602     0.000929987
 613     603     0.005181389
 613     604     0.001332978
 613     610     0.000560118
 613     611     0.001180153
 613     612    -0.000322929
 613     613     1.959200000
