5620    5620    2.322800002
5620    5621    0.004457280
5620     602    0.000593781
5620     603    0.005176775
5620     604    0.002460655
5620     610    0.003349372
5620     611    0.002738813
5620     612    0.004383904
5620     613    0.005797860
5621    5620    0.004457280
5621    5621    2.205999995
5621     602    0.004084437
5621     603    0.024442323
5621     604    0.031811024
5621     610    0.001044417
5621     611    0.000432850
5621     612    0.006311823
5621     613    0.009417507
 602    5620    0.000593781
 602    5621    0.004084437
 602     602    2.000500000
 602     603    0.015431458
 602     604    0.001969157
 602     610    0.001242416
 602     611    0.000237500
 602     612    0.002588940
 602     613    0.001752814
 603    5620    0.005176775
 603    5621    0.024442323
 603     602    0.015431458
 603     603    2.006900000
 603     604    0.000889469
 603     610    0.002036914
 603     611    0.000209840
 603     612    0.000150206
 603     613    0.003894370
 604    5620    0.002460655
 604    5621    0.031811024
 604     602    0.001969157
 604     603    0.000889469
 604     604    2.002300000
 604     610    0.001753469
 604     611    0.000265147
 604     612    0.001792503
 604     613    0.000929777
 610    5620    0.003349372
 610    5621    0.001044417
 610     602    0.001242416
 610     603    0.002036914
 610     604    0.001753469
 610     610    1.962100000
 610     611    0.006772603
 610     612    0.007102836
 610     613    0.000553143
 611    5620    0.002738813
 611    5621    0.000432850
 611     602    0.000237500
 611     603    0.000209840
 611     604    0.000265147
 611     610    0.006772603
 611     611    2.127000000
 611     612    0.019706350
 611     613    0.000580765
 612    5620    0.004383904
 612    5621    0.006311823
 612     602    0.002588940
 612     603    0.000150206
 612     604    0.001792503
 612     610    0.007102836
 612     611    0.019706350
 612     612    2.105800000
 612     613    0.000044334
 613    5620    0.005797860
 613    5621    0.009417507
 613     602    0.001752814
 613     603    0.003894370
 613     604    0.000929777
 613     610    0.000553143
 613     611    0.000580765
 613     612    0.000044334
 613     613    1.896400000
