5620    5620     2.399000002
5620    5621     0.006071190
5620     602    -0.002474602
5620     603     0.005517705
5620     604     0.000779018
5620     610    -0.000546619
5620     611     0.001724909
5620     612     0.001564295
5620     613    -0.007977853
5621    5620     0.006071190
5621    5621     2.399099995
5621     602     0.001712266
5621     603     0.017345778
5621     604     0.032909984
5621     610    -0.001972835
5621     611     0.000076668
5621     612     0.005630594
5621     613     0.007622095
 602    5620    -0.002474602
 602    5621     0.001712266
 602     602     2.044600000
 602     603    -0.006232863
 602     604    -0.001515781
 602     610     0.002602268
 602     611     0.001033438
 602     612    -0.002221225
 602     613     0.000021732
 603    5620     0.005517705
 603    5621     0.017345778
 603     602    -0.006232863
 603     603     2.052900000
 603     604    -0.000481498
 603     610     0.002325782
 603     611    -0.000419405
 603     612     0.000376942
 603     613     0.004544021
 604    5620     0.000779018
 604    5621     0.032909984
 604     602    -0.001515781
 604     603    -0.000481498
 604     604     1.981900000
 604     610    -0.001326512
 604     611    -0.000600499
 604     612     0.000124901
 604     613     0.001149389
 610    5620    -0.000546619
 610    5621    -0.001972835
 610     602     0.002602268
 610     603     0.002325782
 610     604    -0.001326512
 610     610     2.053800000
 610     611     0.007523408
 610     612     0.003921167
 610     613    -0.000712121
 611    5620     0.001724909
 611    5621     0.000076668
 611     602     0.001033438
 611     603    -0.000419405
 611     604    -0.000600499
 611     610     0.007523408
 611     611     2.034700000
 611     612    -0.018315331
 611     613     0.000977621
 612    5620     0.001564295
 612    5621     0.005630594
 612     602    -0.002221225
 612     603     0.000376942
 612     604     0.000124901
 612     610     0.003921167
 612     611    -0.018315331
 612     612     2.062300000
 612     613     0.000660920
 613    5620    -0.007977853
 613    5621     0.007622095
 613     602     0.000021732
 613     603     0.004544021
 613     604     0.001149389
 613     610    -0.000712121
 613     611     0.000977621
 613     612     0.000660920
 613     613     1.965500000
