5620    5620    2.441500002
5620    5621    0.006224093
5620     602    0.001709875
5620     603    0.005951208
5620     604    0.001452118
5620     610    0.002839593
5620     611    0.003191615
5620     612    0.002589049
5620     613    0.000276367
5621    5620    0.006224093
5621    5621    2.427799995
5621     602    0.002102661
5621     603    0.025285587
5621     604    0.029446335
5621     610    0.003227908
5621     611    0.000565708
5621     612    0.006077345
5621     613    0.006344747
 602    5620    0.001709875
 602    5621    0.002102661
 602     602    2.045800000
 602     603    0.007204460
 602     604    0.001448636
 602     610    0.002559411
 602     611    0.000753707
 602     612    0.002225775
 602     613    0.000410321
 603    5620    0.005951208
 603    5621    0.025285587
 603     602    0.007204460
 603     603    1.942600000
 603     604    0.001524058
 603     610    0.002412247
 603     611    0.000213873
 603     612    0.000088288
 603     613    0.003027232
 604    5620    0.001452118
 604    5621    0.029446335
 604     602    0.001448636
 604     603    0.001524058
 604     604    1.987600000
 604     610    0.002150417
 604     611    0.000561023
 604     612    0.000400087
 604     613    0.000905506
 610    5620    0.002839593
 610    5621    0.003227908
 610     602    0.002559411
 610     603    0.002412247
 610     604    0.002150417
 610     610    2.040000000
 610     611    0.007501884
 610     612    0.002243570
 610     613    0.000154678
 611    5620    0.003191615
 611    5621    0.000565708
 611     602    0.000753707
 611     603    0.000213873
 611     604    0.000561023
 611     610    0.007501884
 611     611    2.070300000
 611     612    0.021063553
 611     613    0.000417465
 612    5620    0.002589049
 612    5621    0.006077345
 612     602    0.002225775
 612     603    0.000088288
 612     604    0.000400087
 612     610    0.002243570
 612     611    0.021063553
 612     612    2.104000000
 612     613    0.000048358
 613    5620    0.000276367
 613    5621    0.006344747
 613     602    0.000410321
 613     603    0.003027232
 613     604    0.000905506
 613     610    0.000154678
 613     611    0.000417465
 613     612    0.000048358
 613     613    2.091300000
