5620    5620    2.395400002
5620    5621    0.006192951
5620     602    0.001317914
5620     603    0.005906660
5620     604    0.000405356
5620     610    0.000253028
5620     611    0.000910398
5620     612    0.000118598
5620     613    0.006326036
5621    5620    0.006192951
5621    5621    2.355399995
5621     602    0.000778119
5621     603    0.023732979
5621     604    0.027297497
5621     610    0.003151076
5621     611    0.000294749
5621     612    0.006687103
5621     613    0.007343615
 602    5620    0.001317914
 602    5621    0.000778119
 602     602    1.974100000
 602     603    0.008725124
 602     604    0.001701273
 602     610    0.002390546
 602     611    0.000242615
 602     612    0.002621300
 602     613    0.000552464
 603    5620    0.005906660
 603    5621    0.023732979
 603     602    0.008725124
 603     603    2.098100000
 603     604    0.001212807
 603     610    0.002198714
 603     611    0.000440115
 603     612    0.000242168
 603     613    0.003636506
 604    5620    0.000405356
 604    5621    0.027297497
 604     602    0.001701273
 604     603    0.001212807
 604     604    2.060700000
 604     610    0.002178101
 604     611    0.000418037
 604     612    0.000680183
 604     613    0.000797821
 610    5620    0.000253028
 610    5621    0.003151076
 610     602    0.002390546
 610     603    0.002198714
 610     604    0.002178101
 610     610    2.059600000
 610     611    0.006502145
 610     612    0.001989032
 610     613    0.000391788
 611    5620    0.000910398
 611    5621    0.000294749
 611     602    0.000242615
 611     603    0.000440115
 611     604    0.000418037
 611     610    0.006502145
 611     611    1.975700000
 611     612    0.019153939
 611     613    0.000842957
 612    5620    0.000118598
 612    5621    0.006687103
 612     602    0.002621300
 612     603    0.000242168
 612     604    0.000680183
 612     610    0.001989032
 612     611    0.019153939
 612     612    2.066900000
 612     613    0.000446739
 613    5620    0.006326036
 613    5621    0.007343615
 613     602    0.000552464
 613     603    0.003636506
 613     604    0.000797821
 613     610    0.000391788
 613     611    0.000842957
 613     612    0.000446739
 613     613    2.023700000
