5620    5620     2.256500002
5620    5621     0.006091084
5620     602    -0.000926997
5620     603     0.005677801
5620     604     0.001398380
5620     610     0.000383798
5620     611    -0.000125094
5620     612    -0.000598257
5620     613     0.006371971
5621    5620     0.006091084
5621    5621     2.385699995
5621     602     0.003418971
5621     603     0.023674186
5621     604     0.034382209
5621     610     0.002900342
5621     611    -0.000303365
5621     612    -0.006930861
5621     613    -0.006593141
 602    5620    -0.000926997
 602    5621     0.003418971
 602     602     1.985100000
 602     603    -0.009503818
 602     604    -0.001965305
 602     610     0.002176703
 602     611     0.000214529
 602     612    -0.002695281
 602     613     0.000791766
 603    5620     0.005677801
 603    5621     0.023674186
 603     602    -0.009503818
 603     603     2.039600000
 603     604     0.000951737
 603     610    -0.002330020
 603     611     0.000435560
 603     612     0.000150915
 603     613    -0.003710831
 604    5620     0.001398380
 604    5621     0.034382209
 604     602    -0.001965305
 604     603     0.000951737
 604     604     2.059700000
 604     610     0.001691487
 604     611    -0.000823019
 604     612     0.000281760
 604     613     0.001240879
 610    5620     0.000383798
 610    5621     0.002900342
 610     602     0.002176703
 610     603    -0.002330020
 610     604     0.001691487
 610     610     1.994200000
 610     611     0.006228260
 610     612     0.002445163
 610     613    -0.000510241
 611    5620    -0.000125094
 611    5621    -0.000303365
 611     602     0.000214529
 611     603     0.000435560
 611     604    -0.000823019
 611     610     0.006228260
 611     611     2.042800000
 611     612    -0.014765611
 611     613     0.000891784
 612    5620    -0.000598257
 612    5621    -0.006930861
 612     602    -0.002695281
 612     603     0.000150915
 612     604     0.000281760
 612     610     0.002445163
 612     611    -0.014765611
 612     612     2.044000000
 612     613     0.000490602
 613    5620     0.006371971
 613    5621    -0.006593141
 613     602     0.000791766
 613     603    -0.003710831
 613     604     0.001240879
 613     610    -0.000510241
 613     611     0.000891784
 613     612     0.000490602
 613     613     2.050600000
