5620    5620    2.474600002
5620    5621    0.005319762
5620     602    0.001706997
5620     603    0.005475625
5620     604    0.001801523
5620     610    0.005776970
5620     611    0.000979482
5620     612    0.016653906
5620     613    0.005874303
5621    5620    0.005319762
5621    5621    2.250499995
5621     602    0.001202064
5621     603    0.028163468
5621     604    0.031997881
5621     610    0.001249955
5621     611    0.000077764
5621     612    0.007249416
5621     613    0.008859297
 602    5620    0.001706997
 602    5621    0.001202064
 602     602    2.043900000
 602     603    0.009500975
 602     604    0.001508155
 602     610    0.001820193
 602     611    0.000448228
 602     612    0.002689776
 602     613    0.000346090
 603    5620    0.005475625
 603    5621    0.028163468
 603     602    0.009500975
 603     603    2.030300000
 603     604    0.001005567
 603     610    0.001905169
 603     611    0.000381479
 603     612    0.000433941
 603     613    0.004176847
 604    5620    0.001801523
 604    5621    0.031997881
 604     602    0.001508155
 604     603    0.001005567
 604     604    2.046900000
 604     610    0.000476746
 604     611    0.000751936
 604     612    0.000543156
 604     613    0.001334947
 610    5620    0.005776970
 610    5621    0.001249955
 610     602    0.001820193
 610     603    0.001905169
 610     604    0.000476746
 610     610    2.071200000
 610     611    0.006009938
 610     612    0.007787921
 610     613    0.000514405
 611    5620    0.000979482
 611    5621    0.000077764
 611     602    0.000448228
 611     603    0.000381479
 611     604    0.000751936
 611     610    0.006009938
 611     611    2.001600000
 611     612    0.017473053
 611     613    0.000862774
 612    5620    0.016653906
 612    5621    0.007249416
 612     602    0.002689776
 612     603    0.000433941
 612     604    0.000543156
 612     610    0.007787921
 612     611    0.017473053
 612     612    1.943500000
 612     613    0.000178516
 613    5620    0.005874303
 613    5621    0.008859297
 613     602    0.000346090
 613     603    0.004176847
 613     604    0.001334947
 613     610    0.000514405
 613     611    0.000862774
 613     612    0.000178516
 613     613    1.977200000
