5620    5620     2.222400002
5620    5621    -0.006881650
5620     602     0.000457235
5620     603     0.006435143
5620     604     0.001161567
5620     610     0.001162257
5620     611    -0.001558109
5620     612     0.000410284
5620     613     0.007861979
5621    5620    -0.006881650
5621    5621     2.270999995
5621     602    -0.003802221
5621     603    -0.024596540
5621     604     0.026761764
5621     610    -0.000572754
5621     611    -0.000058928
5621     612     0.007363070
5621     613     0.007120279
 602    5620     0.000457235
 602    5621    -0.003802221
 602     602     2.194000000
 602     603     0.008383071
 602     604    -0.001255151
 602     610    -0.001219857
 602     611    -0.000182638
 602     612    -0.002517579
 602     613     0.001086315
 603    5620     0.006435143
 603    5621    -0.024596540
 603     602     0.008383071
 603     603     2.038600000
 603     604    -0.000857334
 603     610     0.002069197
 603     611    -0.000473457
 603     612    -0.000008479
 603     613    -0.003928034
 604    5620     0.001161567
 604    5621     0.026761764
 604     602    -0.001255151
 604     603    -0.000857334
 604     604     2.058600000
 604     610    -0.000488633
 604     611     0.000539580
 604     612     0.000149452
 604     613     0.000996956
 610    5620     0.001162257
 610    5621    -0.000572754
 610     602    -0.001219857
 610     603     0.002069197
 610     604    -0.000488633
 610     610     2.060800000
 610     611     0.005875852
 610     612    -0.005397532
 610     613     0.000693864
 611    5620    -0.001558109
 611    5621    -0.000058928
 611     602    -0.000182638
 611     603    -0.000473457
 611     604     0.000539580
 611     610     0.005875852
 611     611     2.090400000
 611     612     0.015193498
 611     613     0.001019334
 612    5620     0.000410284
 612    5621     0.007363070
 612     602    -0.002517579
 612     603    -0.000008479
 612     604     0.000149452
 612     610    -0.005397532
 612     611     0.015193498
 612     612     1.985800000
 612     613     0.000312950
 613    5620     0.007861979
 613    5621     0.007120279
 613     602     0.001086315
 613     603    -0.003928034
 613     604     0.000996956
 613     610     0.000693864
 613     611     0.001019334
 613     612     0.000312950
 613     613     2.042800000
