5620    5620     2.273500002
5620    5621     0.006450597
5620     602     0.000263075
5620     603     0.005606465
5620     604     0.003219686
5620     610     0.001065888
5620     611     0.002258572
5620     612     0.000030610
5620     613     0.007888410
5621    5620     0.006450597
5621    5621     2.212899995
5621     602     0.000484535
5621     603     0.027130016
5621     604    -0.029125237
5621     610    -0.001206309
5621     611    -0.000551077
5621     612    -0.007362386
5621     613     0.006785483
 602    5620     0.000263075
 602    5621     0.000484535
 602     602     2.050000000
 602     603     0.007763663
 602     604     0.001735321
 602     610    -0.001260488
 602     611    -0.000135708
 602     612     0.002760361
 602     613     0.001160704
 603    5620     0.005606465
 603    5621     0.027130016
 603     602     0.007763663
 603     603     2.090900000
 603     604     0.001019987
 603     610     0.001989013
 603     611     0.000140956
 603     612     0.000011427
 603     613     0.003514191
 604    5620     0.003219686
 604    5621    -0.029125237
 604     602     0.001735321
 604     603     0.001019987
 604     604     2.086400000
 604     610     0.000227897
 604     611     0.000760315
 604     612    -0.001026163
 604     613     0.001085687
 610    5620     0.001065888
 610    5621    -0.001206309
 610     602    -0.001260488
 610     603     0.001989013
 610     604     0.000227897
 610     610     2.057100000
 610     611    -0.007218166
 610     612    -0.007439659
 610     613    -0.000718984
 611    5620     0.002258572
 611    5621    -0.000551077
 611     602    -0.000135708
 611     603     0.000140956
 611     604     0.000760315
 611     610    -0.007218166
 611     611     2.056700000
 611     612     0.018042278
 611     613    -0.000602385
 612    5620     0.000030610
 612    5621    -0.007362386
 612     602     0.002760361
 612     603     0.000011427
 612     604    -0.001026163
 612     610    -0.007439659
 612     611     0.018042278
 612     612     2.086100000
 612     613    -0.000475784
 613    5620     0.007888410
 613    5621     0.006785483
 613     602     0.001160704
 613     603     0.003514191
 613     604     0.001085687
 613     610    -0.000718984
 613     611    -0.000602385
 613     612    -0.000475784
 613     613     2.021700000
