5620    5620     2.214100002
5620    5621    -0.006237092
5620     602     0.000228982
5620     603    -0.006163463
5620     604    -0.000042421
5620     610     0.002473054
5620     611     0.000288109
5620     612     0.011386068
5620     613     0.009200769
5621    5620    -0.006237092
5621    5621     2.204499995
5621     602     0.004399545
5621     603    -0.026151667
5621     604    -0.035103906
5621     610    -0.003067512
5621     611     0.000255038
5621     612    -0.008231981
5621     613     0.006583421
 602    5620     0.000228982
 602    5621     0.004399545
 602     602     2.135200000
 602     603    -0.007683404
 602     604     0.001554421
 602     610    -0.000942672
 602     611    -0.000999955
 602     612    -0.002170994
 602     613    -0.001154219
 603    5620    -0.006163463
 603    5621    -0.026151667
 603     602    -0.007683404
 603     603     2.002400000
 603     604     0.000505927
 603     610     0.002232247
 603     611     0.000593236
 603     612     0.000108584
 603     613     0.003432618
 604    5620    -0.000042421
 604    5621    -0.035103906
 604     602     0.001554421
 604     603     0.000505927
 604     604     2.084500000
 604     610     0.001175601
 604     611    -0.000542385
 604     612    -0.000434596
 604     613    -0.000979161
 610    5620     0.002473054
 610    5621    -0.003067512
 610     602    -0.000942672
 610     603     0.002232247
 610     604     0.001175601
 610     610     2.038500000
 610     611    -0.007427625
 610     612    -0.005747090
 610     613    -0.000686993
 611    5620     0.000288109
 611    5621     0.000255038
 611     602    -0.000999955
 611     603     0.000593236
 611     604    -0.000542385
 611     610    -0.007427625
 611     611     2.005300000
 611     612     0.019053812
 611     613    -0.001037676
 612    5620     0.011386068
 612    5621    -0.008231981
 612     602    -0.002170994
 612     603     0.000108584
 612     604    -0.000434596
 612     610    -0.005747090
 612     611     0.019053812
 612     612     1.939000000
 612     613    -0.000170487
 613    5620     0.009200769
 613    5621     0.006583421
 613     602    -0.001154219
 613     603     0.003432618
 613     604    -0.000979161
 613     610    -0.000686993
 613     611    -0.001037676
 613     612    -0.000170487
 613     613     2.045700000
