5620    5620    2.363800002
5620    5621    0.005545506
5620     602    0.001406282
5620     603    0.006065907
5620     604    0.002279570
5620     610    0.005649938
5620     611    0.001363869
5620     612    0.006370874
5620     613    0.007728973
5621    5620    0.005545506
5621    5621    2.328999995
5621     602    0.004918970
5621     603    0.013268427
5621     604    0.025957929
5621     610    0.001007470
5621     611    0.000949951
5621     612    0.006533833
5621     613    0.005122918
 602    5620    0.001406282
 602    5621    0.004918970
 602     602    2.148100000
 602     603    0.006070487
 602     604    0.001548648
 602     610    0.001930032
 602     611    0.000395126
 602     612    0.002475101
 602     613    0.000395204
 603    5620    0.006065907
 603    5621    0.013268427
 603     602    0.006070487
 603     603    2.020300000
 603     604    0.000291096
 603     610    0.002279480
 603     611    0.000456137
 603     612    0.000177458
 603     613    0.003635489
 604    5620    0.002279570
 604    5621    0.025957929
 604     602    0.001548648
 604     603    0.000291096
 604     604    2.070500000
 604     610    0.001055215
 604     611    0.000584207
 604     612    0.000072437
 604     613    0.000896600
 610    5620    0.005649938
 610    5621    0.001007470
 610     602    0.001930032
 610     603    0.002279480
 610     604    0.001055215
 610     610    1.977800000
 610     611    0.006499641
 610     612    0.009640816
 610     613    0.000601962
 611    5620    0.001363869
 611    5621    0.000949951
 611     602    0.000395126
 611     603    0.000456137
 611     604    0.000584207
 611     610    0.006499641
 611     611    2.069600000
 611     612    0.015749896
 611     613    0.000688247
 612    5620    0.006370874
 612    5621    0.006533833
 612     602    0.002475101
 612     603    0.000177458
 612     604    0.000072437
 612     610    0.009640816
 612     611    0.015749896
 612     612    2.065600000
 612     613    0.000245928
 613    5620    0.007728973
 613    5621    0.005122918
 613     602    0.000395204
 613     603    0.003635489
 613     604    0.000896600
 613     610    0.000601962
 613     611    0.000688247
 613     612    0.000245928
 613     613    2.096900000
