5620    5620    2.346300002
5620    5621    0.005525248
5620     602    0.001185556
5620     603    0.005712469
5620     604    0.000552886
5620     610    0.003116167
5620     611    0.003715394
5620     612    0.009350021
5620     613    0.009587392
5621    5620    0.005525248
5621    5621    2.255399995
5621     602    0.000742953
5621     603    0.026557296
5621     604    0.033584964
5621     610    0.001655127
5621     611    0.000669364
5621     612    0.006384896
5621     613    0.006817635
 602    5620    0.001185556
 602    5621    0.000742953
 602     602    2.138400000
 602     603    0.010175462
 602     604    0.001627331
 602     610    0.001583875
 602     611    0.000217775
 602     612    0.002401468
 602     613    0.000396054
 603    5620    0.005712469
 603    5621    0.026557296
 603     602    0.010175462
 603     603    1.986000000
 603     604    0.001163623
 603     610    0.001930224
 603     611    0.000170028
 603     612    0.000140015
 603     613    0.003494612
 604    5620    0.000552886
 604    5621    0.033584964
 604     602    0.001627331
 604     603    0.001163623
 604     604    1.978100000
 604     610    0.001043679
 604     611    0.000495837
 604     612    0.000387433
 604     613    0.001013141
 610    5620    0.003116167
 610    5621    0.001655127
 610     602    0.001583875
 610     603    0.001930224
 610     604    0.001043679
 610     610    2.128500000
 610     611    0.006453499
 610     612    0.007590680
 610     613    0.000633261
 611    5620    0.003715394
 611    5621    0.000669364
 611     602    0.000217775
 611     603    0.000170028
 611     604    0.000495837
 611     610    0.006453499
 611     611    2.109200000
 611     612    0.019781543
 611     613    0.000514494
 612    5620    0.009350021
 612    5621    0.006384896
 612     602    0.002401468
 612     603    0.000140015
 612     604    0.000387433
 612     610    0.007590680
 612     611    0.019781543
 612     612    2.076600000
 612     613    0.000250605
 613    5620    0.009587392
 613    5621    0.006817635
 613     602    0.000396054
 613     603    0.003494612
 613     604    0.001013141
 613     610    0.000633261
 613     611    0.000514494
 613     612    0.000250605
 613     613    2.082300000
