5620    5620    2.147900002
5620    5621    0.006889547
5620     602    0.000446741
5620     603    0.006947419
5620     604    0.001794904
5620     610    0.003751148
5620     611    0.001180231
5620     612    0.002466567
5620     613    0.006360263
5621    5620    0.006889547
5621    5621    2.350899995
5621     602    0.004596821
5621     603    0.026156899
5621     604    0.030719126
5621     610    0.002061712
5621     611    0.000050586
5621     612    0.005332479
5621     613    0.009913908
 602    5620    0.000446741
 602    5621    0.004596821
 602     602    2.059800000
 602     603    0.009257914
 602     604    0.001714654
 602     610    0.001672454
 602     611    0.000011412
 602     612    0.002451610
 602     613    0.001244129
 603    5620    0.006947419
 603    5621    0.026156899
 603     602    0.009257914
 603     603    2.038100000
 603     604    0.000278775
 603     610    0.002400368
 603     611    0.000281914
 603     612    0.000234497
 603     613    0.004631146
 604    5620    0.001794904
 604    5621    0.030719126
 604     602    0.001714654
 604     603    0.000278775
 604     604    2.070500000
 604     610    0.001104199
 604     611    0.000614020
 604     612    0.000151913
 604     613    0.001080836
 610    5620    0.003751148
 610    5621    0.002061712
 610     602    0.001672454
 610     603    0.002400368
 610     604    0.001104199
 610     610    2.023300000
 610     611    0.007341157
 610     612    0.006459804
 610     613    0.000597316
 611    5620    0.001180231
 611    5621    0.000050586
 611     602    0.000011412
 611     603    0.000281914
 611     604    0.000614020
 611     610    0.007341157
 611     611    2.039900000
 611     612    0.018345184
 611     613    0.000702317
 612    5620    0.002466567
 612    5621    0.005332479
 612     602    0.002451610
 612     603    0.000234497
 612     604    0.000151913
 612     610    0.006459804
 612     611    0.018345184
 612     612    2.105100000
 612     613    0.000257606
 613    5620    0.006360263
 613    5621    0.009913908
 613     602    0.001244129
 613     603    0.004631146
 613     604    0.001080836
 613     610    0.000597316
 613     611    0.000702317
 613     612    0.000257606
 613     613    1.987800000
