5620    5620     2.288500002
5620    5621     0.004946857
5620     602    -0.000548317
5620     603    -0.005896340
5620     604    -0.002402505
5620     610    -0.005135066
5620     611     0.002424183
5620     612    -0.013041176
5620     613     0.007031423
5621    5620     0.004946857
5621    5621     2.268899995
5621     602    -0.005327580
5621     603     0.023053402
5621     604    -0.034899755
5621     610     0.002309973
5621     611    -0.000406773
5621     612     0.005530900
5621     613    -0.009210476
 602    5620    -0.000548317
 602    5621    -0.005327580
 602     602     2.065300000
 602     603     0.011203813
 602     604    -0.001657875
 602     610    -0.001860378
 602     611     0.000034265
 602     612     0.002529953
 602     613     0.000992966
 603    5620    -0.005896340
 603    5621     0.023053402
 603     602     0.011203813
 603     603     2.078000000
 603     604     0.000457606
 603     610     0.002277486
 603     611     0.000098579
 603     612    -0.000393299
 603     613     0.003878683
 604    5620    -0.002402505
 604    5621    -0.034899755
 604     602    -0.001657875
 604     603     0.000457606
 604     604     2.109200000
 604     610     0.001533500
 604     611     0.000265198
 604     612    -0.000580990
 604     613    -0.000911944
 610    5620    -0.005135066
 610    5621     0.002309973
 610     602    -0.001860378
 610     603     0.002277486
 610     604     0.001533500
 610     610     2.006100000
 610     611    -0.006970768
 610     612    -0.005312384
 610     613     0.000671575
 611    5620     0.002424183
 611    5621    -0.000406773
 611     602     0.000034265
 611     603     0.000098579
 611     604     0.000265198
 611     610    -0.006970768
 611     611     2.130300000
 611     612    -0.016823846
 611     613    -0.000362681
 612    5620    -0.013041176
 612    5621     0.005530900
 612     602     0.002529953
 612     603    -0.000393299
 612     604    -0.000580990
 612     610    -0.005312384
 612     611    -0.016823846
 612     612     2.099100000
 612     613     0.000674096
 613    5620     0.007031423
 613    5621    -0.009210476
 613     602     0.000992966
 613     603     0.003878683
 613     604    -0.000911944
 613     610     0.000671575
 613     611    -0.000362681
 613     612     0.000674096
 613     613     2.021400000
