5620    5620     2.225000002
5620    5621    -0.007113877
5620     602    -0.001720934
5620     603     0.005185342
5620     604    -0.004493494
5620     610    -0.002092721
5620     611     0.004446646
5620     612    -0.013119793
5620     613     0.010012919
5621    5620    -0.007113877
5621    5621     2.405899995
5621     602     0.000404306
5621     603     0.019821348
5621     604    -0.027337247
5621     610     0.003612147
5621     611    -0.000578801
5621     612    -0.006617504
5621     613     0.007133132
 602    5620    -0.001720934
 602    5621     0.000404306
 602     602     2.041100000
 602     603     0.006443181
 602     604     0.001576054
 602     610     0.002324846
 602     611     0.000054504
 602     612     0.002732823
 602     613    -0.000411925
 603    5620     0.005185342
 603    5621     0.019821348
 603     602     0.006443181
 603     603     2.085400000
 603     604     0.000224901
 603     610    -0.001770263
 603     611     0.000175765
 603     612    -0.000065910
 603     613    -0.003281366
 604    5620    -0.004493494
 604    5621    -0.027337247
 604     602     0.001576054
 604     603     0.000224901
 604     604     2.121100000
 604     610     0.001408100
 604     611    -0.000862174
 604     612     0.000902690
 604     613     0.001137045
 610    5620    -0.002092721
 610    5621     0.003612147
 610     602     0.002324846
 610     603    -0.001770263
 610     604     0.001408100
 610     610     2.056600000
 610     611    -0.007198243
 610     612     0.003362134
 610     613    -0.000514024
 611    5620     0.004446646
 611    5621    -0.000578801
 611     602     0.000054504
 611     603     0.000175765
 611     604    -0.000862174
 611     610    -0.007198243
 611     611     1.987600000
 611     612    -0.019437891
 611     613    -0.000622263
 612    5620    -0.013119793
 612    5621    -0.006617504
 612     602     0.002732823
 612     603    -0.000065910
 612     604     0.000902690
 612     610     0.003362134
 612     611    -0.019437891
 612     612     2.016700000
 612     613    -0.000260642
 613    5620     0.010012919
 613    5621     0.007133132
 613     602    -0.000411925
 613     603    -0.003281366
 613     604     0.001137045
 613     610    -0.000514024
 613     611    -0.000622263
 613     612    -0.000260642
 613     613     2.010500000
