5620    5620    2.257600002
5620    5621    0.007320085
5620     602    0.000514594
5620     603    0.004980018
5620     604    0.002593801
5620     610    0.006721092
5620     611    0.004435193
5620     612    0.016164916
5620     613    0.009487689
5621    5620    0.007320085
5621    5621    2.406499995
5621     602    0.005031665
5621     603    0.020938027
5621     604    0.030621147
5621     610    0.002593368
5621     611    0.000185958
5621     612    0.006488553
5621     613    0.007884270
 602    5620    0.000514594
 602    5621    0.005031665
 602     602    2.050400000
 602     603    0.009600550
 602     604    0.001540250
 602     610    0.001962535
 602     611    0.000284504
 602     612    0.002586282
 602     613    0.001228102
 603    5620    0.004980018
 603    5621    0.020938027
 603     602    0.009600550
 603     603    2.011200000
 603     604    0.000480072
 603     610    0.002302933
 603     611    0.000436102
 603     612    0.000038873
 603     613    0.003897268
 604    5620    0.002593801
 604    5621    0.030621147
 604     602    0.001540250
 604     603    0.000480072
 604     604    1.993800000
 604     610    0.001724260
 604     611    0.000608092
 604     612    0.000052228
 604     613    0.001195992
 610    5620    0.006721092
 610    5621    0.002593368
 610     602    0.001962535
 610     603    0.002302933
 610     604    0.001724260
 610     610    2.020900000
 610     611    0.006944551
 610     612    0.005100847
 610     613    0.000556115
 611    5620    0.004435193
 611    5621    0.000185958
 611     602    0.000284504
 611     603    0.000436102
 611     604    0.000608092
 611     610    0.006944551
 611     611    2.019700000
 611     612    0.018055461
 611     613    0.000909057
 612    5620    0.016164916
 612    5621    0.006488553
 612     602    0.002586282
 612     603    0.000038873
 612     604    0.000052228
 612     610    0.005100847
 612     611    0.018055461
 612     612    2.027800000
 612     613    0.000300316
 613    5620    0.009487689
 613    5621    0.007884270
 613     602    0.001228102
 613     603    0.003897268
 613     604    0.001195992
 613     610    0.000556115
 613     611    0.000909057
 613     612    0.000300316
 613     613    2.017800000
