5620    5620     2.316900002
5620    5621    -0.004526319
5620     602     0.003225223
5620     603    -0.005174798
5620     604     0.000758561
5620     610     0.005720388
5620     611     0.003109220
5620     612    -0.009436917
5620     613    -0.008714181
5621    5620    -0.004526319
5621    5621     2.207799995
5621     602    -0.006918699
5621     603    -0.022164750
5621     604     0.029810701
5621     610    -0.000366306
5621     611    -0.000318592
5621     612    -0.004806346
5621     613    -0.006425672
 602    5620     0.003225223
 602    5621    -0.006918699
 602     602     2.009400000
 602     603     0.004902190
 602     604     0.001259409
 602     610     0.002429906
 602     611     0.000699548
 602     612    -0.001644885
 602     613     0.001107788
 603    5620    -0.005174798
 603    5621    -0.022164750
 603     602     0.004902190
 603     603     2.044400000
 603     604    -0.000864529
 603     610     0.001869103
 603     611    -0.000114336
 603     612     0.000067177
 603     613     0.003109512
 604    5620     0.000758561
 604    5621     0.029810701
 604     602     0.001259409
 604     603    -0.000864529
 604     604     2.100200000
 604     610    -0.000566208
 604     611     0.000354687
 604     612    -0.000336506
 604     613     0.000824283
 610    5620     0.005720388
 610    5621    -0.000366306
 610     602     0.002429906
 610     603     0.001869103
 610     604    -0.000566208
 610     610     2.114200000
 610     611     0.006298285
 610     612    -0.004018495
 610     613    -0.000791273
 611    5620     0.003109220
 611    5621    -0.000318592
 611     602     0.000699548
 611     603    -0.000114336
 611     604     0.000354687
 611     610     0.006298285
 611     611     2.116400000
 611     612     0.015694981
 611     613    -0.000585293
 612    5620    -0.009436917
 612    5621    -0.004806346
 612     602    -0.001644885
 612     603     0.000067177
 612     604    -0.000336506
 612     610    -0.004018495
 612     611     0.015694981
 612     612     2.145000000
 612     613     0.000467750
 613    5620    -0.008714181
 613    5621    -0.006425672
 613     602     0.001107788
 613     603     0.003109512
 613     604     0.000824283
 613     610    -0.000791273
 613     611    -0.000585293
 613     612     0.000467750
 613     613     1.980700000
