5620    5620     2.496199998
5620    5621     0.007337331
5620     602     0.001375350
5620     603     0.005470681
5620     604    -0.005018180
5620     610    -0.004156410
5620     611     0.001207771
5620     612     0.007353714
5620     613     0.004121771
5621    5620     0.007337331
5621    5621     2.482500003
5621     602    -0.002133631
5621     603     0.027160871
5621     604     0.030410721
5621     610    -0.002058544
5621     611     0.000255463
5621     612    -0.005184729
5621     613     0.008203439
 602    5620     0.001375350
 602    5621    -0.002133631
 602     602     1.945900002
 602     603    -0.009176167
 602     604    -0.001745685
 602     610     0.002132743
 602     611     0.000725428
 602     612     0.002501376
 602     613    -0.000716782
 603    5620     0.005470681
 603    5621     0.027160871
 603     602    -0.009176167
 603     603     1.914000000
 603     604     0.000836554
 603     610     0.002542427
 603     611    -0.000550099
 603     612     0.000019373
 603     613     0.004080133
 604    5620    -0.005018180
 604    5621     0.030410721
 604     602    -0.001745685
 604     603     0.000836554
 604     604     1.966100000
 604     610     0.001051326
 604     611    -0.000814151
 604     612     0.000491446
 604     613    -0.001262720
 610    5620    -0.004156410
 610    5621    -0.002058544
 610     602     0.002132743
 610     603     0.002542427
 610     604     0.001051326
 610     610     1.962300000
 610     611    -0.006707379
 610     612    -0.010416982
 610     613    -0.000550038
 611    5620     0.001207771
 611    5621     0.000255463
 611     602     0.000725428
 611     603    -0.000550099
 611     604    -0.000814151
 611     610    -0.006707379
 611     611     2.053300001
 611     612    -0.015718939
 611     613    -0.000714171
 612    5620     0.007353714
 612    5621    -0.005184729
 612     602     0.002501376
 612     603     0.000019373
 612     604     0.000491446
 612     610    -0.010416982
 612     611    -0.015718939
 612     612     2.135100000
 612     613     0.000038626
 613    5620     0.004121771
 613    5621     0.008203439
 613     602    -0.000716782
 613     603     0.004080133
 613     604    -0.001262720
 613     610    -0.000550038
 613     611    -0.000714171
 613     612     0.000038626
 613     613     1.947500000
