5620    5620     2.114899998
5620    5621     0.005437532
5620     602    -0.001902090
5620     603    -0.005888426
5620     604    -0.001491563
5620     610     0.000032245
5620     611    -0.005220254
5620     612     0.016625328
5620     613     0.001115203
5621    5620     0.005437532
5621    5621     2.435000003
5621     602     0.002869063
5621     603     0.018241951
5621     604    -0.024842870
5621     610    -0.002456082
5621     611    -0.000870269
5621     612    -0.006938708
5621     613    -0.009064083
 602    5620    -0.001902090
 602    5621     0.002869063
 602     602     1.944900002
 602     603     0.008880399
 602     604     0.001190809
 602     610    -0.002120133
 602     611     0.000414317
 602     612     0.002355574
 602     613     0.000720013
 603    5620    -0.005888426
 603    5621     0.018241951
 603     602     0.008880399
 603     603     1.940700000
 603     604     0.000466918
 603     610    -0.002248427
 603     611    -0.000116981
 603     612    -0.000109388
 603     613    -0.005517631
 604    5620    -0.001491563
 604    5621    -0.024842870
 604     602     0.001190809
 604     603     0.000466918
 604     604     2.094000000
 604     610    -0.001298508
 604     611    -0.000590766
 604     612    -0.000135732
 604     613     0.001329765
 610    5620     0.000032245
 610    5621    -0.002456082
 610     602    -0.002120133
 610     603    -0.002248427
 610     604    -0.001298508
 610     610     2.000900000
 610     611     0.007809184
 610     612    -0.005052456
 610     613     0.000331212
 611    5620    -0.005220254
 611    5621    -0.000870269
 611     602     0.000414317
 611     603    -0.000116981
 611     604    -0.000590766
 611     610     0.007809184
 611     611     1.907800001
 611     612    -0.020678830
 611     613    -0.000594215
 612    5620     0.016625328
 612    5621    -0.006938708
 612     602     0.002355574
 612     603    -0.000109388
 612     604    -0.000135732
 612     610    -0.005052456
 612     611    -0.020678830
 612     612     2.001900000
 612     613     0.000131086
 613    5620     0.001115203
 613    5621    -0.009064083
 613     602     0.000720013
 613     603    -0.005517631
 613     604     0.001329765
 613     610     0.000331212
 613     611    -0.000594215
 613     612     0.000131086
 613     613     1.988100000
