5620    5620     2.261299998
5620    5621     0.006320494
5620     602     0.002118466
5620     603     0.006412961
5620     604     0.000889455
5620     610     0.001547919
5620     611    -0.002817024
5620     612    -0.019981878
5620     613    -0.004832259
5621    5620     0.006320494
5621    5621     2.339800003
5621     602    -0.004175346
5621     603    -0.021103642
5621     604    -0.028205194
5621     610    -0.002720800
5621     611     0.000195500
5621     612    -0.006876639
5621     613    -0.008994953
 602    5620     0.002118466
 602    5621    -0.004175346
 602     602     2.026600002
 602     603     0.006629816
 602     604    -0.001493287
 602     610    -0.002466240
 602     611    -0.000412139
 602     612     0.002738659
 602     613     0.000496628
 603    5620     0.006412961
 603    5621    -0.021103642
 603     602     0.006629816
 603     603     1.928400000
 603     604     0.000631929
 603     610    -0.002451487
 603     611    -0.000297621
 603     612     0.000284690
 603     613    -0.005180742
 604    5620     0.000889455
 604    5621    -0.028205194
 604     602    -0.001493287
 604     603     0.000631929
 604     604     2.052200000
 604     610    -0.001356535
 604     611    -0.000499758
 604     612    -0.000434217
 604     613     0.001124745
 610    5620     0.001547919
 610    5621    -0.002720800
 610     602    -0.002466240
 610     603    -0.002451487
 610     604    -0.001356535
 610     610     2.018100000
 610     611    -0.007258047
 610     612     0.007403183
 610     613     0.000441792
 611    5620    -0.002817024
 611    5621     0.000195500
 611     602    -0.000412139
 611     603    -0.000297621
 611     604    -0.000499758
 611     610    -0.007258047
 611     611     2.109500001
 611     612     0.016254528
 611     613     0.000760589
 612    5620    -0.019981878
 612    5621    -0.006876639
 612     602     0.002738659
 612     603     0.000284690
 612     604    -0.000434217
 612     610     0.007403183
 612     611     0.016254528
 612     612     2.046500000
 612     613    -0.000194101
 613    5620    -0.004832259
 613    5621    -0.008994953
 613     602     0.000496628
 613     603    -0.005180742
 613     604     0.001124745
 613     610     0.000441792
 613     611     0.000760589
 613     612    -0.000194101
 613     613     1.933500000
