5620    5620     2.289099998
5620    5621     0.006808804
5620     602     0.000690283
5620     603    -0.006899237
5620     604    -0.002491786
5620     610    -0.003478589
5620     611     0.001210569
5620     612    -0.012405596
5620     613    -0.008867448
5621    5620     0.006808804
5621    5621     2.550800003
5621     602     0.001441576
5621     603    -0.021924886
5621     604    -0.029059249
5621     610     0.001081704
5621     611     0.000205751
5621     612    -0.006251962
5621     613     0.006302141
 602    5620     0.000690283
 602    5621     0.001441576
 602     602     1.955000002
 602     603    -0.007147518
 602     604    -0.001670667
 602     610    -0.001420142
 602     611     0.000165662
 602     612    -0.002926901
 602     613    -0.001071783
 603    5620    -0.006899237
 603    5621    -0.021924886
 603     602    -0.007147518
 603     603     1.831900000
 603     604    -0.000643205
 603     610     0.002293619
 603     611     0.000404912
 603     612    -0.000110021
 603     613     0.004578806
 604    5620    -0.002491786
 604    5621    -0.029059249
 604     602    -0.001670667
 604     603    -0.000643205
 604     604     2.041500000
 604     610     0.001115993
 604     611    -0.000279970
 604     612     0.000986513
 604     613    -0.000865383
 610    5620    -0.003478589
 610    5621     0.001081704
 610     602    -0.001420142
 610     603     0.002293619
 610     604     0.001115993
 610     610     2.068100000
 610     611     0.006364682
 610     612    -0.008886818
 610     613     0.000657446
 611    5620     0.001210569
 611    5621     0.000205751
 611     602     0.000165662
 611     603     0.000404912
 611     604    -0.000279970
 611     610     0.006364682
 611     611     2.100000001
 611     612     0.019325099
 611     613     0.000812458
 612    5620    -0.012405596
 612    5621    -0.006251962
 612     602    -0.002926901
 612     603    -0.000110021
 612     604     0.000986513
 612     610    -0.008886818
 612     611     0.019325099
 612     612     2.116900000
 612     613    -0.000424422
 613    5620    -0.008867448
 613    5621     0.006302141
 613     602    -0.001071783
 613     603     0.004578806
 613     604    -0.000865383
 613     610     0.000657446
 613     611     0.000812458
 613     612    -0.000424422
 613     613     1.955300000
