5620    5620     2.441099998
5620    5621     0.005273953
5620     602    -0.000991801
5620     603    -0.005336854
5620     604     0.003731489
5620     610     0.003268040
5620     611     0.001907723
5620     612     0.014910975
5620     613     0.007832389
5621    5620     0.005273953
5621    5621     2.605000003
5621     602     0.000836894
5621     603     0.025356283
5621     604     0.022226239
5621     610     0.002398615
5621     611     0.000071681
5621     612     0.006425988
5621     613     0.006667929
 602    5620    -0.000991801
 602    5621     0.000836894
 602     602     1.900600002
 602     603     0.010161120
 602     604     0.001641865
 602     610    -0.002001990
 602     611    -0.000370698
 602     612    -0.002771250
 602     613    -0.000676249
 603    5620    -0.005336854
 603    5621     0.025356283
 603     602     0.010161120
 603     603     1.925100000
 603     604     0.001059861
 603     610     0.002048644
 603     611    -0.000205603
 603     612     0.000429824
 603     613     0.003460496
 604    5620     0.003731489
 604    5621     0.022226239
 604     602     0.001641865
 604     603     0.001059861
 604     604     2.069500000
 604     610    -0.001308154
 604     611     0.000805617
 604     612     0.000877281
 604     613    -0.001215363
 610    5620     0.003268040
 610    5621     0.002398615
 610     602    -0.002001990
 610     603     0.002048644
 610     604    -0.001308154
 610     610     2.061100000
 610     611    -0.005698740
 610     612     0.006139447
 610     613     0.000501667
 611    5620     0.001907723
 611    5621     0.000071681
 611     602    -0.000370698
 611     603    -0.000205603
 611     604     0.000805617
 611     610    -0.005698740
 611     611     2.039000001
 611     612     0.018052812
 611     613     0.000624245
 612    5620     0.014910975
 612    5621     0.006425988
 612     602    -0.002771250
 612     603     0.000429824
 612     604     0.000877281
 612     610     0.006139447
 612     611     0.018052812
 612     612     2.084600000
 612     613    -0.000046186
 613    5620     0.007832389
 613    5621     0.006667929
 613     602    -0.000676249
 613     603     0.003460496
 613     604    -0.001215363
 613     610     0.000501667
 613     611     0.000624245
 613     612    -0.000046186
 613     613     1.943100000
