5620    5620     2.329299998
5620    5621    -0.003500837
5620     602     0.000597849
5620     603    -0.005158320
5620     604    -0.003271526
5620     610     0.005915820
5620     611     0.001030922
5620     612    -0.018205841
5620     613    -0.009696740
5621    5620    -0.003500837
5621    5621     2.303500003
5621     602    -0.000620217
5621     603    -0.026459525
5621     604     0.026830081
5621     610     0.002463238
5621     611     0.000202879
5621     612     0.007503890
5621     613     0.004948987
 602    5620     0.000597849
 602    5621    -0.000620217
 602     602     1.966400002
 602     603     0.008832279
 602     604     0.001628017
 602     610     0.001896411
 602     611     0.000268786
 602     612    -0.002547243
 602     613    -0.000569137
 603    5620    -0.005158320
 603    5621    -0.026459525
 603     602     0.008832279
 603     603     1.934300000
 603     604     0.001487060
 603     610     0.002108198
 603     611    -0.000331890
 603     612    -0.000441936
 603     613     0.002605771
 604    5620    -0.003271526
 604    5621     0.026830081
 604     602     0.001628017
 604     603     0.001487060
 604     604     2.038100000
 604     610    -0.001866176
 604     611    -0.000759632
 604     612    -0.000207444
 604     613    -0.000938516
 610    5620     0.005915820
 610    5621     0.002463238
 610     602     0.001896411
 610     603     0.002108198
 610     604    -0.001866176
 610     610     1.955900000
 610     611    -0.006523375
 610     612    -0.007129304
 610     613     0.000564013
 611    5620     0.001030922
 611    5621     0.000202879
 611     602     0.000268786
 611     603    -0.000331890
 611     604    -0.000759632
 611     610    -0.006523375
 611     611     2.049300001
 611     612     0.019552706
 611     613    -0.000924436
 612    5620    -0.018205841
 612    5621     0.007503890
 612     602    -0.002547243
 612     603    -0.000441936
 612     604    -0.000207444
 612     610    -0.007129304
 612     611     0.019552706
 612     612     2.053000000
 612     613    -0.000093044
 613    5620    -0.009696740
 613    5621     0.004948987
 613     602    -0.000569137
 613     603     0.002605771
 613     604    -0.000938516
 613     610     0.000564013
 613     611    -0.000924436
 613     612    -0.000093044
 613     613     2.044600000
