5620    5620     2.318499998
5620    5621     0.004104699
5620     602     0.001352894
5620     603     0.005977375
5620     604     0.000848386
5620     610    -0.004228237
5620     611     0.001882403
5620     612    -0.013216618
5620     613    -0.006786741
5621    5620     0.004104699
5621    5621     2.182600003
5621     602    -0.002582104
5621     603     0.020386841
5621     604    -0.031647413
5621     610    -0.000490679
5621     611    -0.000166807
5621     612    -0.007368927
5621     613    -0.006311287
 602    5620     0.001352894
 602    5621    -0.002582104
 602     602     1.958800002
 602     603     0.004376627
 602     604     0.001547414
 602     610     0.001562973
 602     611     0.000293661
 602     612     0.002473316
 602     613     0.000415447
 603    5620     0.005977375
 603    5621     0.020386841
 603     602     0.004376627
 603     603     1.938800000
 603     604     0.000435886
 603     610    -0.002055977
 603     611     0.000255474
 603     612     0.000037768
 603     613    -0.003599850
 604    5620     0.000848386
 604    5621    -0.031647413
 604     602     0.001547414
 604     603     0.000435886
 604     604     2.078100000
 604     610    -0.000613942
 604     611     0.000562028
 604     612     0.000465335
 604     613     0.001041780
 610    5620    -0.004228237
 610    5621    -0.000490679
 610     602     0.001562973
 610     603    -0.002055977
 610     604    -0.000613942
 610     610     2.022300000
 610     611     0.006200156
 610     612    -0.007318127
 610     613    -0.000634342
 611    5620     0.001882403
 611    5621    -0.000166807
 611     602     0.000293661
 611     603     0.000255474
 611     604     0.000562028
 611     610     0.006200156
 611     611     2.054400001
 611     612    -0.015894777
 611     613    -0.000616661
 612    5620    -0.013216618
 612    5621    -0.007368927
 612     602     0.002473316
 612     603     0.000037768
 612     604     0.000465335
 612     610    -0.007318127
 612     611    -0.015894777
 612     612     2.045000000
 612     613     0.000044607
 613    5620    -0.006786741
 613    5621    -0.006311287
 613     602     0.000415447
 613     603    -0.003599850
 613     604     0.001041780
 613     610    -0.000634342
 613     611    -0.000616661
 613     612     0.000044607
 613     613     1.981400000
