5620    5620     2.422699998
5620    5621     0.004610126
5620     602     0.001211170
5620     603     0.005708968
5620     604    -0.000521953
5620     610     0.000495641
5620     611     0.000841389
5620     612     0.005636897
5620     613    -0.005986681
5621    5620     0.004610126
5621    5621     2.304700003
5621     602     0.000177747
5621     603    -0.023727574
5621     604     0.038206628
5621     610     0.002773319
5621     611    -0.000142289
5621     612     0.007191520
5621     613    -0.009414280
 602    5620     0.001211170
 602    5621     0.000177747
 602     602     1.948100002
 602     603    -0.005538342
 602     604     0.001650842
 602     610    -0.002023230
 602     611    -0.000363059
 602     612    -0.002509089
 602     613     0.000711309
 603    5620     0.005708968
 603    5621    -0.023727574
 603     602    -0.005538342
 603     603     1.942500000
 603     604     0.000136491
 603     610    -0.002079201
 603     611     0.000354844
 603     612     0.000051406
 603     613     0.005101294
 604    5620    -0.000521953
 604    5621     0.038206628
 604     602     0.001650842
 604     603     0.000136491
 604     604     2.018300000
 604     610    -0.001525661
 604     611     0.000544324
 604     612    -0.000757890
 604     613    -0.001463422
 610    5620     0.000495641
 610    5621     0.002773319
 610     602    -0.002023230
 610     603    -0.002079201
 610     604    -0.001525661
 610     610     2.047500000
 610     611     0.005859292
 610     612     0.004119259
 610     613    -0.000529020
 611    5620     0.000841389
 611    5621    -0.000142289
 611     602    -0.000363059
 611     603     0.000354844
 611     604     0.000544324
 611     610     0.005859292
 611     611     2.049500001
 611     612    -0.019624892
 611     613    -0.000867155
 612    5620     0.005636897
 612    5621     0.007191520
 612     602    -0.002509089
 612     603     0.000051406
 612     604    -0.000757890
 612     610     0.004119259
 612     611    -0.019624892
 612     612     2.060400000
 612     613     0.000102404
 613    5620    -0.005986681
 613    5621    -0.009414280
 613     602     0.000711309
 613     603     0.005101294
 613     604    -0.001463422
 613     610    -0.000529020
 613     611    -0.000867155
 613     612     0.000102404
 613     613     1.916200000
