5620    5620     2.417499998
5620    5621     0.004127564
5620     602     0.001812898
5620     603    -0.005484442
5620     604     0.004282539
5620     610     0.001162435
5620     611    -0.001068751
5620     612     0.002146541
5620     613    -0.005054991
5621    5620     0.004127564
5621    5621     2.255500003
5621     602    -0.001241499
5621     603    -0.027295652
5621     604    -0.025713729
5621     610    -0.003010711
5621     611     0.000301696
5621     612     0.006671016
5621     613     0.009339775
 602    5620     0.001812898
 602    5621    -0.001241499
 602     602     1.948200002
 602     603    -0.007282836
 602     604     0.001163752
 602     610    -0.002335245
 602     611    -0.001031903
 602     612     0.002284732
 602     613    -0.000359969
 603    5620    -0.005484442
 603    5621    -0.027295652
 603     602    -0.007282836
 603     603     1.994400000
 603     604    -0.000910897
 603     610    -0.001937578
 603     611    -0.000468437
 603     612     0.000060482
 603     613    -0.004747414
 604    5620     0.004282539
 604    5621    -0.025713729
 604     602     0.001163752
 604     603    -0.000910897
 604     604     2.059100000
 604     610     0.001569275
 604     611     0.000849079
 604     612     0.000828378
 604     613    -0.001402004
 610    5620     0.001162435
 610    5621    -0.003010711
 610     602    -0.002335245
 610     603    -0.001937578
 610     604     0.001569275
 610     610     1.975800000
 610     611    -0.006071839
 610     612     0.002690123
 610     613    -0.000454250
 611    5620    -0.001068751
 611    5621     0.000301696
 611     602    -0.001031903
 611     603    -0.000468437
 611     604     0.000849079
 611     610    -0.006071839
 611     611     1.986500001
 611     612    -0.017478337
 611     613     0.000958887
 612    5620     0.002146541
 612    5621     0.006671016
 612     602     0.002284732
 612     603     0.000060482
 612     604     0.000828378
 612     610     0.002690123
 612     611    -0.017478337
 612     612     2.085000000
 612     613     0.000048731
 613    5620    -0.005054991
 613    5621     0.009339775
 613     602    -0.000359969
 613     603    -0.004747414
 613     604    -0.001402004
 613     610    -0.000454250
 613     611     0.000958887
 613     612     0.000048731
 613     613     2.037500000
