5620    5620     2.358299998
5620    5621    -0.005709894
5620     602    -0.001258414
5620     603    -0.004725176
5620     604     0.001124641
5620     610    -0.007765317
5620     611    -0.002030377
5620     612     0.015249952
5620     613     0.009162208
5621    5620    -0.005709894
5621    5621     2.495500003
5621     602    -0.000503549
5621     603     0.022591004
5621     604    -0.026069518
5621     610     0.000773702
5621     611    -0.000049616
5621     612    -0.006475760
5621     613     0.006034155
 602    5620    -0.001258414
 602    5621    -0.000503549
 602     602     1.987200002
 602     603    -0.009160322
 602     604    -0.001256589
 602     610    -0.001509393
 602     611     0.000424413
 602     612     0.002362444
 602     613     0.000281900
 603    5620    -0.004725176
 603    5621     0.022591004
 603     602    -0.009160322
 603     603     1.932600000
 603     604    -0.001039606
 603     610    -0.001832388
 603     611     0.000439300
 603     612     0.000374429
 603     613     0.003053487
 604    5620     0.001124641
 604    5621    -0.026069518
 604     602    -0.001256589
 604     603    -0.001039606
 604     604     2.073100000
 604     610     0.000711905
 604     611    -0.000547944
 604     612     0.000013515
 604     613     0.000821251
 610    5620    -0.007765317
 610    5621     0.000773702
 610     602    -0.001509393
 610     603    -0.001832388
 610     604     0.000711905
 610     610     2.050700000
 610     611     0.006132335
 610     612     0.008814421
 610     613     0.000717633
 611    5620    -0.002030377
 611    5621    -0.000049616
 611     602     0.000424413
 611     603     0.000439300
 611     604    -0.000547944
 611     610     0.006132335
 611     611     1.998200001
 611     612    -0.016333205
 611     613     0.000850740
 612    5620     0.015249952
 612    5621    -0.006475760
 612     602     0.002362444
 612     603     0.000374429
 612     604     0.000013515
 612     610     0.008814421
 612     611    -0.016333205
 612     612     2.095600000
 612     613     0.000005359
 613    5620     0.009162208
 613    5621     0.006034155
 613     602     0.000281900
 613     603     0.003053487
 613     604     0.000821251
 613     610     0.000717633
 613     611     0.000850740
 613     612     0.000005359
 613     613     1.947800000
