5620    5620     2.421299998
5620    5621    -0.007124260
5620     602     0.002336592
5620     603     0.005937139
5620     604     0.003466601
5620     610    -0.002018406
5620     611    -0.000232007
5620     612     0.001984421
5620     613     0.002369446
5621    5620    -0.007124260
5621    5621     2.426500003
5621     602     0.004277140
5621     603     0.023779727
5621     604    -0.027047188
5621     610    -0.001869560
5621     611     0.000193177
5621     612     0.007081569
5621     613    -0.010427403
 602    5620     0.002336592
 602    5621     0.004277140
 602     602     1.978200002
 602     603     0.005526474
 602     604     0.001154879
 602     610    -0.002014769
 602     611     0.001173712
 602     612    -0.002394437
 602     613     0.000130923
 603    5620     0.005937139
 603    5621     0.023779727
 603     602     0.005526474
 603     603     1.918800000
 603     604    -0.000778884
 603     610     0.002172348
 603     611     0.000515075
 603     612    -0.000064068
 603     613     0.005124422
 604    5620     0.003466601
 604    5621    -0.027047188
 604     602     0.001154879
 604     603    -0.000778884
 604     604     2.087300000
 604     610    -0.000613448
 604     611    -0.000849915
 604     612    -0.000608883
 604     613    -0.001369124
 610    5620    -0.002018406
 610    5621    -0.001869560
 610     602    -0.002014769
 610     603     0.002172348
 610     604    -0.000613448
 610     610     2.086900000
 610     611     0.005785009
 610     612    -0.003500629
 610     613     0.000364833
 611    5620    -0.000232007
 611    5621     0.000193177
 611     602     0.001173712
 611     603     0.000515075
 611     604    -0.000849915
 611     610     0.005785009
 611     611     1.939300001
 611     612    -0.019459785
 611     613    -0.000909952
 612    5620     0.001984421
 612    5621     0.007081569
 612     602    -0.002394437
 612     603    -0.000064068
 612     604    -0.000608883
 612     610    -0.003500629
 612     611    -0.019459785
 612     612     2.120700000
 612     613    -0.000090396
 613    5620     0.002369446
 613    5621    -0.010427403
 613     602     0.000130923
 613     603     0.005124422
 613     604    -0.001369124
 613     610     0.000364833
 613     611    -0.000909952
 613     612    -0.000090396
 613     613     2.029400000
