5620    5620     2.390599998
5620    5621    -0.005053754
5620     602    -0.002050604
5620     603     0.005950626
5620     604     0.003769047
5620     610     0.001563897
5620     611    -0.002693642
5620     612     0.010787465
5620     613     0.008166913
5621    5620    -0.005053754
5621    5621     2.385800003
5621     602     0.000232522
5621     603     0.023307185
5621     604    -0.031911870
5621     610     0.002284380
5621     611     0.000366497
5621     612    -0.006127070
5621     613     0.008070859
 602    5620    -0.002050604
 602    5621     0.000232522
 602     602     1.956300002
 602     603    -0.004387046
 602     604    -0.001311011
 602     610    -0.002131707
 602     611     0.000471662
 602     612    -0.002325990
 602     613    -0.000103616
 603    5620     0.005950626
 603    5621     0.023307185
 603     602    -0.004387046
 603     603     1.892200000
 603     604     0.000191867
 603     610     0.001992409
 603     611     0.000437330
 603     612    -0.000259871
 603     613    -0.003895539
 604    5620     0.003769047
 604    5621    -0.031911870
 604     602    -0.001311011
 604     603     0.000191867
 604     604     2.025000000
 604     610    -0.001026660
 604     611    -0.000819242
 604     612    -0.000513396
 604     613     0.001025151
 610    5620     0.001563897
 610    5621     0.002284380
 610     602    -0.002131707
 610     603     0.001992409
 610     604    -0.001026660
 610     610     2.029100000
 610     611     0.007036550
 610     612    -0.003395935
 610     613    -0.000577258
 611    5620    -0.002693642
 611    5621     0.000366497
 611     602     0.000471662
 611     603     0.000437330
 611     604    -0.000819242
 611     610     0.007036550
 611     611     1.961900001
 611     612    -0.020708141
 611     613     0.000867714
 612    5620     0.010787465
 612    5621    -0.006127070
 612     602    -0.002325990
 612     603    -0.000259871
 612     604    -0.000513396
 612     610    -0.003395935
 612     611    -0.020708141
 612     612     2.087100000
 612     613    -0.000235755
 613    5620     0.008166913
 613    5621     0.008070859
 613     602    -0.000103616
 613     603    -0.003895539
 613     604     0.001025151
 613     610    -0.000577258
 613     611     0.000867714
 613     612    -0.000235755
 613     613     2.004900000
