5620    5620     2.350199998
5620    5621    -0.005871375
5620     602     0.001033742
5620     603    -0.006215840
5620     604    -0.002448858
5620     610     0.003984605
5620     611    -0.002127979
5620     612    -0.012019519
5620     613     0.006625378
5621    5620    -0.005871375
5621    5621     2.481100003
5621     602    -0.003205202
5621     603     0.023823790
5621     604     0.032334477
5621     610    -0.000053928
5621     611     0.000768722
5621     612     0.005932349
5621     613    -0.006970246
 602    5620     0.001033742
 602    5621    -0.003205202
 602     602     1.872100002
 602     603    -0.012454209
 602     604    -0.001993481
 602     610     0.001229803
 602     611     0.000107160
 602     612     0.002486226
 602     613    -0.000579146
 603    5620    -0.006215840
 603    5621     0.023823790
 603     602    -0.012454209
 603     603     1.917200000
 603     604     0.001352822
 603     610     0.001879273
 603     611    -0.000180365
 603     612     0.000273613
 603     613    -0.003707766
 604    5620    -0.002448858
 604    5621     0.032334477
 604     602    -0.001993481
 604     603     0.001352822
 604     604     1.958700000
 604     610     0.000268140
 604     611    -0.000812657
 604     612     0.000089325
 604     613    -0.001224122
 610    5620     0.003984605
 610    5621    -0.000053928
 610     602     0.001229803
 610     603     0.001879273
 610     604     0.000268140
 610     610     2.097500000
 610     611     0.006317124
 610     612     0.007751727
 610     613     0.000553839
 611    5620    -0.002127979
 611    5621     0.000768722
 611     602     0.000107160
 611     603    -0.000180365
 611     604    -0.000812657
 611     610     0.006317124
 611     611     1.990800001
 611     612    -0.018250342
 611     613     0.000588030
 612    5620    -0.012019519
 612    5621     0.005932349
 612     602     0.002486226
 612     603     0.000273613
 612     604     0.000089325
 612     610     0.007751727
 612     611    -0.018250342
 612     612     2.171900000
 612     613     0.000042930
 613    5620     0.006625378
 613    5621    -0.006970246
 613     602    -0.000579146
 613     603    -0.003707766
 613     604    -0.001224122
 613     610     0.000553839
 613     611     0.000588030
 613     612     0.000042930
 613     613     2.051500000
