5620    5620     2.364699998
5620    5621    -0.006455889
5620     602    -0.001261034
5620     603    -0.005904877
5620     604     0.001481985
5620     610    -0.007337145
5620     611    -0.004059911
5620     612     0.020428832
5620     613    -0.005737089
5621    5620    -0.006455889
5621    5621     2.454300003
5621     602     0.000828592
5621     603    -0.030419242
5621     604    -0.024762631
5621     610    -0.000326276
5621     611    -0.000785182
5621     612    -0.006847583
5621     613     0.007569772
 602    5620    -0.001261034
 602    5621     0.000828592
 602     602     1.996200002
 602     603     0.011396051
 602     604    -0.001451375
 602     610     0.001607537
 602     611    -0.000080955
 602     612     0.002784473
 602     613     0.000578405
 603    5620    -0.005904877
 603    5621    -0.030419242
 603     602     0.011396051
 603     603     1.837900000
 603     604    -0.001638782
 603     610     0.002017974
 603     611     0.000204256
 603     612     0.000541303
 603     613     0.004034847
 604    5620     0.001481985
 604    5621    -0.024762631
 604     602    -0.001451375
 604     603    -0.001638782
 604     604     2.073200000
 604     610    -0.000540903
 604     611    -0.000427928
 604     612     0.000688957
 604     613    -0.000857154
 610    5620    -0.007337145
 610    5621    -0.000326276
 610     602     0.001607537
 610     603     0.002017974
 610     604    -0.000540903
 610     610     2.033900000
 610     611     0.006955287
 610     612     0.008393110
 610     613    -0.000518608
 611    5620    -0.004059911
 611    5621    -0.000785182
 611     602    -0.000080955
 611     603     0.000204256
 611     604    -0.000427928
 611     610     0.006955287
 611     611     2.003900001
 611     612     0.019046452
 611     613     0.000610818
 612    5620     0.020428832
 612    5621    -0.006847583
 612     602     0.002784473
 612     603     0.000541303
 612     604     0.000688957
 612     610     0.008393110
 612     611     0.019046452
 612     612     1.985300000
 612     613    -0.000089853
 613    5620    -0.005737089
 613    5621     0.007569772
 613     602     0.000578405
 613     603     0.004034847
 613     604    -0.000857154
 613     610    -0.000518608
 613     611     0.000610818
 613     612    -0.000089853
 613     613     2.026700000
