5620    5620     2.334499998
5620    5621     0.004679455
5620     602    -0.002108737
5620     603    -0.006831820
5620     604     0.001835473
5620     610    -0.002728089
5620     611     0.001583230
5620     612    -0.013364357
5620     613    -0.004045743
5621    5620     0.004679455
5621    5621     2.218100003
5621     602     0.007615171
5621     603    -0.005013304
5621     604     0.033916043
5621     610    -0.002528081
5621     611     0.000321234
5621     612    -0.008747886
5621     613     0.007127087
 602    5620    -0.002108737
 602    5621     0.007615171
 602     602     2.002600002
 602     603    -0.000761502
 602     604     0.001444941
 602     610    -0.002194476
 602     611    -0.000835849
 602     612    -0.002519643
 602     613    -0.000246573
 603    5620    -0.006831820
 603    5621    -0.005013304
 603     602    -0.000761502
 603     603     1.886600000
 603     604    -0.001113054
 603     610    -0.002193212
 603     611    -0.000427995
 603     612    -0.000568736
 603     613    -0.004371303
 604    5620     0.001835473
 604    5621     0.033916043
 604     602     0.001444941
 604     603    -0.001113054
 604     604     1.989500000
 604     610    -0.001624345
 604     611     0.000433648
 604     612     0.001029714
 604     613    -0.001176976
 610    5620    -0.002728089
 610    5621    -0.002528081
 610     602    -0.002194476
 610     603    -0.002193212
 610     604    -0.001624345
 610     610     2.090800000
 610     611     0.006105834
 610     612    -0.003305023
 610     613    -0.000310789
 611    5620     0.001583230
 611    5621     0.000321234
 611     602    -0.000835849
 611     603    -0.000427995
 611     604     0.000433648
 611     610     0.006105834
 611     611     1.974300001
 611     612    -0.017373978
 611     613    -0.000722434
 612    5620    -0.013364357
 612    5621    -0.008747886
 612     602    -0.002519643
 612     603    -0.000568736
 612     604     0.001029714
 612     610    -0.003305023
 612     611    -0.017373978
 612     612     1.977200000
 612     613     0.000083325
 613    5620    -0.004045743
 613    5621     0.007127087
 613     602    -0.000246573
 613     603    -0.004371303
 613     604    -0.001176976
 613     610    -0.000310789
 613     611    -0.000722434
 613     612     0.000083325
 613     613     2.031800000
