5620    5620     2.362199998
5620    5621     0.007522578
5620     602     0.000946383
5620     603     0.005759713
5620     604     0.002186506
5620     610    -0.000063464
5620     611    -0.001171269
5620     612    -0.005295593
5620     613    -0.008658474
5621    5620     0.007522578
5621    5621     2.237900003
5621     602    -0.002860711
5621     603     0.020812994
5621     604     0.035093394
5621     610    -0.003058714
5621     611     0.000092178
5621     612     0.007626293
5621     613     0.006028248
 602    5620     0.000946383
 602    5621    -0.002860711
 602     602     1.966400002
 602     603    -0.011038078
 602     604    -0.002028141
 602     610     0.002333173
 602     611     0.000726579
 602     612     0.002826122
 602     613     0.000603074
 603    5620     0.005759713
 603    5621     0.020812994
 603     602    -0.011038078
 603     603     1.952000000
 603     604     0.000743408
 603     610     0.002257199
 603     611    -0.000608509
 603     612    -0.000044711
 603     613    -0.003199093
 604    5620     0.002186506
 604    5621     0.035093394
 604     602    -0.002028141
 604     603     0.000743408
 604     604     2.080400000
 604     610    -0.001734105
 604     611    -0.000641370
 604     612     0.000166882
 604     613    -0.000997179
 610    5620    -0.000063464
 610    5621    -0.003058714
 610     602     0.002333173
 610     603     0.002257199
 610     604    -0.001734105
 610     610     2.019600000
 610     611     0.005820631
 610     612     0.001843460
 610     613    -0.000579540
 611    5620    -0.001171269
 611    5621     0.000092178
 611     602     0.000726579
 611     603    -0.000608509
 611     604    -0.000641370
 611     610     0.005820631
 611     611     1.988700001
 611     612    -0.018213732
 611     613    -0.001028763
 612    5620    -0.005295593
 612    5621     0.007626293
 612     602     0.002826122
 612     603    -0.000044711
 612     604     0.000166882
 612     610     0.001843460
 612     611    -0.018213732
 612     612     2.054500000
 612     613     0.000348819
 613    5620    -0.008658474
 613    5621     0.006028248
 613     602     0.000603074
 613     603    -0.003199093
 613     604    -0.000997179
 613     610    -0.000579540
 613     611    -0.001028763
 613     612     0.000348819
 613     613     2.047600000
