5620    5620     2.404599998
5620    5621    -0.004668425
5620     602    -0.001414606
5620     603     0.004946507
5620     604    -0.001011934
5620     610    -0.005791187
5620     611     0.002134630
5620     612    -0.022355863
5620     613     0.002732469
5621    5620    -0.004668425
5621    5621     2.311400003
5621     602    -0.009010324
5621     603    -0.012437928
5621     604     0.031985861
5621     610     0.002186530
5621     611    -0.000563505
5621     612    -0.007620570
5621     613     0.006704796
 602    5620    -0.001414606
 602    5621    -0.009010324
 602     602     1.916900002
 602     603    -0.006423797
 602     604    -0.001948743
 602     610    -0.001918246
 602     611     0.000030810
 602     612     0.002741815
 602     613    -0.000901647
 603    5620     0.004946507
 603    5621    -0.012437928
 603     602    -0.006423797
 603     603     2.034800000
 603     604     0.000278293
 603     610    -0.001949158
 603     611     0.000459356
 603     612    -0.000218865
 603     613     0.003769859
 604    5620    -0.001011934
 604    5621     0.031985861
 604     602    -0.001948743
 604     603     0.000278293
 604     604     2.014800000
 604     610    -0.001817182
 604     611     0.000433266
 604     612     0.001482984
 604     613    -0.001333705
 610    5620    -0.005791187
 610    5621     0.002186530
 610     602    -0.001918246
 610     603    -0.001949158
 610     604    -0.001817182
 610     610     1.973800000
 610     611     0.006376467
 610     612     0.009314542
 610     613     0.000340787
 611    5620     0.002134630
 611    5621    -0.000563505
 611     602     0.000030810
 611     603     0.000459356
 611     604     0.000433266
 611     610     0.006376467
 611     611     2.027900001
 611     612    -0.020112901
 611     613     0.000816521
 612    5620    -0.022355863
 612    5621    -0.007620570
 612     602     0.002741815
 612     603    -0.000218865
 612     604     0.001482984
 612     610     0.009314542
 612     611    -0.020112901
 612     612     1.999200000
 612     613    -0.000229955
 613    5620     0.002732469
 613    5621     0.006704796
 613     602    -0.000901647
 613     603     0.003769859
 613     604    -0.001333705
 613     610     0.000340787
 613     611     0.000816521
 613     612    -0.000229955
 613     613     2.032200000
