5620    5620     2.257799998
5620    5621    -0.005494259
5620     602     0.000283971
5620     603    -0.006319572
5620     604    -0.001433170
5620     610    -0.006906508
5620     611    -0.004550914
5620     612     0.026606826
5620     613     0.004635579
5621    5620    -0.005494259
5621    5621     2.413700003
5621     602    -0.002854192
5621     603    -0.016632434
5621     604     0.027518839
5621     610     0.001743483
5621     611     0.000563873
5621     612     0.007800825
5621     613     0.008783448
 602    5620     0.000283971
 602    5621    -0.002854192
 602     602     2.039600002
 602     603     0.008712883
 602     604    -0.001662634
 602     610    -0.000999321
 602     611    -0.000128065
 602     612     0.002286448
 602     613     0.001146664
 603    5620    -0.006319572
 603    5621    -0.016632434
 603     602     0.008712883
 603     603     1.864600000
 603     604    -0.000709633
 603     610    -0.001906058
 603     611    -0.000294680
 603     612     0.000122302
 603     613     0.004424933
 604    5620    -0.001433170
 604    5621     0.027518839
 604     602    -0.001662634
 604     603    -0.000709633
 604     604     2.018700000
 604     610     0.001096241
 604     611    -0.000737917
 604     612     0.000228952
 604     613    -0.001365682
 610    5620    -0.006906508
 610    5621     0.001743483
 610     602    -0.000999321
 610     603    -0.001906058
 610     604     0.001096241
 610     610     2.024100000
 610     611     0.006366548
 610     612    -0.007514163
 610     613     0.000407622
 611    5620    -0.004550914
 611    5621     0.000563873
 611     602    -0.000128065
 611     603    -0.000294680
 611     604    -0.000737917
 611     610     0.006366548
 611     611     2.102200001
 611     612     0.018100013
 611     613     0.000564216
 612    5620     0.026606826
 612    5621     0.007800825
 612     602     0.002286448
 612     603     0.000122302
 612     604     0.000228952
 612     610    -0.007514163
 612     611     0.018100013
 612     612     1.990100000
 612     613     0.000195776
 613    5620     0.004635579
 613    5621     0.008783448
 613     602     0.001146664
 613     603     0.004424933
 613     604    -0.001365682
 613     610     0.000407622
 613     611     0.000564216
 613     612     0.000195776
 613     613     2.033600000
