5620    5620     2.372899998
5620    5621     0.004804751
5620     602    -0.001729126
5620     603    -0.004948009
5620     604     0.001159627
5620     610     0.004439788
5620     611    -0.002422424
5620     612    -0.005666808
5620     613     0.007603637
5621    5620     0.004804751
5621    5621     2.270400003
5621     602     0.005273654
5621     603     0.015464357
5621     604    -0.032812915
5621     610     0.003177904
5621     611     0.000216708
5621     612     0.006758589
5621     613     0.007745251
 602    5620    -0.001729126
 602    5621     0.005273654
 602     602     1.955000002
 602     603    -0.005526782
 602     604    -0.001342335
 602     610    -0.002378993
 602     611     0.000651174
 602     612     0.002223272
 602     613     0.000045170
 603    5620    -0.004948009
 603    5621     0.015464357
 603     602    -0.005526782
 603     603     1.919200000
 603     604     0.000120122
 603     610    -0.002020773
 603     611     0.000341341
 603     612    -0.000243650
 603     613    -0.003585249
 604    5620     0.001159627
 604    5621    -0.032812915
 604     602    -0.001342335
 604     603     0.000120122
 604     604     2.055400000
 604     610     0.001319516
 604     611     0.000784360
 604     612    -0.000296016
 604     613     0.001301662
 610    5620     0.004439788
 610    5621     0.003177904
 610     602    -0.002378993
 610     603    -0.002020773
 610     604     0.001319516
 610     610     2.049400000
 610     611     0.006869105
 610     612     0.001332980
 610     613     0.000509901
 611    5620    -0.002422424
 611    5621     0.000216708
 611     602     0.000651174
 611     603     0.000341341
 611     604     0.000784360
 611     610     0.006869105
 611     611     2.007700001
 611     612     0.020457428
 611     613    -0.000835078
 612    5620    -0.005666808
 612    5621     0.006758589
 612     602     0.002223272
 612     603    -0.000243650
 612     604    -0.000296016
 612     610     0.001332980
 612     611     0.020457428
 612     612     2.104900000
 612     613     0.000377678
 613    5620     0.007603637
 613    5621     0.007745251
 613     602     0.000045170
 613     603    -0.003585249
 613     604     0.001301662
 613     610     0.000509901
 613     611    -0.000835078
 613     612     0.000377678
 613     613     1.927000000
