5620    5620     2.401099998
5620    5621     0.004894458
5620     602    -0.001981276
5620     603     0.005689728
5620     604     0.005076960
5620     610    -0.003662890
5620     611     0.001102445
5620     612    -0.003351830
5620     613    -0.010433258
5621    5620     0.004894458
5621    5621     2.344500003
5621     602     0.008069541
5621     603     0.020054862
5621     604     0.025659627
5621     610     0.001622828
5621     611    -0.000658503
5621     612     0.006472455
5621     613     0.006464049
 602    5620    -0.001981276
 602    5621     0.008069541
 602     602     1.970800002
 602     603     0.009416157
 602     604     0.001441506
 602     610    -0.002103139
 602     611    -0.000327699
 602     612     0.002189304
 602     613     0.000045933
 603    5620     0.005689728
 603    5621     0.020054862
 603     602     0.009416157
 603     603     1.950200000
 603     604     0.001127406
 603     610     0.002238716
 603     611     0.000305272
 603     612    -0.000054010
 603     613    -0.003779115
 604    5620     0.005076960
 604    5621     0.025659627
 604     602     0.001441506
 604     603     0.001127406
 604     604     2.000300000
 604     610    -0.000349003
 604     611     0.000979505
 604     612    -0.001402329
 604     613     0.001378190
 610    5620    -0.003662890
 610    5621     0.001622828
 610     602    -0.002103139
 610     603     0.002238716
 610     604    -0.000349003
 610     610     1.951100000
 610     611     0.006573939
 610     612     0.002793941
 610     613    -0.000791875
 611    5620     0.001102445
 611    5621    -0.000658503
 611     602    -0.000327699
 611     603     0.000305272
 611     604     0.000979505
 611     610     0.006573939
 611     611     1.987700001
 611     612    -0.015750107
 611     613    -0.000869048
 612    5620    -0.003351830
 612    5621     0.006472455
 612     602     0.002189304
 612     603    -0.000054010
 612     604    -0.001402329
 612     610     0.002793941
 612     611    -0.015750107
 612     612     2.084400000
 612     613    -0.000510619
 613    5620    -0.010433258
 613    5621     0.006464049
 613     602     0.000045933
 613     603    -0.003779115
 613     604     0.001378190
 613     610    -0.000791875
 613     611    -0.000869048
 613     612    -0.000510619
 613     613     1.907800000
