5620    5620     2.302499998
5620    5621    -0.005688612
5620     602     0.001324728
5620     603    -0.005339940
5620     604     0.003942821
5620     610    -0.007814561
5620     611     0.001224249
5620     612    -0.013106181
5620     613     0.008474990
5621    5620    -0.005688612
5621    5621     2.286700003
5621     602    -0.001531584
5621     603     0.030500258
5621     604    -0.029902682
5621     610     0.000076535
5621     611     0.000204045
5621     612     0.006715433
5621     613    -0.007922346
 602    5620     0.001324728
 602    5621    -0.001531584
 602     602     1.943100002
 602     603     0.007672914
 602     604     0.001398158
 602     610    -0.001613037
 602     611     0.000657166
 602     612    -0.002369766
 602     613     0.000105655
 603    5620    -0.005339940
 603    5621     0.030500258
 603     602     0.007672914
 603     603     1.862200000
 603     604     0.001372243
 603     610    -0.001894689
 603     611    -0.000435538
 603     612     0.000207443
 603     613    -0.003627228
 604    5620     0.003942821
 604    5621    -0.029902682
 604     602     0.001398158
 604     603     0.001372243
 604     604     2.028900000
 604     610     0.000124182
 604     611    -0.000835683
 604     612    -0.000644613
 604     613    -0.001231869
 610    5620    -0.007814561
 610    5621     0.000076535
 610     602    -0.001613037
 610     603    -0.001894689
 610     604     0.000124182
 610     610     2.002000000
 610     611     0.005531767
 610     612    -0.005954057
 610     613    -0.000708467
 611    5620     0.001224249
 611    5621     0.000204045
 611     602     0.000657166
 611     603    -0.000435538
 611     604    -0.000835683
 611     610     0.005531767
 611     611     2.010400001
 611     612    -0.021358855
 611     613     0.000947592
 612    5620    -0.013106181
 612    5621     0.006715433
 612     602    -0.002369766
 612     603     0.000207443
 612     604    -0.000644613
 612     610    -0.005954057
 612     611    -0.021358855
 612     612     2.085100000
 612     613     0.000147905
 613    5620     0.008474990
 613    5621    -0.007922346
 613     602     0.000105655
 613     603    -0.003627228
 613     604    -0.001231869
 613     610    -0.000708467
 613     611     0.000947592
 613     612     0.000147905
 613     613     2.007400000
