5620    5620     2.401099998
5620    5621    -0.002697970
5620     602     0.001843516
5620     603     0.005240550
5620     604     0.000612304
5620     610    -0.004838291
5620     611     0.003646594
5620     612     0.013677719
5620     613     0.004413448
5621    5620    -0.002697970
5621    5621     2.466300003
5621     602    -0.004958856
5621     603    -0.009654908
5621     604    -0.025356345
5621     610    -0.000467084
5621     611     0.001231857
5621     612     0.007850580
5621     613     0.006536070
 602    5620     0.001843516
 602    5621    -0.004958856
 602     602     1.908800002
 602     603     0.005421147
 602     604    -0.001288923
 602     610     0.002052816
 602     611     0.000210659
 602     612    -0.002771042
 602     613     0.000366560
 603    5620     0.005240550
 603    5621    -0.009654908
 603     602     0.005421147
 603     603     1.939400000
 603     604    -0.000174287
 603     610    -0.001836054
 603     611    -0.000263774
 603     612    -0.000086733
 603     613    -0.004245411
 604    5620     0.000612304
 604    5621    -0.025356345
 604     602    -0.001288923
 604     603    -0.000174287
 604     604     2.157400000
 604     610     0.000705405
 604     611    -0.000370966
 604     612    -0.000710697
 604     613    -0.001034630
 610    5620    -0.004838291
 610    5621    -0.000467084
 610     602     0.002052816
 610     603    -0.001836054
 610     604     0.000705405
 610     610     2.008600000
 610     611    -0.006221290
 610     612    -0.006236219
 610     613    -0.000467241
 611    5620     0.003646594
 611    5621     0.001231857
 611     602     0.000210659
 611     603    -0.000263774
 611     604    -0.000370966
 611     610    -0.006221290
 611     611     2.014100001
 611     612     0.020104294
 611     613     0.000563653
 612    5620     0.013677719
 612    5621     0.007850580
 612     602    -0.002771042
 612     603    -0.000086733
 612     604    -0.000710697
 612     610    -0.006236219
 612     611     0.020104294
 612     612     1.993000000
 612     613    -0.000006839
 613    5620     0.004413448
 613    5621     0.006536070
 613     602     0.000366560
 613     603    -0.004245411
 613     604    -0.001034630
 613     610    -0.000467241
 613     611     0.000563653
 613     612    -0.000006839
 613     613     1.972200000
