5620    5620     2.294699998
5620    5621    -0.002623880
5620     602     0.000320472
5620     603    -0.007315343
5620     604    -0.001974912
5620     610     0.006123185
5620     611     0.001680863
5620     612     0.007535652
5620     613    -0.003247779
5621    5620    -0.002623880
5621    5621     2.395000003
5621     602    -0.000676815
5621     603    -0.014828130
5621     604    -0.030492817
5621     610     0.001396263
5621     611     0.000034785
5621     612    -0.006684318
5621     613    -0.009935067
 602    5620     0.000320472
 602    5621    -0.000676815
 602     602     1.941700002
 602     603     0.007437869
 602     604    -0.001778868
 602     610    -0.001836862
 602     611     0.000391411
 602     612     0.002691639
 602     613    -0.001589558
 603    5620    -0.007315343
 603    5621    -0.014828130
 603     602     0.007437869
 603     603     1.844800000
 603     604    -0.000362286
 603     610     0.002611195
 603     611     0.000564732
 603     612     0.000225863
 603     613     0.006343134
 604    5620    -0.001974912
 604    5621    -0.030492817
 604     602    -0.001778868
 604     603    -0.000362286
 604     604     2.065200000
 604     610     0.000901728
 604     611     0.000752775
 604     612    -0.000030212
 604     613    -0.001528597
 610    5620     0.006123185
 610    5621     0.001396263
 610     602    -0.001836862
 610     603     0.002611195
 610     604     0.000901728
 610     610     1.996300000
 610     611    -0.006810632
 610     612     0.004925248
 610     613    -0.000405784
 611    5620     0.001680863
 611    5621     0.000034785
 611     602     0.000391411
 611     603     0.000564732
 611     604     0.000752775
 611     610    -0.006810632
 611     611     2.067100001
 611     612     0.020305635
 611     613     0.000894637
 612    5620     0.007535652
 612    5621    -0.006684318
 612     602     0.002691639
 612     603     0.000225863
 612     604    -0.000030212
 612     610     0.004925248
 612     611     0.020305635
 612     612     2.083900000
 612     613    -0.000131388
 613    5620    -0.003247779
 613    5621    -0.009935067
 613     602    -0.001589558
 613     603     0.006343134
 613     604    -0.001528597
 613     610    -0.000405784
 613     611     0.000894637
 613     612    -0.000131388
 613     613     1.964400000
