5620    5620     2.335199998
5620    5621     0.001719012
5620     602     0.000314479
5620     603    -0.006000231
5620     604     0.001261936
5620     610    -0.008382441
5620     611    -0.003127755
5620     612     0.013273145
5620     613     0.008169040
5621    5620     0.001719012
5621    5621     2.347800003
5621     602    -0.001486333
5621     603     0.022867861
5621     604     0.025605971
5621     610     0.000629196
5621     611    -0.000042903
5621     612    -0.007936523
5621     613    -0.009093861
 602    5620     0.000314479
 602    5621    -0.001486333
 602     602     1.938400002
 602     603     0.007722974
 602     604    -0.001272758
 602     610    -0.001589093
 602     611     0.000309329
 602     612     0.002728794
 602     613    -0.000799560
 603    5620    -0.006000231
 603    5621     0.022867861
 603     602     0.007722974
 603     603     1.888500000
 603     604     0.000416812
 603     610    -0.002300024
 603     611    -0.000428007
 603     612     0.000064980
 603     613     0.004597116
 604    5620     0.001261936
 604    5621     0.025605971
 604     602    -0.001272758
 604     603     0.000416812
 604     604     1.998400000
 604     610    -0.000961398
 604     611     0.000188367
 604     612    -0.001646153
 604     613     0.000619099
 610    5620    -0.008382441
 610    5621     0.000629196
 610     602    -0.001589093
 610     603    -0.002300024
 610     604    -0.000961398
 610     610     1.969800000
 610     611    -0.007937415
 610     612     0.005587909
 610     613    -0.000888037
 611    5620    -0.003127755
 611    5621    -0.000042903
 611     602     0.000309329
 611     603    -0.000428007
 611     604     0.000188367
 611     610    -0.007937415
 611     611     2.066000001
 611     612     0.020298157
 611     613    -0.000960818
 612    5620     0.013273145
 612    5621    -0.007936523
 612     602     0.002728794
 612     603     0.000064980
 612     604    -0.001646153
 612     610     0.005587909
 612     611     0.020298157
 612     612     1.996200000
 612     613     0.000109724
 613    5620     0.008169040
 613    5621    -0.009093861
 613     602    -0.000799560
 613     603     0.004597116
 613     604     0.000619099
 613     610    -0.000888037
 613     611    -0.000960818
 613     612     0.000109724
 613     613     1.897400000
