5620    5620     2.290299998
5620    5621    -0.005355903
5620     602     0.002416627
5620     603    -0.005721891
5620     604     0.002108441
5620     610     0.002698190
5620     611     0.003284296
5620     612     0.016602045
5620     613    -0.007529881
5621    5620    -0.005355903
5621    5621     2.351600003
5621     602    -0.003896774
5621     603    -0.025016481
5621     604    -0.031115872
5621     610    -0.000729014
5621     611    -0.000139853
5621     612     0.007141786
5621     613     0.007953177
 602    5620     0.002416627
 602    5621    -0.003896774
 602     602     1.914800002
 602     603    -0.010884539
 602     604     0.001590730
 602     610     0.001856612
 602     611    -0.000739167
 602     612     0.002728192
 602     613    -0.000123457
 603    5620    -0.005721891
 603    5621    -0.025016481
 603     602    -0.010884539
 603     603     1.840600000
 603     604     0.001129895
 603     610     0.001995935
 603     611    -0.000354676
 603     612     0.000381968
 603     613    -0.003841999
 604    5620     0.002108441
 604    5621    -0.031115872
 604     602     0.001590730
 604     603     0.001129895
 604     604     2.039700000
 604     610     0.001502830
 604     611     0.000128181
 604     612     0.002406603
 604     613     0.000663936
 610    5620     0.002698190
 610    5621    -0.000729014
 610     602     0.001856612
 610     603     0.001995935
 610     604     0.001502830
 610     610     2.034300000
 610     611     0.006655997
 610     612    -0.007318183
 610     613    -0.000574650
 611    5620     0.003284296
 611    5621    -0.000139853
 611     602    -0.000739167
 611     603    -0.000354676
 611     604     0.000128181
 611     610     0.006655997
 611     611     2.028600001
 611     612    -0.021981946
 611     613     0.000729954
 612    5620     0.016602045
 612    5621     0.007141786
 612     602     0.002728192
 612     603     0.000381968
 612     604     0.002406603
 612     610    -0.007318183
 612     611    -0.021981946
 612     612     2.012800000
 612     613    -0.000128954
 613    5620    -0.007529881
 613    5621     0.007953177
 613     602    -0.000123457
 613     603    -0.003841999
 613     604     0.000663936
 613     610    -0.000574650
 613     611     0.000729954
 613     612    -0.000128954
 613     613     1.994900000
