5620    5620     2.495499998
5620    5621    -0.004942428
5620     602     0.000733300
5620     603    -0.006105136
5620     604     0.002490486
5620     610     0.005985922
5620     611     0.002046117
5620     612     0.003964397
5620     613     0.007603837
5621    5620    -0.004942428
5621    5621     2.458700003
5621     602     0.004447434
5621     603     0.019803926
5621     604    -0.032636886
5621     610    -0.000492935
5621     611    -0.000245770
5621     612     0.006126345
5621     613    -0.006945179
 602    5620     0.000733300
 602    5621     0.004447434
 602     602     1.895100002
 602     603    -0.005971180
 602     604    -0.001902381
 602     610     0.001471438
 602     611    -0.000075496
 602     612     0.002646174
 602     613    -0.000800865
 603    5620    -0.006105136
 603    5621     0.019803926
 603     602    -0.005971180
 603     603     1.882500000
 603     604    -0.000141609
 603     610    -0.002233833
 603     611     0.000112291
 603     612    -0.000237647
 603     613     0.003749352
 604    5620     0.002490486
 604    5621    -0.032636886
 604     602    -0.001902381
 604     603    -0.000141609
 604     604     2.021600000
 604     610     0.000137030
 604     611    -0.000653663
 604     612     0.000200065
 604     613     0.001162877
 610    5620     0.005985922
 610    5621    -0.000492935
 610     602     0.001471438
 610     603    -0.002233833
 610     604     0.000137030
 610     610     2.022400000
 610     611     0.005921818
 610     612    -0.004061127
 610     613    -0.000700692
 611    5620     0.002046117
 611    5621    -0.000245770
 611     602    -0.000075496
 611     603     0.000112291
 611     604    -0.000653663
 611     610     0.005921818
 611     611     2.130100001
 611     612     0.017179722
 611     613    -0.000453506
 612    5620     0.003964397
 612    5621     0.006126345
 612     602     0.002646174
 612     603    -0.000237647
 612     604     0.000200065
 612     610    -0.004061127
 612     611     0.017179722
 612     612     2.083600000
 612     613    -0.000242054
 613    5620     0.007603837
 613    5621    -0.006945179
 613     602    -0.000800865
 613     603     0.003749352
 613     604     0.001162877
 613     610    -0.000700692
 613     611    -0.000453506
 613     612    -0.000242054
 613     613     1.956800000
