5620    5620     2.314799998
5620    5621     0.005787480
5620     602    -0.000522611
5620     603     0.005994162
5620     604     0.003333938
5620     610     0.005073054
5620     611    -0.003740827
5620     612     0.017080401
5620     613     0.007650154
5621    5620     0.005787480
5621    5621     2.235800003
5621     602    -0.002848608
5621     603    -0.023170646
5621     604     0.033787046
5621     610     0.002874693
5621     611    -0.000107098
5621     612     0.007516797
5621     613     0.009083991
 602    5620    -0.000522611
 602    5621    -0.002848608
 602     602     1.919900002
 602     603    -0.014328632
 602     604    -0.001903460
 602     610     0.001492947
 602     611    -0.000026029
 602     612     0.002784587
 602     613     0.001393889
 603    5620     0.005994162
 603    5621    -0.023170646
 603     602    -0.014328632
 603     603     1.890800000
 603     604     0.000523022
 603     610    -0.002061547
 603     611     0.000524700
 603     612     0.000074586
 603     613    -0.004224966
 604    5620     0.003333938
 604    5621     0.033787046
 604     602    -0.001903460
 604     603     0.000523022
 604     604     2.043100000
 604     610    -0.001437231
 604     611     0.000388284
 604     612    -0.001483814
 604     613     0.000903763
 610    5620     0.005073054
 610    5621     0.002874693
 610     602     0.001492947
 610     603    -0.002061547
 610     604    -0.001437231
 610     610     2.041100000
 610     611    -0.007072705
 610     612     0.004325459
 610     613     0.000539979
 611    5620    -0.003740827
 611    5621    -0.000107098
 611     602    -0.000026029
 611     603     0.000524700
 611     604     0.000388284
 611     610    -0.007072705
 611     611     1.946100001
 611     612     0.020941246
 611     613    -0.000875096
 612    5620     0.017080401
 612    5621     0.007516797
 612     602     0.002784587
 612     603     0.000074586
 612     604    -0.001483814
 612     610     0.004325459
 612     611     0.020941246
 612     612     2.032100000
 612     613     0.000047268
 613    5620     0.007650154
 613    5621     0.009083991
 613     602     0.001393889
 613     603    -0.004224966
 613     604     0.000903763
 613     610     0.000539979
 613     611    -0.000875096
 613     612     0.000047268
 613     613     1.949900000
