5620    5620     2.301699998
5620    5621     0.002150307
5620     602     0.001421381
5620     603     0.006695215
5620     604     0.000692984
5620     610    -0.001375916
5620     611     0.000352105
5620     612    -0.016660560
5620     613    -0.006238624
5621    5620     0.002150307
5621    5621     2.336900003
5621     602     0.000446374
5621     603     0.024865649
5621     604     0.026199563
5621     610     0.002059043
5621     611     0.000555047
5621     612    -0.006976796
5621     613    -0.006483362
 602    5620     0.001421381
 602    5621     0.000446374
 602     602     2.010700002
 602     603    -0.006317651
 602     604    -0.001214694
 602     610    -0.001697845
 602     611    -0.000275723
 602     612     0.002598255
 602     613    -0.000173532
 603    5620     0.006695215
 603    5621     0.024865649
 603     602    -0.006317651
 603     603     1.772200000
 603     604     0.000892562
 603     610    -0.002261802
 603     611     0.000601304
 603     612     0.000422397
 603     613     0.003863772
 604    5620     0.000692984
 604    5621     0.026199563
 604     602    -0.001214694
 604     603     0.000892562
 604     604     2.043900000
 604     610    -0.001285708
 604     611     0.000257839
 604     612     0.001194221
 604     613     0.000558814
 610    5620    -0.001375916
 610    5621     0.002059043
 610     602    -0.001697845
 610     603    -0.002261802
 610     604    -0.001285708
 610     610     2.056000000
 610     611    -0.005887438
 610     612     0.008944109
 610     613    -0.000495013
 611    5620     0.000352105
 611    5621     0.000555047
 611     602    -0.000275723
 611     603     0.000601304
 611     604     0.000257839
 611     610    -0.005887438
 611     611     2.075800001
 611     612    -0.020130283
 611     613    -0.000833754
 612    5620    -0.016660560
 612    5621    -0.006976796
 612     602     0.002598255
 612     603     0.000422397
 612     604     0.001194221
 612     610     0.008944109
 612     611    -0.020130283
 612     612     2.016200000
 612     613    -0.000227665
 613    5620    -0.006238624
 613    5621    -0.006483362
 613     602    -0.000173532
 613     603     0.003863772
 613     604     0.000558814
 613     610    -0.000495013
 613     611    -0.000833754
 613     612    -0.000227665
 613     613     2.094300000
