5620    5620     2.504699998
5620    5621     0.004223037
5620     602    -0.000392781
5620     603    -0.004906736
5620     604    -0.001314005
5620     610     0.010902399
5620     611    -0.004719675
5620     612     0.026326616
5620     613    -0.006186532
5621    5620     0.004223037
5621    5621     2.362200003
5621     602     0.003388850
5621     603    -0.030410966
5621     604     0.029997083
5621     610    -0.003279151
5621     611     0.000056829
5621     612     0.007173758
5621     613    -0.009352525
 602    5620    -0.000392781
 602    5621     0.003388850
 602     602     1.965700002
 602     603     0.010303287
 602     604     0.001488488
 602     610     0.001886410
 602     611     0.000090797
 602     612     0.002400264
 602     613     0.000926968
 603    5620    -0.004906736
 603    5621    -0.030410966
 603     602     0.010303287
 603     603     1.918000000
 603     604     0.001164011
 603     610     0.002448265
 603     611     0.000266452
 603     612    -0.000469379
 603     613     0.004406367
 604    5620    -0.001314005
 604    5621     0.029997083
 604     602     0.001488488
 604     603     0.001164011
 604     604     2.074200000
 604     610     0.001904644
 604     611    -0.000541231
 604     612     0.000419496
 604     613     0.001210968
 610    5620     0.010902399
 610    5621    -0.003279151
 610     602     0.001886410
 610     603     0.002448265
 610     604     0.001904644
 610     610     1.985000000
 610     611    -0.006537695
 610     612     0.010462258
 610     613     0.000569708
 611    5620    -0.004719675
 611    5621     0.000056829
 611     602     0.000090797
 611     603     0.000266452
 611     604    -0.000541231
 611     610    -0.006537695
 611     611     2.031800001
 611     612    -0.020078195
 611     613     0.000693307
 612    5620     0.026326616
 612    5621     0.007173758
 612     602     0.002400264
 612     603    -0.000469379
 612     604     0.000419496
 612     610     0.010462258
 612     611    -0.020078195
 612     612     2.039800000
 612     613    -0.000200154
 613    5620    -0.006186532
 613    5621    -0.009352525
 613     602     0.000926968
 613     603     0.004406367
 613     604     0.001210968
 613     610     0.000569708
 613     611     0.000693307
 613     612    -0.000200154
 613     613     2.001000000
