5620    5620     2.248699998
5620    5621    -0.006531964
5620     602    -0.001910330
5620     603    -0.006552587
5620     604     0.000314220
5620     610     0.006128555
5620     611     0.002101682
5620     612     0.013906215
5620     613    -0.003487365
5621    5620    -0.006531964
5621    5621     2.358800003
5621     602    -0.001504868
5621     603     0.014583377
5621     604    -0.035794479
5621     610     0.000515735
5621     611     0.000168524
5621     612     0.007070584
5621     613     0.008618198
 602    5620    -0.001910330
 602    5621    -0.001504868
 602     602     1.926500002
 602     603     0.001853823
 602     604    -0.001662375
 602     610    -0.001859134
 602     611    -0.000597357
 602     612     0.002569016
 602     613    -0.000614643
 603    5620    -0.006552587
 603    5621     0.014583377
 603     602     0.001853823
 603     603     1.873300000
 603     604     0.001079663
 603     610     0.002244606
 603     611     0.000474867
 603     612     0.000542955
 603     613     0.004860707
 604    5620     0.000314220
 604    5621    -0.035794479
 604     602    -0.001662375
 604     603     0.001079663
 604     604     2.080800000
 604     610    -0.000670733
 604     611    -0.000549446
 604     612     0.000405114
 604     613    -0.001256876
 610    5620     0.006128555
 610    5621     0.000515735
 610     602    -0.001859134
 610     603     0.002244606
 610     604    -0.000670733
 610     610     2.117100000
 610     611    -0.005215638
 610     612     0.005673544
 610     613    -0.000398045
 611    5620     0.002101682
 611    5621     0.000168524
 611     602    -0.000597357
 611     603     0.000474867
 611     604    -0.000549446
 611     610    -0.005215638
 611     611     2.044900001
 611     612     0.018032944
 611     613     0.000647438
 612    5620     0.013906215
 612    5621     0.007070584
 612     602     0.002569016
 612     603     0.000542955
 612     604     0.000405114
 612     610     0.005673544
 612     611     0.018032944
 612     612     2.031100000
 612     613     0.000071937
 613    5620    -0.003487365
 613    5621     0.008618198
 613     602    -0.000614643
 613     603     0.004860707
 613     604    -0.001256876
 613     610    -0.000398045
 613     611     0.000647438
 613     612     0.000071937
 613     613     1.981900000
