5620    5620     2.585399998
5620    5621    -0.001993253
5620     602    -0.001654376
5620     603     0.005733559
5620     604     0.000790273
5620     610     0.003494207
5620     611    -0.001254343
5620     612    -0.004662428
5620     613     0.006399243
5621    5620    -0.001993253
5621    5621     2.411300003
5621     602     0.005907590
5621     603     0.001859940
5621     604    -0.025521398
5621     610     0.002171014
5621     611    -0.000779338
5621     612    -0.007009476
5621     613     0.008065201
 602    5620    -0.001654376
 602    5621     0.005907590
 602     602     1.976100002
 602     603    -0.001212016
 602     604     0.001310741
 602     610     0.001815373
 602     611    -0.000311349
 602     612    -0.002357248
 602     613     0.000113491
 603    5620     0.005733559
 603    5621     0.001859940
 603     602    -0.001212016
 603     603     1.988000000
 603     604    -0.000943360
 603     610     0.001901480
 603     611    -0.000330441
 603     612     0.000370120
 603     613     0.004222737
 604    5620     0.000790273
 604    5621    -0.025521398
 604     602     0.001310741
 604     603    -0.000943360
 604     604     2.028100000
 604     610     0.001383989
 604     611     0.000610607
 604     612     0.000020092
 604     613     0.001113023
 610    5620     0.003494207
 610    5621     0.002171014
 610     602     0.001815373
 610     603     0.001901480
 610     604     0.001383989
 610     610     2.009800000
 610     611     0.006950482
 610     612     0.009057621
 610     613     0.000644049
 611    5620    -0.001254343
 611    5621    -0.000779338
 611     602    -0.000311349
 611     603    -0.000330441
 611     604     0.000610607
 611     610     0.006950482
 611     611     2.060200001
 611     612     0.019503020
 611     613     0.000619653
 612    5620    -0.004662428
 612    5621    -0.007009476
 612     602    -0.002357248
 612     603     0.000370120
 612     604     0.000020092
 612     610     0.009057621
 612     611     0.019503020
 612     612     2.076300000
 612     613    -0.000055359
 613    5620     0.006399243
 613    5621     0.008065201
 613     602     0.000113491
 613     603     0.004222737
 613     604     0.001113023
 613     610     0.000644049
 613     611     0.000619653
 613     612    -0.000055359
 613     613     1.912500000
