5620    5620     2.358499998
5620    5621     0.003411968
5620     602    -0.000025116
5620     603    -0.006370059
5620     604    -0.003420174
5620     610     0.001950289
5620     611    -0.001860783
5620     612     0.006558641
5620     613    -0.006512726
5621    5620     0.003411968
5621    5621     2.256800003
5621     602     0.003476492
5621     603     0.030967087
5621     604     0.029964634
5621     610    -0.001147612
5621     611     0.000562899
5621     612     0.007615561
5621     613     0.008410787
 602    5620    -0.000025116
 602    5621     0.003476492
 602     602     1.984700002
 602     603     0.012051691
 602     604    -0.001547331
 602     610     0.001449762
 602     611     0.000111567
 602     612    -0.002682195
 602     613     0.001085771
 603    5620    -0.006370059
 603    5621     0.030967087
 603     602     0.012051691
 603     603     1.853900000
 603     604    -0.000900212
 603     610    -0.002407252
 603     611     0.000587115
 603     612     0.000388779
 603     613    -0.004794981
 604    5620    -0.003420174
 604    5621     0.029964634
 604     602    -0.001547331
 604     603    -0.000900212
 604     604     2.065100000
 604     610     0.001223096
 604     611     0.000235390
 604     612    -0.001510426
 604     613     0.000812661
 610    5620     0.001950289
 610    5621    -0.001147612
 610     602     0.001449762
 610     603    -0.002407252
 610     604     0.001223096
 610     610     2.036400000
 610     611     0.006033215
 610     612    -0.006202070
 610     613     0.000609367
 611    5620    -0.001860783
 611    5621     0.000562899
 611     602     0.000111567
 611     603     0.000587115
 611     604     0.000235390
 611     610     0.006033215
 611     611     2.001000001
 611     612     0.017910889
 611     613     0.000938752
 612    5620     0.006558641
 612    5621     0.007615561
 612     602    -0.002682195
 612     603     0.000388779
 612     604    -0.001510426
 612     610    -0.006202070
 612     611     0.017910889
 612     612     2.031400000
 612     613     0.000130545
 613    5620    -0.006512726
 613    5621     0.008410787
 613     602     0.001085771
 613     603    -0.004794981
 613     604     0.000812661
 613     610     0.000609367
 613     611     0.000938752
 613     612     0.000130545
 613     613     1.978100000
