5620    5620     2.469599998
5620    5621    -0.001345184
5620     602     0.000741918
5620     603    -0.004714088
5620     604     0.000205637
5620     610     0.004623697
5620     611    -0.003478420
5620     612     0.010619776
5620     613     0.006169413
5621    5620    -0.001345184
5621    5621     2.381700003
5621     602    -0.000604827
5621     603    -0.017607824
5621     604    -0.029886749
5621     610     0.002018617
5621     611    -0.000536040
5621     612     0.006234981
5621     613     0.007704053
 602    5620     0.000741918
 602    5621    -0.000604827
 602     602     1.972200002
 602     603    -0.007322523
 602     604    -0.001488974
 602     610    -0.001712592
 602     611     0.000108418
 602     612    -0.002203274
 602     613    -0.000637345
 603    5620    -0.004714088
 603    5621    -0.017607824
 603     602    -0.007322523
 603     603     1.955900000
 603     604     0.000399594
 603     610     0.001909987
 603     611     0.000402184
 603     612     0.000118833
 603     613    -0.003457224
 604    5620     0.000205637
 604    5621    -0.029886749
 604     602    -0.001488974
 604     603     0.000399594
 604     604     2.039300000
 604     610     0.001116484
 604     611    -0.000383232
 604     612     0.000691527
 604     613    -0.000931224
 610    5620     0.004623697
 610    5621     0.002018617
 610     602    -0.001712592
 610     603     0.001909987
 610     604     0.001116484
 610     610     2.068800000
 610     611    -0.008710913
 610     612    -0.005445057
 610     613    -0.000671648
 611    5620    -0.003478420
 611    5621    -0.000536040
 611     602     0.000108418
 611     603     0.000402184
 611     604    -0.000383232
 611     610    -0.008710913
 611     611     1.971300001
 611     612     0.015081773
 611     613     0.000789835
 612    5620     0.010619776
 612    5621     0.006234981
 612     602    -0.002203274
 612     603     0.000118833
 612     604     0.000691527
 612     610    -0.005445057
 612     611     0.015081773
 612     612     2.113100000
 612     613     0.000193991
 613    5620     0.006169413
 613    5621     0.007704053
 613     602    -0.000637345
 613     603    -0.003457224
 613     604    -0.000931224
 613     610    -0.000671648
 613     611     0.000789835
 613     612     0.000193991
 613     613     1.987200000
