5620    5620     2.238599998
5620    5621    -0.003074205
5620     602     0.001876762
5620     603    -0.006883862
5620     604     0.002190414
5620     610    -0.005418564
5620     611     0.000332758
5620     612    -0.016267844
5620     613    -0.006353457
5621    5620    -0.003074205
5621    5621     2.243900003
5621     602     0.006036370
5621     603     0.015657660
5621     604    -0.028000613
5621     610     0.000839635
5621     611     0.000090963
5621     612    -0.006190845
5621     613    -0.006835383
 602    5620     0.001876762
 602    5621     0.006036370
 602     602     1.986500002
 602     603     0.007626868
 602     604     0.001390003
 602     610     0.001848196
 602     611     0.000918404
 602     612     0.002321273
 602     613    -0.000105370
 603    5620    -0.006883862
 603    5621     0.015657660
 603     602     0.007626868
 603     603     1.916200000
 603     604    -0.000024697
 603     610     0.002329138
 603     611     0.000676756
 603     612     0.000213987
 603     613    -0.003726869
 604    5620     0.002190414
 604    5621    -0.028000613
 604     602     0.001390003
 604     603    -0.000024697
 604     604     2.072300000
 604     610     0.000244062
 604     611    -0.000827382
 604     612     0.000511510
 604     613     0.001239167
 610    5620    -0.005418564
 610    5621     0.000839635
 610     602     0.001848196
 610     603     0.002329138
 610     604     0.000244062
 610     610     1.956800000
 610     611    -0.006389055
 610     612     0.007760636
 610     613    -0.000554214
 611    5620     0.000332758
 611    5621     0.000090963
 611     602     0.000918404
 611     603     0.000676756
 611     604    -0.000827382
 611     610    -0.006389055
 611     611     1.933800001
 611     612     0.017300246
 611     613    -0.000786562
 612    5620    -0.016267844
 612    5621    -0.006190845
 612     602     0.002321273
 612     603     0.000213987
 612     604     0.000511510
 612     610     0.007760636
 612     611     0.017300246
 612     612     2.042700000
 612     613     0.000269536
 613    5620    -0.006353457
 613    5621    -0.006835383
 613     602    -0.000105370
 613     603    -0.003726869
 613     604     0.001239167
 613     610    -0.000554214
 613     611    -0.000786562
 613     612     0.000269536
 613     613     2.059000000
