5620    5620     2.304599998
5620    5621    -0.003182621
5620     602    -0.000674021
5620     603    -0.006858393
5620     604    -0.000740116
5620     610    -0.004909254
5620     611    -0.000770269
5620     612    -0.012336089
5620     613     0.008912324
5621    5620    -0.003182621
5621    5621     2.194400003
5621     602     0.002567640
5621     603     0.023483655
5621     604     0.032281579
5621     610    -0.000293119
5621     611     0.000039925
5621     612     0.007695383
5621     613     0.006070302
 602    5620    -0.000674021
 602    5621     0.002567640
 602     602     1.924200002
 602     603    -0.012910138
 602     604    -0.001906970
 602     610    -0.000663979
 602     611     0.000270718
 602     612    -0.002793485
 602     613    -0.001366247
 603    5620    -0.006858393
 603    5621     0.023483655
 603     602    -0.012910138
 603     603     1.882400000
 603     604    -0.000806948
 603     610    -0.002296915
 603     611    -0.000477934
 603     612     0.000202383
 603     613     0.003967082
 604    5620    -0.000740116
 604    5621     0.032281579
 604     602    -0.001906970
 604     603    -0.000806948
 604     604     2.069900000
 604     610     0.000294235
 604     611     0.000610150
 604     612     0.000527260
 604     613     0.001014845
 610    5620    -0.004909254
 610    5621    -0.000293119
 610     602    -0.000663979
 610     603    -0.002296915
 610     604     0.000294235
 610     610     2.039100000
 610     611     0.007059899
 610     612    -0.008223679
 610     613     0.000791081
 611    5620    -0.000770269
 611    5621     0.000039925
 611     602     0.000270718
 611     603    -0.000477934
 611     604     0.000610150
 611     610     0.007059899
 611     611     2.008100001
 611     612     0.019612724
 611     613    -0.000799555
 612    5620    -0.012336089
 612    5621     0.007695383
 612     602    -0.002793485
 612     603     0.000202383
 612     604     0.000527260
 612     610    -0.008223679
 612     611     0.019612724
 612     612     1.997100000
 612     613     0.000105709
 613    5620     0.008912324
 613    5621     0.006070302
 613     602    -0.001366247
 613     603     0.003967082
 613     604     0.001014845
 613     610     0.000791081
 613     611    -0.000799555
 613     612     0.000105709
 613     613     2.085000000
