5620    5620     2.371899998
5620    5621     0.000556526
5620     602     0.000422814
5620     603     0.006140976
5620     604    -0.001021510
5620     610    -0.006312969
5620     611    -0.001703437
5620     612    -0.019398078
5620     613     0.008597847
5621    5620     0.000556526
5621    5621     2.467000003
5621     602     0.001441769
5621     603     0.016079205
5621     604    -0.024962790
5621     610    -0.001365620
5621     611    -0.000174797
5621     612     0.006348329
5621     613    -0.006646827
 602    5620     0.000422814
 602    5621     0.001441769
 602     602     1.942600002
 602     603     0.007793752
 602     604     0.001536558
 602     610    -0.001678243
 602     611     0.000228829
 602     612    -0.002684118
 602     613     0.000704815
 603    5620     0.006140976
 603    5621     0.016079205
 603     602     0.007793752
 603     603     1.876000000
 603     604     0.000426062
 603     610    -0.002198374
 603     611     0.000571975
 603     612     0.000245689
 603     613    -0.004222479
 604    5620    -0.001021510
 604    5621    -0.024962790
 604     602     0.001536558
 604     603     0.000426062
 604     604     2.040200000
 604     610    -0.000895406
 604     611    -0.000370811
 604     612     0.000849583
 604     613     0.000872613
 610    5620    -0.006312969
 610    5621    -0.001365620
 610     602    -0.001678243
 610     603    -0.002198374
 610     604    -0.000895406
 610     610     2.027000000
 610     611     0.007398625
 610     612     0.006187301
 610     613    -0.000763614
 611    5620    -0.001703437
 611    5621    -0.000174797
 611     602     0.000228829
 611     603     0.000571975
 611     604    -0.000370811
 611     610     0.007398625
 611     611     2.086900001
 611     612     0.015370764
 611     613     0.000895204
 612    5620    -0.019398078
 612    5621     0.006348329
 612     602    -0.002684118
 612     603     0.000245689
 612     604     0.000849583
 612     610     0.006187301
 612     611     0.015370764
 612     612     2.082100000
 612     613     0.000185654
 613    5620     0.008597847
 613    5621    -0.006646827
 613     602     0.000704815
 613     603    -0.004222479
 613     604     0.000872613
 613     610    -0.000763614
 613     611     0.000895204
 613     612     0.000185654
 613     613     1.938900000
