5620    5620     2.372799998
5620    5621    -0.007447867
5620     602     0.000303807
5620     603     0.005345570
5620     604     0.002490207
5620     610     0.002594801
5620     611    -0.001191830
5620     612     0.013879984
5620     613     0.004477268
5621    5620    -0.007447867
5621    5621     2.248100003
5621     602     0.001111201
5621     603     0.023740020
5621     604    -0.030068112
5621     610     0.002454077
5621     611     0.000515805
5621     612    -0.007017782
5621     613     0.009019111
 602    5620     0.000303807
 602    5621     0.001111201
 602     602     2.008600002
 602     603     0.009079248
 602     604     0.001601370
 602     610    -0.001212350
 602     611    -0.000203156
 602     612     0.002355142
 602     613     0.001077414
 603    5620     0.005345570
 603    5621     0.023740020
 603     602     0.009079248
 603     603     1.956000000
 603     604    -0.000444399
 603     610    -0.001971211
 603     611    -0.000507262
 603     612     0.000116159
 603     613     0.003577965
 604    5620     0.002490207
 604    5621    -0.030068112
 604     602     0.001601370
 604     603    -0.000444399
 604     604     1.993700000
 604     610    -0.001176768
 604     611    -0.000589320
 604     612    -0.000913265
 604     613     0.001017794
 610    5620     0.002594801
 610    5621     0.002454077
 610     602    -0.001212350
 610     603    -0.001971211
 610     604    -0.001176768
 610     610     2.065400000
 610     611    -0.006104594
 610     612     0.003414871
 610     613     0.000439481
 611    5620    -0.001191830
 611    5621     0.000515805
 611     602    -0.000203156
 611     603    -0.000507262
 611     604    -0.000589320
 611     610    -0.006104594
 611     611     2.030200001
 611     612     0.018589469
 611     613     0.000848030
 612    5620     0.013879984
 612    5621    -0.007017782
 612     602     0.002355142
 612     603     0.000116159
 612     604    -0.000913265
 612     610     0.003414871
 612     611     0.018589469
 612     612     2.060600000
 612     613     0.000071213
 613    5620     0.004477268
 613    5621     0.009019111
 613     602     0.001077414
 613     603     0.003577965
 613     604     0.001017794
 613     610     0.000439481
 613     611     0.000848030
 613     612     0.000071213
 613     613     1.985800000
