5620    5620     2.371399998
5620    5621     0.005167701
5620     602    -0.001126968
5620     603    -0.005463312
5620     604    -0.000916302
5620     610     0.002045637
5620     611    -0.003866599
5620     612     0.017941220
5620     613     0.006165464
5621    5620     0.005167701
5621    5621     2.398100003
5621     602    -0.000484749
5621     603     0.009301752
5621     604    -0.029974717
5621     610    -0.002946463
5621     611    -0.000499577
5621     612     0.007046844
5621     613     0.007794788
 602    5620    -0.001126968
 602    5621    -0.000484749
 602     602     1.899400002
 602     603    -0.007129186
 602     604    -0.001733515
 602     610    -0.002197085
 602     611     0.000230992
 602     612    -0.002829409
 602     613     0.000719343
 603    5620    -0.005463312
 603    5621     0.009301752
 603     602    -0.007129186
 603     603     1.965000000
 603     604     0.000452682
 603     610     0.001979252
 603     611     0.000260615
 603     612     0.000128913
 603     613    -0.003712354
 604    5620    -0.000916302
 604    5621    -0.029974717
 604     602    -0.001733515
 604     603     0.000452682
 604     604     2.039600000
 604     610     0.002149516
 604     611     0.000507247
 604     612    -0.001182614
 604     613     0.001012880
 610    5620     0.002045637
 610    5621    -0.002946463
 610     602    -0.002197085
 610     603     0.001979252
 610     604     0.002149516
 610     610     2.044100000
 610     611     0.007005800
 610     612     0.005605409
 610     613     0.000438031
 611    5620    -0.003866599
 611    5621    -0.000499577
 611     602     0.000230992
 611     603     0.000260615
 611     604     0.000507247
 611     610     0.007005800
 611     611     2.075500001
 611     612    -0.020783385
 611     613     0.000503704
 612    5620     0.017941220
 612    5621     0.007046844
 612     602    -0.002829409
 612     603     0.000128913
 612     604    -0.001182614
 612     610     0.005605409
 612     611    -0.020783385
 612     612     2.078700000
 612     613    -0.000050501
 613    5620     0.006165464
 613    5621     0.007794788
 613     602     0.000719343
 613     603    -0.003712354
 613     604     0.001012880
 613     610     0.000438031
 613     611     0.000503704
 613     612    -0.000050501
 613     613     2.054400000
