5620    5620     2.494299998
5620    5621     0.004316111
5620     602     0.000572260
5620     603    -0.004868882
5620     604     0.000309530
5620     610    -0.000306836
5620     611    -0.002292302
5620     612     0.001942108
5620     613     0.006012275
5621    5620     0.004316111
5621    5621     2.421500003
5621     602     0.001765875
5621     603    -0.021421040
5621     604     0.029005452
5621     610     0.001996154
5621     611    -0.000699202
5621     612    -0.005758022
5621     613     0.007238501
 602    5620     0.000572260
 602    5621     0.001765875
 602     602     1.956100002
 602     603     0.008422132
 602     604    -0.001425813
 602     610    -0.001395696
 602     611     0.000102513
 602     612     0.002122868
 602     613     0.000715342
 603    5620    -0.004868882
 603    5621    -0.021421040
 603     602     0.008422132
 603     603     2.006400000
 603     604     0.000660662
 603     610     0.001808706
 603     611    -0.000443138
 603     612    -0.000074081
 603     613    -0.003091922
 604    5620     0.000309530
 604    5621     0.029005452
 604     602    -0.001425813
 604     603     0.000660662
 604     604     2.104100000
 604     610     0.000871801
 604     611    -0.000579718
 604     612     0.000294875
 604     613    -0.001021117
 610    5620    -0.000306836
 610    5621     0.001996154
 610     602    -0.001395696
 610     603     0.001808706
 610     604     0.000871801
 610     610     2.046900000
 610     611    -0.004848099
 610     612    -0.005194565
 610     613     0.000474418
 611    5620    -0.002292302
 611    5621    -0.000699202
 611     602     0.000102513
 611     603    -0.000443138
 611     604    -0.000579718
 611     610    -0.004848099
 611     611     2.047500001
 611     612     0.013481568
 611     613     0.000814634
 612    5620     0.001942108
 612    5621    -0.005758022
 612     602     0.002122868
 612     603    -0.000074081
 612     604     0.000294875
 612     610    -0.005194565
 612     611     0.013481568
 612     612     2.127600000
 612     613    -0.000224545
 613    5620     0.006012275
 613    5621     0.007238501
 613     602     0.000715342
 613     603    -0.003091922
 613     604    -0.001021117
 613     610     0.000474418
 613     611     0.000814634
 613     612    -0.000224545
 613     613     2.039300000
