5620    5620     2.343099998
5620    5621    -0.003672937
5620     602     0.001541051
5620     603     0.005940190
5620     604     0.001124510
5620     610    -0.006024638
5620     611    -0.001058643
5620     612    -0.011413386
5620     613     0.007645388
5621    5620    -0.003672937
5621    5621     2.029400003
5621     602     0.004613765
5621     603     0.018932385
5621     604     0.028454362
5621     610    -0.002009869
5621     611    -0.000055193
5621     612     0.007487802
5621     613     0.006771204
 602    5620     0.001541051
 602    5621     0.004613765
 602     602     1.943200002
 602     603     0.007282260
 602     604     0.001421459
 602     610    -0.001955256
 602     611     0.000240504
 602     612    -0.002432898
 602     613     0.000429026
 603    5620     0.005940190
 603    5621     0.018932385
 603     602     0.007282260
 603     603     1.953000000
 603     604     0.000521110
 603     610    -0.002463030
 603     611    -0.000539294
 603     612    -0.000108029
 603     613    -0.004082845
 604    5620     0.001124510
 604    5621     0.028454362
 604     602     0.001421459
 604     603     0.000521110
 604     604     2.089900000
 604     610     0.001509411
 604     611     0.000550331
 604     612     0.000446558
 604     613    -0.001021794
 610    5620    -0.006024638
 610    5621    -0.002009869
 610     602    -0.001955256
 610     603    -0.002463030
 610     604     0.001509411
 610     610     2.003900000
 610     611     0.006412808
 610     612    -0.007118890
 610     613     0.000581026
 611    5620    -0.001058643
 611    5621    -0.000055193
 611     602     0.000240504
 611     603    -0.000539294
 611     604     0.000550331
 611     610     0.006412808
 611     611     2.018300001
 611     612    -0.016942260
 611     613     0.000907651
 612    5620    -0.011413386
 612    5621     0.007487802
 612     602    -0.002432898
 612     603    -0.000108029
 612     604     0.000446558
 612     610    -0.007118890
 612     611    -0.016942260
 612     612     2.078200000
 612     613     0.000048274
 613    5620     0.007645388
 613    5621     0.006771204
 613     602     0.000429026
 613     603    -0.004082845
 613     604    -0.001021794
 613     610     0.000581026
 613     611     0.000907651
 613     612     0.000048274
 613     613     2.017700000
