5620    5620     2.292199998
5620    5621    -0.003742027
5620     602     0.002068444
5620     603     0.005451004
5620     604    -0.002732325
5620     610    -0.005274670
5620     611     0.003216772
5620     612     0.016920075
5620     613     0.008229509
5621    5620    -0.003742027
5621    5621     2.397200003
5621     602     0.002255120
5621     603     0.025735874
5621     604    -0.029835401
5621     610    -0.002191929
5621     611     0.000436622
5621     612     0.006309720
5621     613     0.007034615
 602    5620     0.002068444
 602    5621     0.002255120
 602     602     1.956700002
 602     603    -0.008463363
 602     604    -0.001149886
 602     610    -0.002285215
 602     611     0.000837294
 602     612    -0.001992844
 602     613    -0.000398921
 603    5620     0.005451004
 603    5621     0.025735874
 603     602    -0.008463363
 603     603     1.923200000
 603     604    -0.001250816
 603     610     0.002217707
 603     611    -0.000410384
 603     612     0.000214630
 603     613    -0.003598843
 604    5620    -0.002732325
 604    5621    -0.029835401
 604     602    -0.001149886
 604     603    -0.001250816
 604     604     2.091700000
 604     610     0.001044005
 604     611    -0.000779733
 604     612    -0.000456669
 604     613     0.001202740
 610    5620    -0.005274670
 610    5621    -0.002191929
 610     602    -0.002285215
 610     603     0.002217707
 610     604     0.001044005
 610     610     1.977800000
 610     611    -0.006734046
 610     612    -0.004563640
 610     613     0.000569955
 611    5620     0.003216772
 611    5621     0.000436622
 611     602     0.000837294
 611     603    -0.000410384
 611     604    -0.000779733
 611     610    -0.006734046
 611     611     2.066200001
 611     612    -0.016982780
 611     613     0.000907568
 612    5620     0.016920075
 612    5621     0.006309720
 612     602    -0.001992844
 612     603     0.000214630
 612     604    -0.000456669
 612     610    -0.004563640
 612     611    -0.016982780
 612     612     2.108300000
 612     613     0.000140118
 613    5620     0.008229509
 613    5621     0.007034615
 613     602    -0.000398921
 613     603    -0.003598843
 613     604     0.001202740
 613     610     0.000569955
 613     611     0.000907568
 613     612     0.000140118
 613     613     1.989700000
