5620    5620     2.375999998
5620    5621    -0.005006170
5620     602    -0.000483641
5620     603     0.005993703
5620     604     0.000580101
5620     610     0.008109773
5620     611    -0.004958083
5620     612    -0.021302682
5620     613    -0.001203925
5621    5620    -0.005006170
5621    5621     2.200200003
5621     602    -0.002018715
5621     603     0.020365878
5621     604     0.028508573
5621     610    -0.002515306
5621     611     0.000585249
5621     612     0.007373180
5621     613    -0.009311237
 602    5620    -0.000483641
 602    5621    -0.002018715
 602     602     1.919200002
 602     603     0.008277611
 602     604     0.001348892
 602     610    -0.001995692
 602     611     0.000229654
 602     612     0.002575452
 602     613     0.001523007
 603    5620     0.005993703
 603    5621     0.020365878
 603     602     0.008277611
 603     603     1.897800000
 603     604    -0.000098544
 603     610     0.002103489
 603     611    -0.000216234
 603     612    -0.000023045
 603     613    -0.005685235
 604    5620     0.000580101
 604    5621     0.028508573
 604     602     0.001348892
 604     603    -0.000098544
 604     604     2.119300000
 604     610     0.001333748
 604     611    -0.000255434
 604     612     0.000879933
 604     613     0.001042296
 610    5620     0.008109773
 610    5621    -0.002515306
 610     602    -0.001995692
 610     603     0.002103489
 610     604     0.001333748
 610     610     1.958200000
 610     611    -0.005383365
 610     612    -0.007021901
 610     613     0.000152860
 611    5620    -0.004958083
 611    5621     0.000585249
 611     602     0.000229654
 611     603    -0.000216234
 611     604    -0.000255434
 611     610    -0.005383365
 611     611     2.063100001
 611     612     0.015800732
 611     613    -0.000534280
 612    5620    -0.021302682
 612    5621     0.007373180
 612     602     0.002575452
 612     603    -0.000023045
 612     604     0.000879933
 612     610    -0.007021901
 612     611     0.015800732
 612     612     2.016000000
 612     613    -0.000114235
 613    5620    -0.001203925
 613    5621    -0.009311237
 613     602     0.001523007
 613     603    -0.005685235
 613     604     0.001042296
 613     610     0.000152860
 613     611    -0.000534280
 613     612    -0.000114235
 613     613     1.996000000
