5620    5620     2.311699998
5620    5621     0.005106043
5620     602    -0.001527946
5620     603    -0.006510460
5620     604    -0.002040349
5620     610     0.003175028
5620     611    -0.000142580
5620     612     0.010190691
5620     613     0.004897297
5621    5620     0.005106043
5621    5621     2.165800003
5621     602     0.002978726
5621     603     0.018384376
5621     604    -0.036538932
5621     610    -0.003451538
5621     611     0.000073813
5621     612    -0.006856111
5621     613    -0.009190952
 602    5620    -0.001527946
 602    5621     0.002978726
 602     602     2.005000002
 602     603    -0.004042446
 602     604     0.001364504
 602     610     0.002109759
 602     611     0.000657832
 602     612     0.002063336
 602     613    -0.000127745
 603    5620    -0.006510460
 603    5621     0.018384376
 603     602    -0.004042446
 603     603     1.891500000
 603     604    -0.000274799
 603     610    -0.002570556
 603     611     0.000694407
 603     612     0.000128843
 603     613    -0.004014004
 604    5620    -0.002040349
 604    5621    -0.036538932
 604     602     0.001364504
 604     603    -0.000274799
 604     604     2.019600000
 604     610     0.002201928
 604     611    -0.000375777
 604     612    -0.001523014
 604     613    -0.000900782
 610    5620     0.003175028
 610    5621    -0.003451538
 610     602     0.002109759
 610     603    -0.002570556
 610     604     0.002201928
 610     610     1.995900000
 610     611     0.007166018
 610     612    -0.006303870
 610     613    -0.000472534
 611    5620    -0.000142580
 611    5621     0.000073813
 611     602     0.000657832
 611     603     0.000694407
 611     604    -0.000375777
 611     610     0.007166018
 611     611     1.992900001
 611     612    -0.017245449
 611     613    -0.000904749
 612    5620     0.010190691
 612    5621    -0.006856111
 612     602     0.002063336
 612     603     0.000128843
 612     604    -0.001523014
 612     610    -0.006303870
 612     611    -0.017245449
 612     612     2.096200000
 612     613     0.000083627
 613    5620     0.004897297
 613    5621    -0.009190952
 613     602    -0.000127745
 613     603    -0.004014004
 613     604    -0.000900782
 613     610    -0.000472534
 613     611    -0.000904749
 613     612     0.000083627
 613     613     2.008500000
