5620    5620     2.257199998
5620    5621    -0.005259736
5620     602     0.002360661
5620     603    -0.006290001
5620     604     0.000674267
5620     610     0.003271923
5620     611     0.003570320
5620     612     0.019953422
5620     613    -0.008971901
5621    5620    -0.005259736
5621    5621     2.453000003
5621     602     0.003475245
5621     603     0.027557955
5621     604    -0.029743604
5621     610     0.002706953
5621     611     0.000076748
5621     612    -0.005641466
5621     613    -0.007741985
 602    5620     0.002360661
 602    5621     0.003475245
 602     602     1.982200002
 602     603     0.008241545
 602     604     0.001393792
 602     610     0.002384770
 602     611    -0.000680964
 602     612     0.002209181
 602     613    -0.000185761
 603    5620    -0.006290001
 603    5621     0.027557955
 603     602     0.008241545
 603     603     1.899100000
 603     604    -0.000899396
 603     610    -0.002455566
 603     611    -0.000371442
 603     612     0.000244005
 603     613     0.003921448
 604    5620     0.000674267
 604    5621    -0.029743604
 604     602     0.001393792
 604     603    -0.000899396
 604     604     2.021700000
 604     610     0.001369560
 604     611    -0.000502774
 604     612     0.000769669
 604     613     0.000958254
 610    5620     0.003271923
 610    5621     0.002706953
 610     602     0.002384770
 610     603    -0.002455566
 610     604     0.001369560
 610     610     2.019500000
 610     611     0.007971170
 610     612     0.004851434
 610     613    -0.000538527
 611    5620     0.003570320
 611    5621     0.000076748
 611     602    -0.000680964
 611     603    -0.000371442
 611     604    -0.000502774
 611     610     0.007971170
 611     611     1.971700001
 611     612    -0.018430902
 611     613     0.000799196
 612    5620     0.019953422
 612    5621    -0.005641466
 612     602     0.002209181
 612     603     0.000244005
 612     604     0.000769669
 612     610     0.004851434
 612     611    -0.018430902
 612     612     2.091200000
 612     613     0.000054857
 613    5620    -0.008971901
 613    5621    -0.007741985
 613     602    -0.000185761
 613     603     0.003921448
 613     604     0.000958254
 613     610    -0.000538527
 613     611     0.000799196
 613     612     0.000054857
 613     613     1.953100000
