5620    5620     2.426699998
5620    5621     0.004315183
5620     602    -0.001006976
5620     603    -0.004566397
5620     604    -0.001177109
5620     610    -0.003787513
5620     611     0.003312541
5620     612    -0.010868307
5620     613     0.008102929
5621    5620     0.004315183
5621    5621     2.111900003
5621     602     0.002702846
5621     603    -0.032044180
5621     604    -0.034645201
5621     610    -0.003443898
5621     611     0.000215004
5621     612     0.008258480
5621     613    -0.006652568
 602    5620    -0.001006976
 602    5621     0.002702846
 602     602     1.943400002
 602     603     0.012272718
 602     604     0.001900733
 602     610     0.001550169
 602     611    -0.000372541
 602     612     0.002561450
 602     613    -0.001724103
 603    5620    -0.004566397
 603    5621    -0.032044180
 603     602     0.012272718
 603     603     1.841500000
 603     604    -0.001727465
 603     610    -0.001999569
 603     611    -0.000224616
 603     612     0.000400813
 603     613     0.003212591
 604    5620    -0.001177109
 604    5621    -0.034645201
 604     602     0.001900733
 604     603    -0.001727465
 604     604     1.982200000
 604     610     0.001863780
 604     611    -0.000586278
 604     612     0.000431512
 604     613     0.001013087
 610    5620    -0.003787513
 610    5621    -0.003443898
 610     602     0.001550169
 610     603    -0.001999569
 610     604     0.001863780
 610     610     2.038000000
 610     611     0.006592501
 610     612     0.005928383
 610     613    -0.000494526
 611    5620     0.003312541
 611    5621     0.000215004
 611     602    -0.000372541
 611     603    -0.000224616
 611     604    -0.000586278
 611     610     0.006592501
 611     611     2.030000001
 611     612    -0.017306120
 611     613     0.000687618
 612    5620    -0.010868307
 612    5621     0.008258480
 612     602     0.002561450
 612     603     0.000400813
 612     604     0.000431512
 612     610     0.005928383
 612     611    -0.017306120
 612     612     2.010500000
 612     613    -0.000167840
 613    5620     0.008102929
 613    5621    -0.006652568
 613     602    -0.001724103
 613     603     0.003212591
 613     604     0.001013087
 613     610    -0.000494526
 613     611     0.000687618
 613     612    -0.000167840
 613     613     1.999700000
