5620    5620     2.622699998
5620    5621     0.004252080
5620     602     0.001166345
5620     603    -0.004583608
5620     604     0.002223491
5620     610     0.000921745
5620     611    -0.000521232
5620     612    -0.002884404
5620     613     0.002293599
5621    5620     0.004252080
5621    5621     2.440600003
5621     602     0.002160210
5621     603     0.019834773
5621     604    -0.026762230
5621     610     0.000573483
5621     611     0.000370049
5621     612     0.006098515
5621     613     0.008551909
 602    5620     0.001166345
 602    5621     0.002160210
 602     602     2.017900002
 602     603     0.008845801
 602     604    -0.001317766
 602     610     0.001437372
 602     611     0.000141366
 602     612    -0.002290933
 602     613     0.000776844
 603    5620    -0.004583608
 603    5621     0.019834773
 603     602     0.008845801
 603     603     1.928500000
 603     604    -0.000699977
 603     610     0.001797050
 603     611    -0.000356176
 603     612    -0.000097173
 603     613     0.004137732
 604    5620     0.002223491
 604    5621    -0.026762230
 604     602    -0.001317766
 604     603    -0.000699977
 604     604     2.061900000
 604     610    -0.000324208
 604     611     0.000689692
 604     612     0.000244370
 604     613    -0.001334471
 610    5620     0.000921745
 610    5621     0.000573483
 610     602     0.001437372
 610     603     0.001797050
 610     604    -0.000324208
 610     610     1.990400000
 610     611    -0.006269034
 610     612     0.006578486
 610     613    -0.000419919
 611    5620    -0.000521232
 611    5621     0.000370049
 611     602     0.000141366
 611     603    -0.000356176
 611     604     0.000689692
 611     610    -0.006269034
 611     611     2.028100001
 611     612     0.020252025
 611     613     0.000677404
 612    5620    -0.002884404
 612    5621     0.006098515
 612     602    -0.002290933
 612     603    -0.000097173
 612     604     0.000244370
 612     610     0.006578486
 612     611     0.020252025
 612     612     2.079400000
 612     613    -0.000099009
 613    5620     0.002293599
 613    5621     0.008551909
 613     602     0.000776844
 613     603     0.004137732
 613     604    -0.001334471
 613     610    -0.000419919
 613     611     0.000677404
 613     612    -0.000099009
 613     613     2.005200000
