5620    5620     2.518299998
5620    5621     0.003724249
5620     602    -0.000807513
5620     603     0.005842304
5620     604     0.001793702
5620     610    -0.001692013
5620     611     0.001995709
5620     612     0.006973129
5620     613     0.001177429
5621    5620     0.003724249
5621    5621     2.181300003
5621     602    -0.001013498
5621     603     0.027820808
5621     604    -0.032510659
5621     610    -0.001919507
5621     611    -0.000178671
5621     612     0.006734500
5621     613     0.008540176
 602    5620    -0.000807513
 602    5621    -0.001013498
 602     602     1.955100002
 602     603    -0.010965316
 602     604     0.001642965
 602     610     0.001621035
 602     611    -0.000051574
 602     612    -0.002381943
 602     613     0.000989864
 603    5620     0.005842304
 603    5621     0.027820808
 603     602    -0.010965316
 603     603     1.823800000
 603     604    -0.001229110
 603     610    -0.002148704
 603     611     0.000332766
 603     612     0.000132182
 603     613    -0.004220274
 604    5620     0.001793702
 604    5621    -0.032510659
 604     602     0.001642965
 604     603    -0.001229110
 604     604     2.004000000
 604     610     0.001436212
 604     611     0.000213473
 604     612    -0.001354825
 604     613    -0.000990785
 610    5620    -0.001692013
 610    5621    -0.001919507
 610     602     0.001621035
 610     603    -0.002148704
 610     604     0.001436212
 610     610     2.105400000
 610     611    -0.007053198
 610     612    -0.002719132
 610     613     0.000264993
 611    5620     0.001995709
 611    5621    -0.000178671
 611     602    -0.000051574
 611     603     0.000332766
 611     604     0.000213473
 611     610    -0.007053198
 611     611     2.030800001
 611     612    -0.018597357
 611     613     0.000616983
 612    5620     0.006973129
 612    5621     0.006734500
 612     602    -0.002381943
 612     603     0.000132182
 612     604    -0.001354825
 612     610    -0.002719132
 612     611    -0.018597357
 612     612     2.077700000
 612     613     0.000071758
 613    5620     0.001177429
 613    5621     0.008540176
 613     602     0.000989864
 613     603    -0.004220274
 613     604    -0.000990785
 613     610     0.000264993
 613     611     0.000616983
 613     612     0.000071758
 613     613     2.028600000
