5620    5620     2.605799998
5620    5621    -0.008025865
5620     602    -0.001056242
5620     603     0.005753111
5620     604    -0.001873197
5620     610     0.001571035
5620     611     0.002842903
5620     612     0.013361931
5620     613     0.006590139
5621    5620    -0.008025865
5621    5621     2.148400003
5621     602     0.000375470
5621     603    -0.030880255
5621     604     0.033121536
5621     610    -0.001836945
5621     611    -0.000480881
5621     612     0.008704955
5621     613     0.009969934
 602    5620    -0.001056242
 602    5621     0.000375470
 602     602     1.917100002
 602     603     0.009961507
 602     604    -0.001554220
 602     610     0.001758599
 602     611     0.000240999
 602     612    -0.002886828
 602     613     0.000749668
 603    5620     0.005753111
 603    5621    -0.030880255
 603     602     0.009961507
 603     603     1.956000000
 603     604     0.000934013
 603     610     0.002330493
 603     611    -0.000070766
 603     612    -0.000289236
 603     613     0.004385197
 604    5620    -0.001873197
 604    5621     0.033121536
 604     602    -0.001554220
 604     603     0.000934013
 604     604     2.088200000
 604     610     0.000697054
 604     611     0.000613796
 604     612    -0.000335396
 604     613    -0.001267587
 610    5620     0.001571035
 610    5621    -0.001836945
 610     602     0.001758599
 610     603     0.002330493
 610     604     0.000697054
 610     610     2.016900000
 610     611    -0.007144594
 610     612    -0.011316926
 610     613    -0.000708729
 611    5620     0.002842903
 611    5621    -0.000480881
 611     602     0.000240999
 611     603    -0.000070766
 611     604     0.000613796
 611     610    -0.007144594
 611     611     2.123600001
 611     612    -0.017425970
 611     613    -0.000440379
 612    5620     0.013361931
 612    5621     0.008704955
 612     602    -0.002886828
 612     603    -0.000289236
 612     604    -0.000335396
 612     610    -0.011316926
 612     611    -0.017425970
 612     612     1.996800000
 612     613     0.000051448
 613    5620     0.006590139
 613    5621     0.009969934
 613     602     0.000749668
 613     603     0.004385197
 613     604    -0.001267587
 613     610    -0.000708729
 613     611    -0.000440379
 613     612     0.000051448
 613     613     1.981000000
