5620    5620     2.246099998
5620    5621     0.003661708
5620     602     0.000796752
5620     603     0.005931411
5620     604     0.000061662
5620     610     0.005191278
5620     611    -0.001999195
5620     612     0.009597048
5620     613    -0.005592379
5621    5620     0.003661708
5621    5621     2.498400003
5621     602    -0.001798374
5621     603     0.019396237
5621     604     0.030511528
5621     610    -0.000133791
5621     611    -0.001050092
5621     612    -0.005144705
5621     613    -0.009873348
 602    5620     0.000796752
 602    5621    -0.001798374
 602     602     1.985900002
 602     603     0.007203091
 602     604     0.001570086
 602     610    -0.000974036
 602     611    -0.000157780
 602     612    -0.002249162
 602     613     0.001033680
 603    5620     0.005931411
 603    5621     0.019396237
 603     602     0.007203091
 603     603     1.974200000
 603     604    -0.000170981
 603     610    -0.002170255
 603     611     0.000760225
 603     612     0.000030382
 603     613    -0.004586102
 604    5620     0.000061662
 604    5621     0.030511528
 604     602     0.001570086
 604     603    -0.000170981
 604     604     2.065700000
 604     610    -0.000189960
 604     611    -0.000476908
 604     612     0.000449382
 604     613    -0.001340993
 610    5620     0.005191278
 610    5621    -0.000133791
 610     602    -0.000974036
 610     603    -0.002170255
 610     604    -0.000189960
 610     610     2.037900000
 610     611    -0.005572953
 610     612     0.008989198
 610     613    -0.000806763
 611    5620    -0.001999195
 611    5621    -0.001050092
 611     602    -0.000157780
 611     603     0.000760225
 611     604    -0.000476908
 611     610    -0.005572953
 611     611     1.970000001
 611     612     0.017016593
 611     613    -0.001230639
 612    5620     0.009597048
 612    5621    -0.005144705
 612     602    -0.002249162
 612     603     0.000030382
 612     604     0.000449382
 612     610     0.008989198
 612     611     0.017016593
 612     612     2.146300000
 612     613     0.000118821
 613    5620    -0.005592379
 613    5621    -0.009873348
 613     602     0.001033680
 613     603    -0.004586102
 613     604    -0.001340993
 613     610    -0.000806763
 613     611    -0.001230639
 613     612     0.000118821
 613     613     1.968600000
