5620    5620     2.430999998
5620    5621    -0.005901435
5620     602    -0.000694659
5620     603    -0.005176321
5620     604    -0.001832627
5620     610     0.005325572
5620     611     0.001236722
5620     612    -0.006001261
5620     613     0.001269220
5621    5620    -0.005901435
5621    5621     2.392600003
5621     602    -0.002559328
5621     603     0.021350320
5621     604    -0.025401822
5621     610    -0.001651340
5621     611     0.000104554
5621     612     0.006390518
5621     613    -0.009864857
 602    5620    -0.000694659
 602    5621    -0.002559328
 602     602     1.919800002
 602     603     0.006376743
 602     604    -0.001446717
 602     610    -0.000297221
 602     611    -0.000120241
 602     612     0.002459768
 602     613     0.001023207
 603    5620    -0.005176321
 603    5621     0.021350320
 603     602     0.006376743
 603     603     1.980400000
 603     604     0.000641063
 603     610     0.001190520
 603     611    -0.000198953
 603     612    -0.000090278
 603     613    -0.004013392
 604    5620    -0.001832627
 604    5621    -0.025401822
 604     602    -0.001446717
 604     603     0.000641063
 604     604     2.103100000
 604     610    -0.000558866
 604     611    -0.000606485
 604     612    -0.000180068
 604     613    -0.001180969
 610    5620     0.005325572
 610    5621    -0.001651340
 610     602    -0.000297221
 610     603     0.001190520
 610     604    -0.000558866
 610     610     2.010200000
 610     611     0.005076416
 610     612    -0.009382797
 610     613     0.000401238
 611    5620     0.001236722
 611    5621     0.000104554
 611     602    -0.000120241
 611     603    -0.000198953
 611     604    -0.000606485
 611     610     0.005076416
 611     611     2.047300001
 611     612    -0.018949336
 611     613    -0.000626572
 612    5620    -0.006001261
 612    5621     0.006390518
 612     602     0.002459768
 612     603    -0.000090278
 612     604    -0.000180068
 612     610    -0.009382797
 612     611    -0.018949336
 612     612     2.084800000
 612     613     0.000130071
 613    5620     0.001269220
 613    5621    -0.009864857
 613     602     0.001023207
 613     603    -0.004013392
 613     604    -0.001180969
 613     610     0.000401238
 613     611    -0.000626572
 613     612     0.000130071
 613     613     2.015500000
