5620    5620     2.247199998
5620    5621    -0.005087525
5620     602     0.000949783
5620     603    -0.006248415
5620     604     0.000100951
5620     610     0.003033494
5620     611    -0.000856857
5620     612     0.009149318
5620     613     0.005058166
5621    5620    -0.005087525
5621    5621     2.355300003
5621     602     0.004214316
5621     603    -0.011757328
5621     604     0.031309195
5621     610     0.001126278
5621     611     0.000201245
5621     612     0.007329180
5621     613    -0.007548391
 602    5620     0.000949783
 602    5621     0.004214316
 602     602     1.959600002
 602     603    -0.011798925
 602     604    -0.001965777
 602     610     0.001736452
 602     611     0.000475446
 602     612     0.002909075
 602     613    -0.001335535
 603    5620    -0.006248415
 603    5621    -0.011757328
 603     602    -0.011798925
 603     603     1.971100000
 603     604    -0.000488948
 603     610    -0.002291362
 603     611    -0.000538631
 603     612    -0.000038590
 603     613     0.004794351
 604    5620     0.000100951
 604    5621     0.031309195
 604     602    -0.001965777
 604     603    -0.000488948
 604     604     2.020200000
 604     610    -0.001031963
 604     611     0.000581071
 604     612    -0.000804228
 604     613     0.001299893
 610    5620     0.003033494
 610    5621     0.001126278
 610     602     0.001736452
 610     603    -0.002291362
 610     604    -0.001031963
 610     610     1.999900000
 610     611     0.006363510
 610     612    -0.006381250
 610     613     0.000517032
 611    5620    -0.000856857
 611    5621     0.000201245
 611     602     0.000475446
 611     603    -0.000538631
 611     604     0.000581071
 611     610     0.006363510
 611     611     2.026700001
 611     612     0.018462374
 611     613    -0.000861911
 612    5620     0.009149318
 612    5621     0.007329180
 612     602     0.002909075
 612     603    -0.000038590
 612     604    -0.000804228
 612     610    -0.006381250
 612     611     0.018462374
 612     612     2.030900000
 612     613     0.000044384
 613    5620     0.005058166
 613    5621    -0.007548391
 613     602    -0.001335535
 613     603     0.004794351
 613     604     0.001299893
 613     610     0.000517032
 613     611    -0.000861911
 613     612     0.000044384
 613     613     1.984800000
