5620    5620     2.280599998
5620    5621     0.006841062
5620     602    -0.001452002
5620     603     0.004921827
5620     604     0.002498019
5620     610     0.003780941
5620     611     0.002511408
5620     612     0.014545006
5620     613    -0.006763214
5621    5620     0.006841062
5621    5621     2.466100003
5621     602    -0.005981580
5621     603    -0.015281297
5621     604     0.032003418
5621     610    -0.003406038
5621     611     0.000048165
5621     612    -0.006816521
5621     613    -0.007023186
 602    5620    -0.001452002
 602    5621    -0.005981580
 602     602     1.993900002
 602     603     0.004860302
 602     604    -0.001697554
 602     610    -0.002322027
 602     611     0.000471887
 602     612    -0.002311269
 602     613     0.000284575
 603    5620     0.004921827
 603    5621    -0.015281297
 603     602     0.004860302
 603     603     1.993400000
 603     604     0.000165179
 603     610     0.002036955
 603     611     0.000597064
 603     612     0.000046357
 603     613    -0.003108714
 604    5620     0.002498019
 604    5621     0.032003418
 604     602    -0.001697554
 604     603     0.000165179
 604     604     2.023500000
 604     610    -0.002369304
 604     611     0.000731807
 604     612     0.000615234
 604     613     0.001134078
 610    5620     0.003780941
 610    5621    -0.003406038
 610     602    -0.002322027
 610     603     0.002036955
 610     604    -0.002369304
 610     610     2.010700000
 610     611    -0.007067852
 610     612    -0.005199887
 610     613     0.000426450
 611    5620     0.002511408
 611    5621     0.000048165
 611     602     0.000471887
 611     603     0.000597064
 611     604     0.000731807
 611     610    -0.007067852
 611     611     1.955700001
 611     612    -0.018642024
 611     613     0.000970332
 612    5620     0.014545006
 612    5621    -0.006816521
 612     602    -0.002311269
 612     603     0.000046357
 612     604     0.000615234
 612     610    -0.005199887
 612     611    -0.018642024
 612     612     2.061600000
 612     613    -0.000037190
 613    5620    -0.006763214
 613    5621    -0.007023186
 613     602     0.000284575
 613     603    -0.003108714
 613     604     0.001134078
 613     610     0.000426450
 613     611     0.000970332
 613     612    -0.000037190
 613     613     1.996000000
