5620    5620     2.238299998
5620    5621     0.003521417
5620     602     0.001088976
5620     603     0.005992165
5620     604    -0.000278370
5620     610     0.001856743
5620     611    -0.000356290
5620     612     0.007140246
5620     613     0.007838058
5621    5620     0.003521417
5621    5621     2.351400003
5621     602    -0.001623495
5621     603    -0.023944802
5621     604    -0.027883032
5621     610     0.001950961
5621     611     0.000033472
5621     612    -0.007473714
5621     613     0.005052214
 602    5620     0.001088976
 602    5621    -0.001623495
 602     602     1.931800002
 602     603    -0.010604757
 602     604    -0.001623244
 602     610    -0.002289224
 602     611    -0.000702577
 602     612    -0.002981460
 602     613     0.000421609
 603    5620     0.005992165
 603    5621    -0.023944802
 603     602    -0.010604757
 603     603     1.901800000
 603     604    -0.001338822
 603     610    -0.002173978
 603     611    -0.000481206
 603     612     0.000180129
 603     613     0.002950308
 604    5620    -0.000278370
 604    5621    -0.027883032
 604     602    -0.001623244
 604     603    -0.001338822
 604     604     2.042400000
 604     610     0.001808893
 604     611     0.000471516
 604     612    -0.000745392
 604     613     0.000810979
 610    5620     0.001856743
 610    5621     0.001950961
 610     602    -0.002289224
 610     603    -0.002173978
 610     604     0.001808893
 610     610     2.038200000
 610     611    -0.005858875
 610     612     0.006723519
 610     613    -0.000446887
 611    5620    -0.000356290
 611    5621     0.000033472
 611     602    -0.000702577
 611     603    -0.000481206
 611     604     0.000471516
 611     610    -0.005858875
 611     611     1.961600001
 611     612    -0.020941687
 611     613     0.000846159
 612    5620     0.007140246
 612    5621    -0.007473714
 612     602    -0.002981460
 612     603     0.000180129
 612     604    -0.000745392
 612     610     0.006723519
 612     611    -0.020941687
 612     612     2.011200000
 612     613     0.000186639
 613    5620     0.007838058
 613    5621     0.005052214
 613     602     0.000421609
 613     603     0.002950308
 613     604     0.000810979
 613     610    -0.000446887
 613     611     0.000846159
 613     612     0.000186639
 613     613     2.013700000
