5620    5620     2.329199998
5620    5621    -0.004761883
5620     602    -0.000091497
5620     603    -0.006797977
5620     604     0.000878764
5620     610    -0.001789015
5620     611    -0.002116592
5620     612     0.000837955
5620     613     0.007756649
5621    5620    -0.004761883
5621    5621     2.446800003
5621     602    -0.002590100
5621     603     0.015088556
5621     604    -0.033231623
5621     610     0.001812954
5621     611     0.000561741
5621     612     0.005986235
5621     613     0.007929812
 602    5620    -0.000091497
 602    5621    -0.002590100
 602     602     1.981200002
 602     603    -0.008707408
 602     604    -0.001845862
 602     610     0.001549485
 602     611    -0.000086102
 602     612     0.002339287
 602     613     0.001387460
 603    5620    -0.006797977
 603    5621     0.015088556
 603     602    -0.008707408
 603     603     1.869000000
 603     604    -0.000104469
 603     610     0.002358236
 603     611     0.000346193
 603     612     0.000248636
 603     613    -0.004986846
 604    5620     0.000878764
 604    5621    -0.033231623
 604     602    -0.001845862
 604     603    -0.000104469
 604     604     1.943000000
 604     610     0.001271963
 604     611    -0.000601980
 604     612     0.000234424
 604     613    -0.001459106
 610    5620    -0.001789015
 610    5621     0.001812954
 610     602     0.001549485
 610     603     0.002358236
 610     604     0.001271963
 610     610     2.006000000
 610     611    -0.006707861
 610     612    -0.005463184
 610     613    -0.000590733
 611    5620    -0.002116592
 611    5621     0.000561741
 611     602    -0.000086102
 611     603     0.000346193
 611     604    -0.000601980
 611     610    -0.006707861
 611     611     2.038000001
 611     612     0.017659750
 611     613    -0.000741876
 612    5620     0.000837955
 612    5621     0.005986235
 612     602     0.002339287
 612     603     0.000248636
 612     604     0.000234424
 612     610    -0.005463184
 612     611     0.017659750
 612     612     2.061700000
 612     613    -0.000333205
 613    5620     0.007756649
 613    5621     0.007929812
 613     602     0.001387460
 613     603    -0.004986846
 613     604    -0.001459106
 613     610    -0.000590733
 613     611    -0.000741876
 613     612    -0.000333205
 613     613     1.881700000
