5620    5620     2.385699998
5620    5621     0.007170741
5620     602    -0.000880127
5620     603    -0.006078546
5620     604    -0.000161222
5620     610    -0.010135066
5620     611    -0.001958686
5620     612     0.000869736
5620     613    -0.000282055
5621    5620     0.007170741
5621    5621     2.388400003
5621     602    -0.002194669
5621     603     0.032323213
5621     604    -0.030898676
5621     610     0.000893192
5621     611    -0.000253756
5621     612    -0.005735823
5621     613     0.009327123
 602    5620    -0.000880127
 602    5621    -0.002194669
 602     602     1.913800002
 602     603    -0.013394690
 602     604     0.001775781
 602     610    -0.001729927
 602     611     0.000439393
 602     612    -0.002741401
 602     613     0.001086851
 603    5620    -0.006078546
 603    5621     0.032323213
 603     602    -0.013394690
 603     603     1.853300000
 603     604    -0.001798056
 603     610     0.002226354
 603     611     0.000435043
 603     612     0.000149505
 603     613     0.004614139
 604    5620    -0.000161222
 604    5621    -0.030898676
 604     602     0.001775781
 604     603    -0.001798056
 604     604     2.078400000
 604     610     0.001256018
 604     611     0.000385576
 604     612    -0.000777418
 604     613    -0.001083037
 610    5620    -0.010135066
 610    5621     0.000893192
 610     602    -0.001729927
 610     603     0.002226354
 610     604     0.001256018
 610     610     2.015100000
 610     611     0.005899817
 610     612     0.002996072
 610     613    -0.000227329
 611    5620    -0.001958686
 611    5621    -0.000253756
 611     602     0.000439393
 611     603     0.000435043
 611     604     0.000385576
 611     610     0.005899817
 611     611     2.011600001
 611     612     0.014911791
 611     613    -0.000691046
 612    5620     0.000869736
 612    5621    -0.005735823
 612     602    -0.002741401
 612     603     0.000149505
 612     604    -0.000777418
 612     610     0.002996072
 612     611     0.014911791
 612     612     2.071700000
 612     613     0.000048139
 613    5620    -0.000282055
 613    5621     0.009327123
 613     602     0.001086851
 613     603     0.004614139
 613     604    -0.001083037
 613     610    -0.000227329
 613     611    -0.000691046
 613     612     0.000048139
 613     613     2.001800000
