5620    5620     2.402099998
5620    5621     0.005031082
5620     602     0.001510148
5620     603    -0.005270568
5620     604     0.000859608
5620     610     0.001586724
5620     611    -0.003106553
5620     612    -0.010444158
5620     613     0.001501737
5621    5620     0.005031082
5621    5621     2.328600003
5621     602     0.001870801
5621     603    -0.030455928
5621     604     0.033543775
5621     610    -0.004167110
5621     611    -0.000139999
5621     612     0.006430353
5621     613     0.009378174
 602    5620     0.001510148
 602    5621     0.001870801
 602     602     1.908100002
 602     603     0.011075271
 602     604     0.001698286
 602     610    -0.002730384
 602     611    -0.000774377
 602     612     0.002793216
 602     613    -0.000844251
 603    5620    -0.005270568
 603    5621    -0.030455928
 603     602     0.011075271
 603     603     1.907700000
 603     604    -0.000984923
 603     610    -0.002329123
 603     611     0.000278080
 603     612    -0.000205065
 603     613    -0.004221052
 604    5620     0.000859608
 604    5621     0.033543775
 604     602     0.001698286
 604     603    -0.000984923
 604     604     1.975800000
 604     610     0.002322384
 604     611    -0.000515805
 604     612     0.000522677
 604     613     0.001304499
 610    5620     0.001586724
 610    5621    -0.004167110
 610     602    -0.002730384
 610     603    -0.002329123
 610     604     0.002322384
 610     610     2.004400000
 610     611     0.005798908
 610     612    -0.006656088
 610     613     0.000157159
 611    5620    -0.003106553
 611    5621    -0.000139999
 611     602    -0.000774377
 611     603     0.000278080
 611     604    -0.000515805
 611     610     0.005798908
 611     611     2.074100001
 611     612     0.017480097
 611     613    -0.000663169
 612    5620    -0.010444158
 612    5621     0.006430353
 612     602     0.002793216
 612     603    -0.000205065
 612     604     0.000522677
 612     610    -0.006656088
 612     611     0.017480097
 612     612     2.056600000
 612     613    -0.000043601
 613    5620     0.001501737
 613    5621     0.009378174
 613     602    -0.000844251
 613     603    -0.004221052
 613     604     0.001304499
 613     610     0.000157159
 613     611    -0.000663169
 613     612    -0.000043601
 613     613     2.104400000
