5620    5620     2.345299998
5620    5621     0.006978538
5620     602     0.001181847
5620     603     0.006106512
5620     604    -0.002381228
5620     610     0.001963990
5620     611    -0.002178137
5620     612    -0.012432285
5620     613     0.004606335
5621    5620     0.006978538
5621    5621     2.242400003
5621     602    -0.001415314
5621     603    -0.021490455
5621     604    -0.033051963
5621     610     0.004043566
5621     611     0.000335184
5621     612    -0.007706335
5621     613    -0.008461478
 602    5620     0.001181847
 602    5621    -0.001415314
 602     602     1.918600002
 602     603    -0.006019092
 602     604     0.002072930
 602     610    -0.002448444
 602     611     0.000381486
 602     612    -0.002901106
 602     613    -0.001082607
 603    5620     0.006106512
 603    5621    -0.021490455
 603     602    -0.006019092
 603     603     1.900900000
 603     604    -0.000678893
 603     610     0.002224191
 603     611    -0.000444053
 603     612    -0.000028462
 603     613    -0.004681401
 604    5620    -0.002381228
 604    5621    -0.033051963
 604     602     0.002072930
 604     603    -0.000678893
 604     604     1.954400000
 604     610    -0.002669448
 604     611    -0.000544142
 604     612    -0.000526441
 604     613     0.001275157
 610    5620     0.001963990
 610    5621     0.004043566
 610     602    -0.002448444
 610     603     0.002224191
 610     604    -0.002669448
 610     610     2.000000000
 610     611    -0.006619149
 610     612     0.007257136
 610     613     0.000315684
 611    5620    -0.002178137
 611    5621     0.000335184
 611     602     0.000381486
 611     603    -0.000444053
 611     604    -0.000544142
 611     610    -0.006619149
 611     611     2.021000001
 611     612     0.017771379
 611     613    -0.000801667
 612    5620    -0.012432285
 612    5621    -0.007706335
 612     602    -0.002901106
 612     603    -0.000028462
 612     604    -0.000526441
 612     610     0.007257136
 612     611     0.017771379
 612     612     2.031000000
 612     613     0.000015144
 613    5620     0.004606335
 613    5621    -0.008461478
 613     602    -0.001082607
 613     603    -0.004681401
 613     604     0.001275157
 613     610     0.000315684
 613     611    -0.000801667
 613     612     0.000015144
 613     613     2.060300000
