5620    5620     2.209999998
5620    5621     0.007517023
5620     602     0.000638077
5620     603    -0.005707858
5620     604     0.002954674
5620     610    -0.004694948
5620     611     0.001323956
5620     612    -0.014441352
5620     613    -0.006057857
5621    5620     0.007517023
5621    5621     2.364800003
5621     602    -0.001661817
5621     603     0.026702135
5621     604    -0.031884045
5621     610    -0.001244318
5621     611     0.000414376
5621     612    -0.007367722
5621     613    -0.006955610
 602    5620     0.000638077
 602    5621    -0.001661817
 602     602     1.981700002
 602     603    -0.010828502
 602     604    -0.001767623
 602     610    -0.001286279
 602     611    -0.000162909
 602     612     0.002649524
 602     613     0.000949568
 603    5620    -0.005707858
 603    5621     0.026702135
 603     602    -0.010828502
 603     603     1.886600000
 603     604    -0.001273415
 603     610    -0.001761847
 603     611     0.000364851
 603     612    -0.000281262
 603     613     0.003493109
 604    5620     0.002954674
 604    5621    -0.031884045
 604     602    -0.001767623
 604     603    -0.001273415
 604     604     2.011600000
 604     610    -0.000781646
 604     611    -0.000693125
 604     612     0.000393052
 604     613     0.001124493
 610    5620    -0.004694948
 610    5621    -0.001244318
 610     602    -0.001286279
 610     603    -0.001761847
 610     604    -0.000781646
 610     610     2.063000000
 610     611     0.005415162
 610     612    -0.008496546
 610     613    -0.000455181
 611    5620     0.001323956
 611    5621     0.000414376
 611     602    -0.000162909
 611     603     0.000364851
 611     604    -0.000693125
 611     610     0.005415162
 611     611     2.017500001
 611     612     0.015952181
 611     613     0.000738941
 612    5620    -0.014441352
 612    5621    -0.007367722
 612     602     0.002649524
 612     603    -0.000281262
 612     604     0.000393052
 612     610    -0.008496546
 612     611     0.015952181
 612     612     2.043500000
 612     613    -0.000021345
 613    5620    -0.006057857
 613    5621    -0.006955610
 613     602     0.000949568
 613     603     0.003493109
 613     604     0.001124493
 613     610    -0.000455181
 613     611     0.000738941
 613     612    -0.000021345
 613     613     2.064100000
