5620    5620     2.299499998
5620    5621    -0.004516081
5620     602    -0.001991582
5620     603    -0.006340366
5620     604     0.001773337
5620     610     0.012517111
5620     611     0.003029960
5620     612    -0.003722404
5620     613    -0.007109111
5621    5620    -0.004516081
5621    5621     2.456700003
5621     602     0.007999516
5621     603     0.023827272
5621     604     0.027102502
5621     610     0.000597920
5621     611    -0.000925862
5621     612    -0.007376841
5621     613     0.005131022
 602    5620    -0.001991582
 602    5621     0.007999516
 602     602     1.945800002
 602     603     0.009106277
 602     604     0.001480993
 602     610     0.001475663
 602     611     0.000213756
 602     612    -0.002565850
 602     613    -0.000000618
 603    5620    -0.006340366
 603    5621     0.023827272
 603     602     0.009106277
 603     603     1.906600000
 603     604    -0.001322482
 603     610    -0.002179347
 603     611    -0.000167132
 603     612     0.000049978
 603     613    -0.003182672
 604    5620     0.001773337
 604    5621     0.027102502
 604     602     0.001480993
 604     603    -0.001322482
 604     604     2.058100000
 604     610    -0.000018742
 604     611     0.000648526
 604     612    -0.000540124
 604     613    -0.000915365
 610    5620     0.012517111
 610    5621     0.000597920
 610     602     0.001475663
 610     603    -0.002179347
 610     604    -0.000018742
 610     610     1.986400000
 610     611     0.006759093
 610     612     0.008183309
 610     613    -0.000655436
 611    5620     0.003029960
 611    5621    -0.000925862
 611     602     0.000213756
 611     603    -0.000167132
 611     604     0.000648526
 611     610     0.006759093
 611     611     2.041600001
 611     612     0.020004696
 611     613     0.000546724
 612    5620    -0.003722404
 612    5621    -0.007376841
 612     602    -0.002565850
 612     603     0.000049978
 612     604    -0.000540124
 612     610     0.008183309
 612     611     0.020004696
 612     612     2.022700000
 612     613     0.000364026
 613    5620    -0.007109111
 613    5621     0.005131022
 613     602    -0.000000618
 613     603    -0.003182672
 613     604    -0.000915365
 613     610    -0.000655436
 613     611     0.000546724
 613     612     0.000364026
 613     613     2.018000000
