5620    5620     2.350999998
5620    5621    -0.004945643
5620     602     0.000236859
5620     603     0.005660376
5620     604     0.001853967
5620     610     0.001500814
5620     611    -0.001244360
5620     612     0.015050433
5620     613     0.006790202
5621    5620    -0.004945643
5621    5621     2.322700003
5621     602     0.000196174
5621     603     0.025504848
5621     604     0.034128889
5621     610     0.002171266
5621     611     0.000619656
5621     612     0.006872737
5621     613    -0.007889111
 602    5620     0.000236859
 602    5621     0.000196174
 602     602     1.975400002
 602     603    -0.010629837
 602     604    -0.001880871
 602     610    -0.001540778
 602     611     0.000590653
 602     612     0.002459859
 602     613    -0.001216064
 603    5620     0.005660376
 603    5621     0.025504848
 603     602    -0.010629837
 603     603     1.856600000
 603     604     0.001006009
 603     610    -0.002019096
 603     611    -0.000364808
 603     612     0.000400201
 603     613     0.004376940
 604    5620     0.001853967
 604    5621     0.034128889
 604     602    -0.001880871
 604     603     0.001006009
 604     604     1.970700000
 604     610     0.001147235
 604     611     0.000851170
 604     612    -0.000356549
 604     613     0.001400299
 610    5620     0.001500814
 610    5621     0.002171266
 610     602    -0.001540778
 610     603    -0.002019096
 610     604     0.001147235
 610     610     2.072700000
 610     611    -0.006772712
 610     612     0.006778825
 610     613     0.000485992
 611    5620    -0.001244360
 611    5621     0.000619656
 611     602     0.000590653
 611     603    -0.000364808
 611     604     0.000851170
 611     610    -0.006772712
 611     611     1.927500001
 611     612    -0.017691930
 611     613     0.000883662
 612    5620     0.015050433
 612    5621     0.006872737
 612     602     0.002459859
 612     603     0.000400201
 612     604    -0.000356549
 612     610     0.006778825
 612     611    -0.017691930
 612     612     2.031800000
 612     613    -0.000127825
 613    5620     0.006790202
 613    5621    -0.007889111
 613     602    -0.001216064
 613     603     0.004376940
 613     604     0.001400299
 613     610     0.000485992
 613     611     0.000883662
 613     612    -0.000127825
 613     613     1.995800000
