5620    5620     2.215199998
5620    5621     0.005170293
5620     602     0.000884295
5620     603     0.006008653
5620     604    -0.002117371
5620     610    -0.009166844
5620     611     0.003545927
5620     612     0.006064569
5620     613    -0.009211957
5621    5620     0.005170293
5621    5621     2.119200003
5621     602     0.001848760
5621     603     0.023566059
5621     604     0.037215034
5621     610    -0.001920729
5621     611    -0.000401515
5621     612    -0.006798774
5621     613    -0.008589964
 602    5620     0.000884295
 602    5621     0.001848760
 602     602     1.945300002
 602     603     0.008137029
 602     604     0.001654171
 602     610    -0.001541432
 602     611    -0.000405543
 602     612     0.002451479
 602     613    -0.000651333
 603    5620     0.006008653
 603    5621     0.023566059
 603     602     0.008137029
 603     603     1.920200000
 603     604     0.000637513
 603     610     0.002089839
 603     611    -0.000265717
 603     612     0.000259171
 603     613    -0.003795003
 604    5620    -0.002117371
 604    5621     0.037215034
 604     602     0.001654171
 604     603     0.000637513
 604     604     2.046900000
 604     610    -0.001227342
 604     611     0.000257914
 604     612     0.001032595
 604     613     0.000847937
 610    5620    -0.009166844
 610    5621    -0.001920729
 610     602    -0.001541432
 610     603     0.002089839
 610     604    -0.001227342
 610     610     2.000600000
 610     611    -0.006838706
 610     612    -0.002952774
 610     613     0.000731641
 611    5620     0.003545927
 611    5621    -0.000401515
 611     602    -0.000405543
 611     603    -0.000265717
 611     604     0.000257914
 611     610    -0.006838706
 611     611     2.102200001
 611     612     0.019021786
 611     613    -0.000653835
 612    5620     0.006064569
 612    5621    -0.006798774
 612     602     0.002451479
 612     603     0.000259171
 612     604     0.001032595
 612     610    -0.002952774
 612     611     0.019021786
 612     612     2.073800000
 612     613     0.000506336
 613    5620    -0.009211957
 613    5621    -0.008589964
 613     602    -0.000651333
 613     603    -0.003795003
 613     604     0.000847937
 613     610     0.000731641
 613     611    -0.000653835
 613     612     0.000506336
 613     613     2.052100000
