5620    5620     2.277499998
5620    5621     0.003896504
5620     602    -0.001574802
5620     603     0.005916188
5620     604    -0.000763922
5620     610     0.002349927
5620     611     0.004848326
5620     612    -0.008004480
5620     613    -0.006595061
5621    5620     0.003896504
5621    5621     2.342200003
5621     602    -0.000017726
5621     603    -0.022130049
5621     604     0.032024109
5621     610    -0.001598246
5621     611    -0.000712301
5621     612    -0.005783870
5621     613    -0.007253398
 602    5620    -0.001574802
 602    5621    -0.000017726
 602     602     1.932000002
 602     603     0.010256566
 602     604    -0.001696207
 602     610     0.002090636
 602     611     0.000301362
 602     612     0.002542107
 602     613     0.000195720
 603    5620     0.005916188
 603    5621    -0.022130049
 603     602     0.010256566
 603     603     1.845700000
 603     604     0.000851374
 603     610     0.002080539
 603     611    -0.000119799
 603     612     0.000082160
 603     613     0.003905367
 604    5620    -0.000763922
 604    5621     0.032024109
 604     602    -0.001696207
 604     603     0.000851374
 604     604     2.053600000
 604     610    -0.001135844
 604     611     0.000545066
 604     612     0.000382771
 604     613    -0.001107615
 610    5620     0.002349927
 610    5621    -0.001598246
 610     602     0.002090636
 610     603     0.002080539
 610     604    -0.001135844
 610     610     2.030800000
 610     611     0.006541323
 610     612     0.004511646
 610     613    -0.000530508
 611    5620     0.004848326
 611    5621    -0.000712301
 611     602     0.000301362
 611     603    -0.000119799
 611     604     0.000545066
 611     610     0.006541323
 611     611     2.026400001
 611     612     0.019212257
 611     613    -0.000441695
 612    5620    -0.008004480
 612    5621    -0.005783870
 612     602     0.002542107
 612     603     0.000082160
 612     604     0.000382771
 612     610     0.004511646
 612     611     0.019212257
 612     612     2.066500000
 612     613    -0.000258513
 613    5620    -0.006595061
 613    5621    -0.007253398
 613     602     0.000195720
 613     603     0.003905367
 613     604    -0.001107615
 613     610    -0.000530508
 613     611    -0.000441695
 613     612    -0.000258513
 613     613     2.051900000
