5620    5620     2.287599998
5620    5621     0.006635119
5620     602    -0.000822172
5620     603     0.006006713
5620     604    -0.001805360
5620     610     0.005611713
5620     611     0.000282198
5620     612    -0.002619238
5620     613    -0.009595147
5621    5620     0.006635119
5621    5621     2.399500003
5621     602     0.004755795
5621     603     0.012452070
5621     604     0.027511093
5621     610     0.000188287
5621     611    -0.000203543
5621     612    -0.007779753
5621     613     0.006278550
 602    5620    -0.000822172
 602    5621     0.004755795
 602     602     1.990400002
 602     603     0.006534090
 602     604    -0.001440472
 602     610    -0.001228872
 602     611     0.000120839
 602     612    -0.002540218
 602     613     0.000766803
 603    5620     0.006006713
 603    5621     0.012452070
 603     602     0.006534090
 603     603     1.947300000
 603     604    -0.000121104
 603     610     0.002065573
 603     611     0.000502343
 603     612     0.000510715
 603     613    -0.003886541
 604    5620    -0.001805360
 604    5621     0.027511093
 604     602    -0.001440472
 604     603    -0.000121104
 604     604     2.075900000
 604     610     0.001036858
 604     611     0.000274830
 604     612    -0.001303452
 604     613     0.000736373
 610    5620     0.005611713
 610    5621     0.000188287
 610     602    -0.001228872
 610     603     0.002065573
 610     604     0.001036858
 610     610     2.031700000
 610     611     0.005688423
 610     612    -0.002457351
 610     613     0.000770727
 611    5620     0.000282198
 611    5621    -0.000203543
 611     602     0.000120839
 611     603     0.000502343
 611     604     0.000274830
 611     610     0.005688423
 611     611     2.079100001
 611     612     0.018853763
 611     613    -0.000968310
 612    5620    -0.002619238
 612    5621    -0.007779753
 612     602    -0.002540218
 612     603     0.000510715
 612     604    -0.001303452
 612     610    -0.002457351
 612     611     0.018853763
 612     612     2.030300000
 612     613     0.000634593
 613    5620    -0.009595147
 613    5621     0.006278550
 613     602     0.000766803
 613     603    -0.003886541
 613     604     0.000736373
 613     610     0.000770727
 613     611    -0.000968310
 613     612     0.000634593
 613     613     1.931300000
