5620    5620     2.350899998
5620    5621     0.007240578
5620     602    -0.001398246
5620     603     0.006132668
5620     604    -0.000075276
5620     610     0.003133613
5620     611    -0.001000747
5620     612    -0.008311294
5620     613    -0.007283249
5621    5620     0.007240578
5621    5621     2.605700003
5621     602    -0.002940385
5621     603    -0.021992925
5621     604    -0.024033329
5621     610    -0.002152661
5621     611     0.000089260
5621     612    -0.006636446
5621     613    -0.007440886
 602    5620    -0.001398246
 602    5621    -0.002940385
 602     602     1.939800002
 602     603     0.012146876
 602     604     0.001409068
 602     610    -0.002186450
 602     611    -0.000477247
 602     612     0.002574208
 602     613    -0.000565071
 603    5620     0.006132668
 603    5621    -0.021992925
 603     602     0.012146876
 603     603     1.807800000
 603     604     0.001054694
 603     610     0.002601594
 603     611    -0.000480421
 603     612    -0.000232789
 603     613     0.003698792
 604    5620    -0.000075276
 604    5621    -0.024033329
 604     602     0.001409068
 604     603     0.001054694
 604     604     1.992900000
 604     610     0.001855211
 604     611    -0.000311169
 604     612    -0.001071803
 604     613    -0.000689043
 610    5620     0.003133613
 610    5621    -0.002152661
 610     602    -0.002186450
 610     603     0.002601594
 610     604     0.001855211
 610     610     2.004600000
 610     611     0.006826877
 610     612     0.007795880
 610     613    -0.000617351
 611    5620    -0.001000747
 611    5621     0.000089260
 611     602    -0.000477247
 611     603    -0.000480421
 611     604    -0.000311169
 611     610     0.006826877
 611     611     2.003000001
 611     612    -0.012659666
 611     613    -0.000771568
 612    5620    -0.008311294
 612    5621    -0.006636446
 612     602     0.002574208
 612     603    -0.000232789
 612     604    -0.001071803
 612     610     0.007795880
 612     611    -0.012659666
 612     612     2.031300000
 612     613     0.000044761
 613    5620    -0.007283249
 613    5621    -0.007440886
 613     602    -0.000565071
 613     603     0.003698792
 613     604    -0.000689043
 613     610    -0.000617351
 613     611    -0.000771568
 613     612     0.000044761
 613     613     2.020100000
