5620    5620     2.512099998
5620    5621    -0.004012069
5620     602    -0.000698463
5620     603     0.005513438
5620     604     0.000408884
5620     610     0.003547971
5620     611    -0.002643240
5620     612    -0.006956693
5620     613    -0.007190389
5621    5620    -0.004012069
5621    5621     2.316700003
5621     602     0.000450768
5621     603     0.023235326
5621     604     0.030393481
5621     610     0.001107619
5621     611    -0.000169858
5621     612     0.006138906
5621     613    -0.009103509
 602    5620    -0.000698463
 602    5621     0.000450768
 602     602     1.959500002
 602     603    -0.008931716
 602     604    -0.001573332
 602     610     0.001373612
 602     611     0.000252197
 602     612    -0.002246933
 602     613     0.000774023
 603    5620     0.005513438
 603    5621     0.023235326
 603     602    -0.008931716
 603     603     1.914100000
 603     604    -0.000589564
 603     610    -0.002170779
 603     611    -0.000284235
 603     612    -0.000002273
 603     613     0.004160780
 604    5620     0.000408884
 604    5621     0.030393481
 604     602    -0.001573332
 604     603    -0.000589564
 604     604     2.115100000
 604     610     0.000682118
 604     611    -0.000539425
 604     612    -0.000735345
 604     613    -0.001069643
 610    5620     0.003547971
 610    5621     0.001107619
 610     602     0.001373612
 610     603    -0.002170779
 610     604     0.000682118
 610     610     1.953000000
 610     611     0.007204794
 610     612     0.002752023
 610     613    -0.000719848
 611    5620    -0.002643240
 611    5621    -0.000169858
 611     602     0.000252197
 611     603    -0.000284235
 611     604    -0.000539425
 611     610     0.007204794
 611     611     1.932100001
 611     612    -0.019139741
 611     613     0.000797015
 612    5620    -0.006956693
 612    5621     0.006138906
 612     602    -0.002246933
 612     603    -0.000002273
 612     604    -0.000735345
 612     610     0.002752023
 612     611    -0.019139741
 612     612     2.072400000
 612     613     0.000164476
 613    5620    -0.007190389
 613    5621    -0.009103509
 613     602     0.000774023
 613     603     0.004160780
 613     604    -0.001069643
 613     610    -0.000719848
 613     611     0.000797015
 613     612     0.000164476
 613     613     1.971000000
