5620    5620     2.381199998
5620    5621    -0.008226378
5620     602    -0.000647740
5620     603    -0.005972653
5620     604     0.000769631
5620     610    -0.003746670
5620     611     0.000824279
5620     612     0.009159093
5620     613    -0.004853935
5621    5620    -0.008226378
5621    5621     2.443600003
5621     602     0.000408563
5621     603    -0.016123530
5621     604     0.026436774
5621     610     0.002008863
5621     611     0.000105254
5621     612    -0.006311656
5621     613     0.008536519
 602    5620    -0.000647740
 602    5621     0.000408563
 602     602     1.951300002
 602     603    -0.003046657
 602     604     0.001626791
 602     610    -0.001627361
 602     611    -0.000042446
 602     612     0.002631269
 602     613    -0.000962312
 603    5620    -0.005972653
 603    5621    -0.016123530
 603     602    -0.003046657
 603     603     1.935100000
 603     604    -0.000162196
 603     610    -0.001990234
 603     611     0.000547681
 603     612    -0.000346588
 603     613     0.004165771
 604    5620     0.000769631
 604    5621     0.026436774
 604     602     0.001626791
 604     603    -0.000162196
 604     604     2.064300000
 604     610    -0.001847111
 604     611    -0.000233049
 604     612     0.000893290
 604     613    -0.000847346
 610    5620    -0.003746670
 610    5621     0.002008863
 610     602    -0.001627361
 610     603    -0.001990234
 610     604    -0.001847111
 610     610     1.988600000
 610     611     0.006864978
 610     612     0.011148196
 610     613    -0.000481502
 611    5620     0.000824279
 611    5621     0.000105254
 611     602    -0.000042446
 611     603     0.000547681
 611     604    -0.000233049
 611     610     0.006864978
 611     611     2.026400001
 611     612    -0.017377090
 611     613     0.000848487
 612    5620     0.009159093
 612    5621    -0.006311656
 612     602     0.002631269
 612     603    -0.000346588
 612     604     0.000893290
 612     610     0.011148196
 612     611    -0.017377090
 612     612     2.074000000
 612     613    -0.000081918
 613    5620    -0.004853935
 613    5621     0.008536519
 613     602    -0.000962312
 613     603     0.004165771
 613     604    -0.000847346
 613     610    -0.000481502
 613     611     0.000848487
 613     612    -0.000081918
 613     613     2.024300000
