5620    5620     2.277499998
5620    5621     0.007224183
5620     602    -0.001711215
5620     603    -0.005595222
5620     604    -0.000969508
5620     610    -0.001385128
5620     611     0.002790564
5620     612     0.012177975
5620     613    -0.001872045
5621    5620     0.007224183
5621    5621     2.472800003
5621     602    -0.004880986
5621     603    -0.020175847
5621     604     0.028171186
5621     610    -0.002077748
5621     611    -0.000776219
5621     612     0.006931293
5621     613     0.008664490
 602    5620    -0.001711215
 602    5621    -0.004880986
 602     602     1.969700002
 602     603    -0.011646370
 602     604     0.001477181
 602     610    -0.002061157
 602     611    -0.000058167
 602     612    -0.002660153
 602     613     0.000569868
 603    5620    -0.005595222
 603    5621    -0.020175847
 603     602    -0.011646370
 603     603     1.926300000
 603     604    -0.001019791
 603     610    -0.002081773
 603     611    -0.000155708
 603     612     0.000218196
 603     613    -0.003554105
 604    5620    -0.000969508
 604    5621     0.028171186
 604     602     0.001477181
 604     603    -0.001019791
 604     604     2.146700000
 604     610     0.001171730
 604     611    -0.000441532
 604     612    -0.000035503
 604     613    -0.001009665
 610    5620    -0.001385128
 610    5621    -0.002077748
 610     602    -0.002061157
 610     603    -0.002081773
 610     604     0.001171730
 610     610     2.052100000
 610     611    -0.005686020
 610     612     0.007208849
 610     613    -0.000248427
 611    5620     0.002790564
 611    5621    -0.000776219
 611     602    -0.000058167
 611     603    -0.000155708
 611     604    -0.000441532
 611     610    -0.005686020
 611     611     2.084300001
 611     612     0.014956905
 611     613    -0.000415027
 612    5620     0.012177975
 612    5621     0.006931293
 612     602    -0.002660153
 612     603     0.000218196
 612     604    -0.000035503
 612     610     0.007208849
 612     611     0.014956905
 612     612     2.032600000
 612     613     0.000093914
 613    5620    -0.001872045
 613    5621     0.008664490
 613     602     0.000569868
 613     603    -0.003554105
 613     604    -0.001009665
 613     610    -0.000248427
 613     611    -0.000415027
 613     612     0.000093914
 613     613     2.051200000
