5620    5620     2.309899998
5620    5621     0.006708168
5620     602    -0.001638182
5620     603     0.005714837
5620     604    -0.000505766
5620     610    -0.004878446
5620     611     0.002792627
5620     612    -0.011828559
5620     613     0.004193680
5621    5620     0.006708168
5621    5621     2.452900003
5621     602     0.004097537
5621     603    -0.017229771
5621     604    -0.026260598
5621     610    -0.001894259
5621     611     0.000318432
5621     612     0.007728323
5621     613    -0.007614051
 602    5620    -0.001638182
 602    5621     0.004097537
 602     602     1.941800002
 602     603     0.007436870
 602     604     0.001312344
 602     610    -0.001996794
 602     611    -0.000393520
 602     612     0.002623575
 602     613    -0.000543846
 603    5620     0.005714837
 603    5621    -0.017229771
 603     602     0.007436870
 603     603     1.896500000
 603     604     0.000465248
 603     610     0.002225844
 603     611     0.000511977
 603     612    -0.000358016
 603     613     0.004717170
 604    5620    -0.000505766
 604    5621    -0.026260598
 604     602     0.001312344
 604     603     0.000465248
 604     604     2.037400000
 604     610    -0.001664226
 604     611    -0.000278659
 604     612    -0.001114052
 604     613    -0.000951895
 610    5620    -0.004878446
 610    5621    -0.001894259
 610     602    -0.001996794
 610     603     0.002225844
 610     604    -0.001664226
 610     610     2.038400000
 610     611    -0.005590009
 610     612     0.004171679
 610     613     0.000345955
 611    5620     0.002792627
 611    5621     0.000318432
 611     602    -0.000393520
 611     603     0.000511977
 611     604    -0.000278659
 611     610    -0.005590009
 611     611     2.052900001
 611     612    -0.018513655
 611     613    -0.000768186
 612    5620    -0.011828559
 612    5621     0.007728323
 612     602     0.002623575
 612     603    -0.000358016
 612     604    -0.001114052
 612     610     0.004171679
 612     611    -0.018513655
 612     612     1.999700000
 612     613     0.000163432
 613    5620     0.004193680
 613    5621    -0.007614051
 613     602    -0.000543846
 613     603     0.004717170
 613     604    -0.000951895
 613     610     0.000345955
 613     611    -0.000768186
 613     612     0.000163432
 613     613     1.979200000
