5620    5620     2.401799998
5620    5621     0.005074613
5620     602    -0.000120114
5620     603    -0.005207240
5620     604     0.000286421
5620     610     0.000054319
5620     611     0.001181967
5620     612    -0.005705521
5620     613     0.005011830
5621    5620     0.005074613
5621    5621     2.345600003
5621     602     0.003167998
5621     603     0.020455225
5621     604    -0.026461442
5621     610     0.002103118
5621     611    -0.000096337
5621     612     0.006648627
5621     613    -0.006868351
 602    5620    -0.000120114
 602    5621     0.003167998
 602     602     1.887900002
 602     603    -0.010572032
 602     604     0.001634297
 602     610    -0.001676420
 602     611     0.000605067
 602     612    -0.002520511
 602     613    -0.001376627
 603    5620    -0.005207240
 603    5621     0.020455225
 603     602    -0.010572032
 603     603     1.952100000
 603     604     0.000587112
 603     610    -0.001952623
 603     611     0.000556537
 603     612     0.000094948
 603     613     0.003756177
 604    5620     0.000286421
 604    5621    -0.026461442
 604     602     0.001634297
 604     603     0.000587112
 604     604     2.114800000
 604     610    -0.001135472
 604     611     0.000558713
 604     612     0.000036680
 604     613    -0.001034229
 610    5620     0.000054319
 610    5621     0.002103118
 610     602    -0.001676420
 610     603    -0.001952623
 610     604    -0.001135472
 610     610     2.002800000
 610     611    -0.006634267
 610     612    -0.005491148
 610     613     0.000345182
 611    5620     0.001181967
 611    5621    -0.000096337
 611     602     0.000605067
 611     603     0.000556537
 611     604     0.000558713
 611     610    -0.006634267
 611     611     1.972300001
 611     612    -0.017154607
 611     613     0.001066882
 612    5620    -0.005705521
 612    5621     0.006648627
 612     602    -0.002520511
 612     603     0.000094948
 612     604     0.000036680
 612     610    -0.005491148
 612     611    -0.017154607
 612     612     2.046100000
 612     613     0.000083690
 613    5620     0.005011830
 613    5621    -0.006868351
 613     602    -0.001376627
 613     603     0.003756177
 613     604    -0.001034229
 613     610     0.000345182
 613     611     0.001066882
 613     612     0.000083690
 613     613     1.996600000
