5620    5620     2.353799998
5620    5621     0.004880142
5620     602    -0.000928492
5620     603    -0.005906967
5620     604    -0.003475865
5620     610    -0.006348466
5620     611    -0.000482043
5620     612    -0.005172279
5620     613    -0.005102028
5621    5620     0.004880142
5621    5621     2.495000003
5621     602    -0.004752244
5621     603     0.016132132
5621     604     0.023717926
5621     610    -0.001829017
5621     611     0.001069127
5621     612     0.007156611
5621     613    -0.008193133
 602    5620    -0.000928492
 602    5621    -0.004752244
 602     602     2.027400002
 602     603     0.006779518
 602     604     0.001319720
 602     610    -0.001855253
 602     611    -0.000120534
 602     612     0.002391989
 602     613    -0.000757083
 603    5620    -0.005906967
 603    5621     0.016132132
 603     602     0.006779518
 603     603     1.897800000
 603     604     0.000687197
 603     610    -0.002357068
 603     611    -0.000357025
 603     612     0.000092374
 603     613    -0.003887286
 604    5620    -0.003475865
 604    5621     0.023717926
 604     602     0.001319720
 604     603     0.000687197
 604     604     2.108800000
 604     610    -0.001174694
 604     611    -0.000678152
 604     612    -0.000705585
 604     613    -0.001202578
 610    5620    -0.006348466
 610    5621    -0.001829017
 610     602    -0.001855253
 610     603    -0.002357068
 610     604    -0.001174694
 610     610     2.043800000
 610     611     0.006863760
 610     612     0.008483591
 610     613     0.000475553
 611    5620    -0.000482043
 611    5621     0.001069127
 611     602    -0.000120534
 611     603    -0.000357025
 611     604    -0.000678152
 611     610     0.006863760
 611     611     2.040300001
 611     612    -0.018711274
 611     613     0.000729566
 612    5620    -0.005172279
 612    5621     0.007156611
 612     602     0.002391989
 612     603     0.000092374
 612     604    -0.000705585
 612     610     0.008483591
 612     611    -0.018711274
 612     612     2.045500000
 612     613     0.000124711
 613    5620    -0.005102028
 613    5621    -0.008193133
 613     602    -0.000757083
 613     603    -0.003887286
 613     604    -0.001202578
 613     610     0.000475553
 613     611     0.000729566
 613     612     0.000124711
 613     613     1.956300000
