5620    5620     2.285899998
5620    5621     0.005904639
5620     602     0.001412465
5620     603     0.006633186
5620     604    -0.000348238
5620     610    -0.006372769
5620     611     0.000460029
5620     612    -0.002245336
5620     613     0.007818814
5621    5620     0.005904639
5621    5621     2.161200003
5621     602     0.002842474
5621     603     0.017384199
5621     604     0.035202018
5621     610     0.000300639
5621     611    -0.000264272
5621     612     0.007160317
5621     613    -0.007496553
 602    5620     0.001412465
 602    5621     0.002842474
 602     602     2.043200002
 602     603    -0.004519212
 602     604     0.001531054
 602     610    -0.001393102
 602     611     0.000496861
 602     612    -0.002187865
 602     613    -0.000487492
 603    5620     0.006633186
 603    5621     0.017384199
 603     602    -0.004519212
 603     603     1.879800000
 603     604    -0.000290066
 603     610    -0.002140201
 603     611    -0.000453964
 603     612     0.000494528
 603     613    -0.004217707
 604    5620    -0.000348238
 604    5621     0.035202018
 604     602     0.001531054
 604     603    -0.000290066
 604     604     1.995200000
 604     610    -0.000679068
 604     611     0.000465281
 604     612     0.000943442
 604     613     0.001064678
 610    5620    -0.006372769
 610    5621     0.000300639
 610     602    -0.001393102
 610     603    -0.002140201
 610     604    -0.000679068
 610     610     2.001800000
 610     611    -0.006636193
 610     612     0.003174448
 610     613    -0.000652066
 611    5620     0.000460029
 611    5621    -0.000264272
 611     602     0.000496861
 611     603    -0.000453964
 611     604     0.000465281
 611     610    -0.006636193
 611     611     1.915800001
 611     612     0.019330610
 611     613    -0.000894935
 612    5620    -0.002245336
 612    5621     0.007160317
 612     602    -0.002187865
 612     603     0.000494528
 612     604     0.000943442
 612     610     0.003174448
 612     611     0.019330610
 612     612     2.100300000
 612     613    -0.000517473
 613    5620     0.007818814
 613    5621    -0.007496553
 613     602    -0.000487492
 613     603    -0.004217707
 613     604     0.001064678
 613     610    -0.000652066
 613     611    -0.000894935
 613     612    -0.000517473
 613     613     2.016700000
