5620    5620     2.348399998
5620    5621    -0.006516175
5620     602     0.001527874
5620     603     0.006143666
5620     604    -0.002045968
5620     610     0.000515556
5620     611     0.001975804
5620     612    -0.007765532
5620     613    -0.003438197
5621    5620    -0.006516175
5621    5621     2.297700003
5621     602    -0.003017165
5621     603    -0.021015977
5621     604     0.032768099
5621     610     0.002820155
5621     611     0.000077540
5621     612     0.008179279
5621     613    -0.009713588
 602    5620     0.001527874
 602    5621    -0.003017165
 602     602     1.981700002
 602     603     0.005082937
 602     604    -0.001594114
 602     610    -0.002228547
 602     611    -0.000469408
 602     612    -0.002867084
 602     613    -0.000861287
 603    5620     0.006143666
 603    5621    -0.021015977
 603     602     0.005082937
 603     603     1.936300000
 603     604    -0.000243768
 603     610     0.002316480
 603     611     0.000429249
 603     612     0.000272872
 603     613    -0.004698933
 604    5620    -0.002045968
 604    5621     0.032768099
 604     602    -0.001594114
 604     603    -0.000243768
 604     604     2.046500000
 604     610    -0.001117954
 604     611     0.000758458
 604     612     0.000477783
 604     613     0.001333791
 610    5620     0.000515556
 610    5621     0.002820155
 610     602    -0.002228547
 610     603     0.002316480
 610     604    -0.001117954
 610     610     1.995700000
 610     611    -0.007808989
 610     612     0.006781696
 610     613    -0.000394380
 611    5620     0.001975804
 611    5621     0.000077540
 611     602    -0.000469408
 611     603     0.000429249
 611     604     0.000758458
 611     610    -0.007808989
 611     611     1.989800001
 611     612     0.019232316
 611     613    -0.000760018
 612    5620    -0.007765532
 612    5621     0.008179279
 612     602    -0.002867084
 612     603     0.000272872
 612     604     0.000477783
 612     610     0.006781696
 612     611     0.019232316
 612     612     1.978400000
 612     613    -0.000003825
 613    5620    -0.003438197
 613    5621    -0.009713588
 613     602    -0.000861287
 613     603    -0.004698933
 613     604     0.001333791
 613     610    -0.000394380
 613     611    -0.000760018
 613     612    -0.000003825
 613     613     2.000700000
