5620    5620     2.312899998
5620    5621     0.004692727
5620     602    -0.001263929
5620     603    -0.005556630
5620     604    -0.001741743
5620     610    -0.001279075
5620     611     0.001780480
5620     612     0.014643911
5620     613     0.005258067
5621    5620     0.004692727
5621    5621     2.316900003
5621     602    -0.002755662
5621     603    -0.019883281
5621     604     0.034683809
5621     610    -0.003415066
5621     611     0.000077972
5621     612     0.007070947
5621     613     0.009889145
 602    5620    -0.001263929
 602    5621    -0.002755662
 602     602     1.981300002
 602     603    -0.009296113
 602     604    -0.001519541
 602     610    -0.002434187
 602     611    -0.000604295
 602     612    -0.002591023
 602     613     0.000659302
 603    5620    -0.005556630
 603    5621    -0.019883281
 603     602    -0.009296113
 603     603     2.019500000
 603     604    -0.000216896
 603     610     0.002248806
 603     611     0.000405390
 603     612     0.000043329
 603     613    -0.004118825
 604    5620    -0.001741743
 604    5621     0.034683809
 604     602    -0.001519541
 604     603    -0.000216896
 604     604     2.068000000
 604     610     0.001412280
 604     611    -0.000509172
 604     612    -0.000331667
 604     613     0.001227448
 610    5620    -0.001279075
 610    5621    -0.003415066
 610     602    -0.002434187
 610     603     0.002248806
 610     604     0.001412280
 610     610     2.027100000
 610     611     0.006762167
 610     612     0.007682244
 610     613    -0.000470129
 611    5620     0.001780480
 611    5621     0.000077972
 611     602    -0.000604295
 611     603     0.000405390
 611     604    -0.000509172
 611     610     0.006762167
 611     611     2.065000001
 611     612    -0.015614972
 611     613     0.000778619
 612    5620     0.014643911
 612    5621     0.007070947
 612     602    -0.002591023
 612     603     0.000043329
 612     604    -0.000331667
 612     610     0.007682244
 612     611    -0.015614972
 612     612     2.023900000
 612     613     0.000017090
 613    5620     0.005258067
 613    5621     0.009889145
 613     602     0.000659302
 613     603    -0.004118825
 613     604     0.001227448
 613     610    -0.000470129
 613     611     0.000778619
 613     612     0.000017090
 613     613     1.962100000
