5620    5620     2.277599998
5620    5621    -0.005477785
5620     602     0.000105944
5620     603    -0.005666060
5620     604    -0.001974515
5620     610     0.002584434
5620     611    -0.002711994
5620     612    -0.016242029
5620     613    -0.006991253
5621    5620    -0.005477785
5621    5621     2.440600003
5621     602     0.002696101
5621     603     0.025540399
5621     604    -0.028443025
5621     610    -0.002494411
5621     611     0.000398111
5621     612    -0.006396143
5621     613    -0.008130397
 602    5620     0.000105944
 602    5621     0.002696101
 602     602     1.914600002
 602     603    -0.011771399
 602     604     0.001655017
 602     610     0.001474699
 602     611    -0.000503785
 602     612    -0.002341959
 602     613     0.001489573
 603    5620    -0.005666060
 603    5621     0.025540399
 603     602    -0.011771399
 603     603     1.858700000
 603     604     0.001055126
 603     610    -0.002064134
 603     611    -0.000256021
 603     612     0.000325118
 603     613     0.004417927
 604    5620    -0.001974515
 604    5621    -0.028443025
 604     602     0.001655017
 604     603     0.001055126
 604     604     2.088300000
 604     610     0.001323248
 604     611    -0.000552134
 604     612    -0.000013521
 604     613    -0.001101975
 610    5620     0.002584434
 610    5621    -0.002494411
 610     602     0.001474699
 610     603    -0.002064134
 610     604     0.001323248
 610     610     2.004200000
 610     611     0.006451785
 610     612    -0.006696458
 610     613    -0.000524474
 611    5620    -0.002711994
 611    5621     0.000398111
 611     602    -0.000503785
 611     603    -0.000256021
 611     604    -0.000552134
 611     610     0.006451785
 611     611     2.034300001
 611     612     0.017966838
 611     613    -0.000733681
 612    5620    -0.016242029
 612    5621    -0.006396143
 612     602    -0.002341959
 612     603     0.000325118
 612     604    -0.000013521
 612     610    -0.006696458
 612     611     0.017966838
 612     612     1.992600000
 612     613    -0.000069435
 613    5620    -0.006991253
 613    5621    -0.008130397
 613     602     0.001489573
 613     603     0.004417927
 613     604    -0.001101975
 613     610    -0.000524474
 613     611    -0.000733681
 613     612    -0.000069435
 613     613     1.947200000
