5620    5620     2.333799998
5620    5621     0.004511654
5620     602     0.001355149
5620     603    -0.005827881
5620     604    -0.000554730
5620     610    -0.006439096
5620     611     0.002585617
5620     612    -0.010156929
5620     613    -0.006359496
5621    5620     0.004511654
5621    5621     2.542800003
5621     602     0.001279116
5621     603    -0.026590291
5621     604     0.028858115
5621     610     0.000995297
5621     611    -0.000011757
5621     612     0.006577950
5621     613     0.008959265
 602    5620     0.001355149
 602    5621     0.001279116
 602     602     1.978900002
 602     603     0.008485068
 602     604    -0.001378969
 602     610     0.001577346
 602     611     0.000353525
 602     612    -0.002529114
 602     613    -0.000282191
 603    5620    -0.005827881
 603    5621    -0.026590291
 603     602     0.008485068
 603     603     1.859200000
 603     604    -0.000957304
 603     610    -0.001975431
 603     611     0.000316166
 603     612     0.000090409
 603     613    -0.004202153
 604    5620    -0.000554730
 604    5621     0.028858115
 604     602    -0.001378969
 604     603    -0.000957304
 604     604     2.081900000
 604     610     0.000797413
 604     611     0.000450509
 604     612     0.000635922
 604     613    -0.000994741
 610    5620    -0.006439096
 610    5621     0.000995297
 610     602     0.001577346
 610     603    -0.001975431
 610     604     0.000797413
 610     610     2.039400000
 610     611     0.005879828
 610     612     0.005822155
 610     613     0.000621681
 611    5620     0.002585617
 611    5621    -0.000011757
 611     602     0.000353525
 611     603     0.000316166
 611     604     0.000450509
 611     610     0.005879828
 611     611     2.093900001
 611     612    -0.017660933
 611     613     0.000633168
 612    5620    -0.010156929
 612    5621     0.006577950
 612     602    -0.002529114
 612     603     0.000090409
 612     604     0.000635922
 612     610     0.005822155
 612     611    -0.017660933
 612     612     2.083600000
 612     613     0.000179244
 613    5620    -0.006359496
 613    5621     0.008959265
 613     602    -0.000282191
 613     603    -0.004202153
 613     604    -0.000994741
 613     610     0.000621681
 613     611     0.000633168
 613     612     0.000179244
 613     613     2.055100000
