5620    5620     2.425099998
5620    5621     0.007510606
5620     602     0.001162981
5620     603     0.006896717
5620     604    -0.001805686
5620     610    -0.005497091
5620     611    -0.000384819
5620     612     0.006073485
5620     613    -0.005654413
5621    5620     0.007510606
5621    5621     2.261300003
5621     602     0.000597006
5621     603    -0.020690416
5621     604     0.033964407
5621     610     0.002870964
5621     611    -0.000065422
5621     612     0.007129589
5621     613     0.009391136
 602    5620     0.001162981
 602    5621     0.000597006
 602     602     1.994200002
 602     603     0.007288587
 602     604    -0.001408892
 602     610    -0.001917347
 602     611    -0.000524455
 602     612     0.002670540
 602     613     0.000843141
 603    5620     0.006896717
 603    5621    -0.020690416
 603     602     0.007288587
 603     603     1.780000000
 603     604     0.000324318
 603     610    -0.002478264
 603     611    -0.000479025
 603     612     0.000130799
 603     613     0.005020154
 604    5620    -0.001805686
 604    5621     0.033964407
 604     602    -0.001408892
 604     603     0.000324318
 604     604     2.113600000
 604     610     0.000889337
 604     611    -0.000792120
 604     612    -0.000379805
 604     613     0.001294219
 610    5620    -0.005497091
 610    5621     0.002870964
 610     602    -0.001917347
 610     603    -0.002478264
 610     604     0.000889337
 610     610     2.001000000
 610     611     0.008148540
 610     612    -0.006028668
 610     613    -0.000613877
 611    5620    -0.000384819
 611    5621    -0.000065422
 611     602    -0.000524455
 611     603    -0.000479025
 611     604    -0.000792120
 611     610     0.008148540
 611     611     2.032400001
 611     612    -0.021701324
 611     613    -0.000836366
 612    5620     0.006073485
 612    5621     0.007129589
 612     602     0.002670540
 612     603     0.000130799
 612     604    -0.000379805
 612     610    -0.006028668
 612     611    -0.021701324
 612     612     2.045700000
 612     613     0.000126109
 613    5620    -0.005654413
 613    5621     0.009391136
 613     602     0.000843141
 613     603     0.005020154
 613     604     0.001294219
 613     610    -0.000613877
 613     611    -0.000836366
 613     612     0.000126109
 613     613     1.927900000
