5620    5620     2.329399998
5620    5621     0.005539456
5620     602    -0.001537901
5620     603    -0.005389426
5620     604     0.000258503
5620     610    -0.000158897
5620     611    -0.002118050
5620     612    -0.002764488
5620     613     0.008285417
5621    5620     0.005539456
5621    5621     2.412000003
5621     602     0.004053840
5621     603    -0.021783805
5621     604    -0.025578142
5621     610    -0.001927129
5621     611     0.000281017
5621     612     0.005792828
5621     613    -0.006075332
 602    5620    -0.001537901
 602    5621     0.004053840
 602     602     1.961600002
 602     603    -0.009872613
 602     604    -0.001201149
 602     610    -0.001734228
 602     611    -0.000227536
 602     612     0.002140840
 602     613    -0.000264215
 603    5620    -0.005389426
 603    5621    -0.021783805
 603     602    -0.009872613
 603     603     1.898700000
 603     604     0.000987092
 603     610     0.001940374
 603     611    -0.000221831
 603     612    -0.000092820
 603     613     0.003008753
 604    5620     0.000258503
 604    5621    -0.025578142
 604     602    -0.001201149
 604     603     0.000987092
 604     604     2.085600000
 604     610    -0.000896480
 604     611     0.000376488
 604     612     0.000232203
 604     613    -0.000695586
 610    5620    -0.000158897
 610    5621    -0.001927129
 610     602    -0.001734228
 610     603     0.001940374
 610     604    -0.000896480
 610     610     2.075700000
 610     611    -0.006082829
 610     612    -0.004220476
 610     613    -0.000545398
 611    5620    -0.002118050
 611    5621     0.000281017
 611     602    -0.000227536
 611     603    -0.000221831
 611     604     0.000376488
 611     610    -0.006082829
 611     611     2.078200001
 611     612     0.016785011
 611     613    -0.000599286
 612    5620    -0.002764488
 612    5621     0.005792828
 612     602     0.002140840
 612     603    -0.000092820
 612     604     0.000232203
 612     610    -0.004220476
 612     611     0.016785011
 612     612     2.064700000
 612     613    -0.000387745
 613    5620     0.008285417
 613    5621    -0.006075332
 613     602    -0.000264215
 613     603     0.003008753
 613     604    -0.000695586
 613     610    -0.000545398
 613     611    -0.000599286
 613     612    -0.000387745
 613     613     2.062100000
