5620    5620     2.530299998
5620    5621     0.002562531
5620     602    -0.000884124
5620     603    -0.006044430
5620     604     0.000408035
5620     610     0.004064254
5620     611     0.000355401
5620     612     0.005269038
5620     613     0.001453348
5621    5620     0.002562531
5621    5621     2.532100003
5621     602    -0.001211356
5621     603    -0.024344325
5621     604    -0.030259621
5621     610    -0.002802619
5621     611    -0.000129246
5621     612    -0.006134047
5621     613     0.006908729
 602    5620    -0.000884124
 602    5621    -0.001211356
 602     602     1.970100002
 602     603     0.009456100
 602     604    -0.001544419
 602     610    -0.001992238
 602     611     0.000062531
 602     612    -0.002541477
 602     613     0.000797316
 603    5620    -0.006044430
 603    5621    -0.024344325
 603     602     0.009456100
 603     603     1.877700000
 603     604    -0.001185887
 603     610    -0.002321786
 603     611     0.000470188
 603     612    -0.000288805
 603     613     0.004311214
 604    5620     0.000408035
 604    5621    -0.030259621
 604     602    -0.001544419
 604     603    -0.001185887
 604     604     2.039300000
 604     610     0.001429397
 604     611    -0.000591735
 604     612     0.000319350
 604     613    -0.001108599
 610    5620     0.004064254
 610    5621    -0.002802619
 610     602    -0.001992238
 610     603    -0.002321786
 610     604     0.001429397
 610     610     2.035500000
 610     611    -0.006851056
 610     612    -0.006788339
 610     613     0.000209411
 611    5620     0.000355401
 611    5621    -0.000129246
 611     602     0.000062531
 611     603     0.000470188
 611     604    -0.000591735
 611     610    -0.006851056
 611     611     1.953700001
 611     612     0.021118349
 611     613    -0.000644225
 612    5620     0.005269038
 612    5621    -0.006134047
 612     602    -0.002541477
 612     603    -0.000288805
 612     604     0.000319350
 612     610    -0.006788339
 612     611     0.021118349
 612     612     2.043200000
 612     613    -0.000121164
 613    5620     0.001453348
 613    5621     0.006908729
 613     602     0.000797316
 613     603     0.004311214
 613     604    -0.001108599
 613     610     0.000209411
 613     611    -0.000644225
 613     612    -0.000121164
 613     613     2.080600000
