5620    5620     2.358299998
5620    5621    -0.005606691
5620     602     0.001010257
5620     603     0.006391197
5620     604     0.001609130
5620     610    -0.001433690
5620     611     0.000090210
5620     612     0.006282697
5620     613     0.007411116
5621    5620    -0.005606691
5621    5621     2.290800003
5621     602    -0.004827084
5621     603    -0.012070198
5621     604     0.029758822
5621     610     0.001839246
5621     611    -0.000309268
5621     612     0.007692170
5621     613    -0.005901469
 602    5620     0.001010257
 602    5621    -0.004827084
 602     602     1.972600002
 602     603     0.002144028
 602     604     0.001436631
 602     610    -0.001624932
 602     611     0.000055301
 602     612    -0.002605310
 602     613     0.000422011
 603    5620     0.006391197
 603    5621    -0.012070198
 603     602     0.002144028
 603     603     1.921400000
 603     604     0.000171679
 603     610    -0.002289720
 603     611     0.000462990
 603     612    -0.000315748
 603     613     0.003371671
 604    5620     0.001609130
 604    5621     0.029758822
 604     602     0.001436631
 604     603     0.000171679
 604     604     2.052600000
 604     610    -0.000794856
 604     611    -0.000716701
 604     612    -0.000437347
 604     613    -0.001014069
 610    5620    -0.001433690
 610    5621     0.001839246
 610     602    -0.001624932
 610     603    -0.002289720
 610     604    -0.000794856
 610     610     2.019400000
 610     611    -0.007470152
 610     612    -0.005683271
 610     613     0.000654683
 611    5620     0.000090210
 611    5621    -0.000309268
 611     602     0.000055301
 611     603     0.000462990
 611     604    -0.000716701
 611     610    -0.007470152
 611     611     2.095000001
 611     612    -0.022690336
 611     613    -0.000754903
 612    5620     0.006282697
 612    5621     0.007692170
 612     602    -0.002605310
 612     603    -0.000315748
 612     604    -0.000437347
 612     610    -0.005683271
 612     611    -0.022690336
 612     612     2.113100000
 612     613     0.000208664
 613    5620     0.007411116
 613    5621    -0.005901469
 613     602     0.000422011
 613     603     0.003371671
 613     604    -0.001014069
 613     610     0.000654683
 613     611    -0.000754903
 613     612     0.000208664
 613     613     2.040300000
