5620    5620     2.498499998
5620    5621     0.006543776
5620     602    -0.000784388
5620     603    -0.005775516
5620     604    -0.002237408
5620     610    -0.003541129
5620     611    -0.000507389
5620     612    -0.010794857
5620     613    -0.003515311
5621    5620     0.006543776
5621    5621     2.450400003
5621     602    -0.001583323
5621     603     0.020810872
5621     604     0.030333848
5621     610    -0.002095265
5621     611    -0.000483365
5621     612    -0.006755520
5621     613     0.008801123
 602    5620    -0.000784388
 602    5621    -0.001583323
 602     602     2.033800002
 602     603    -0.009258965
 602     604    -0.001444597
 602     610    -0.001659194
 602     611    -0.000340933
 602     612     0.002459140
 602     613     0.000961568
 603    5620    -0.005775516
 603    5621     0.020810872
 603     602    -0.009258965
 603     603     1.905000000
 603     604     0.000413804
 603     610    -0.002030660
 603     611     0.000511826
 603     612     0.000019171
 603     613     0.004500169
 604    5620    -0.002237408
 604    5621     0.030333848
 604     602    -0.001444597
 604     603     0.000413804
 604     604     2.117300000
 604     610     0.000805187
 604     611     0.000745834
 604     612    -0.000677112
 604     613    -0.001372326
 610    5620    -0.003541129
 610    5621    -0.002095265
 610     602    -0.001659194
 610     603    -0.002030660
 610     604     0.000805187
 610     610     2.006900000
 610     611    -0.005717367
 610     612     0.005945830
 610     613     0.000321101
 611    5620    -0.000507389
 611    5621    -0.000483365
 611     602    -0.000340933
 611     603     0.000511826
 611     604     0.000745834
 611     610    -0.005717367
 611     611     1.997800001
 611     612     0.017784082
 611     613    -0.000740627
 612    5620    -0.010794857
 612    5621    -0.006755520
 612     602     0.002459140
 612     603     0.000019171
 612     604    -0.000677112
 612     610     0.005945830
 612     611     0.017784082
 612     612     2.069100000
 612     613     0.000074794
 613    5620    -0.003515311
 613    5621     0.008801123
 613     602     0.000961568
 613     603     0.004500169
 613     604    -0.001372326
 613     610     0.000321101
 613     611    -0.000740627
 613     612     0.000074794
 613     613     2.028900000
