5620    5620     2.337399998
5620    5621     0.004165334
5620     602    -0.000405219
5620     603     0.006339928
5620     604    -0.000241986
5620     610    -0.000663774
5620     611     0.001832274
5620     612    -0.009018049
5620     613     0.006269784
5621    5620     0.004165334
5621    5621     2.324000003
5621     602    -0.004822356
5621     603     0.028250524
5621     604    -0.028683822
5621     610     0.002389521
5621     611    -0.000105433
5621     612    -0.008045878
5621     613     0.007719591
 602    5620    -0.000405219
 602    5621    -0.004822356
 602     602     2.002600002
 602     603     0.010097479
 602     604     0.001533266
 602     610    -0.001600364
 602     611     0.000307023
 602     612     0.002834231
 602     613     0.001267134
 603    5620     0.006339928
 603    5621     0.028250524
 603     602     0.010097479
 603     603     1.874100000
 603     604    -0.000987882
 603     610    -0.002271273
 603     611    -0.000242828
 603     612    -0.000260813
 603     613    -0.003791436
 604    5620    -0.000241986
 604    5621    -0.028683822
 604     602     0.001533266
 604     603    -0.000987882
 604     604     2.066800000
 604     610    -0.001471603
 604     611    -0.000402031
 604     612    -0.000787856
 604     613     0.000864908
 610    5620    -0.000663774
 610    5621     0.002389521
 610     602    -0.001600364
 610     603    -0.002271273
 610     604    -0.001471603
 610     610     1.980700000
 610     611     0.005414780
 610     612    -0.007148384
 610     613    -0.000448795
 611    5620     0.001832274
 611    5621    -0.000105433
 611     602     0.000307023
 611     603    -0.000242828
 611     604    -0.000402031
 611     610     0.005414780
 611     611     2.157300001
 611     612     0.017369262
 611     613     0.000484106
 612    5620    -0.009018049
 612    5621    -0.008045878
 612     602     0.002834231
 612     603    -0.000260813
 612     604    -0.000787856
 612     610    -0.007148384
 612     611     0.017369262
 612     612     1.969100000
 612     613     0.000097548
 613    5620     0.006269784
 613    5621     0.007719591
 613     602     0.001267134
 613     603    -0.003791436
 613     604     0.000864908
 613     610    -0.000448795
 613     611     0.000484106
 613     612     0.000097548
 613     613     1.958800000
