5620    5620     2.443299998
5620    5621    -0.003432641
5620     602    -0.000524122
5620     603     0.006250152
5620     604    -0.002631134
5620     610     0.000445511
5620     611     0.001778648
5620     612     0.010149074
5620     613    -0.008894921
5621    5620    -0.003432641
5621    5621     2.216100003
5621     602    -0.002554204
5621     603     0.021733260
5621     604    -0.029354481
5621     610    -0.002855680
5621     611    -0.000143544
5621     612    -0.008534989
5621     613     0.006418441
 602    5620    -0.000524122
 602    5621    -0.002554204
 602     602     2.039100002
 602     603    -0.009079441
 602     604    -0.001357851
 602     610    -0.001700956
 602     611    -0.000273676
 602     612    -0.002635501
 602     613     0.000865914
 603    5620     0.006250152
 603    5621     0.021733260
 603     602    -0.009079441
 603     603     1.938400000
 603     604    -0.000792215
 603     610    -0.002534621
 603     611    -0.000528550
 603     612    -0.000257364
 603     613    -0.004276048
 604    5620    -0.002631134
 604    5621    -0.029354481
 604     602    -0.001357851
 604     603    -0.000792215
 604     604     2.121200000
 604     610     0.000823628
 604     611    -0.000740258
 604     612    -0.000839657
 604     613    -0.001178723
 610    5620     0.000445511
 610    5621    -0.002855680
 610     602    -0.001700956
 610     603    -0.002534621
 610     604     0.000823628
 610     610     2.009600000
 610     611     0.006520394
 610     612    -0.006319122
 610     613    -0.000587744
 611    5620     0.001778648
 611    5621    -0.000143544
 611     602    -0.000273676
 611     603    -0.000528550
 611     604    -0.000740258
 611     610     0.006520394
 611     611     2.040500001
 611     612    -0.018558944
 611     613    -0.000967506
 612    5620     0.010149074
 612    5621    -0.008534989
 612     602    -0.002635501
 612     603    -0.000257364
 612     604    -0.000839657
 612     610    -0.006319122
 612     611    -0.018558944
 612     612     1.971600000
 612     613    -0.000151002
 613    5620    -0.008894921
 613    5621     0.006418441
 613     602     0.000865914
 613     603    -0.004276048
 613     604    -0.001178723
 613     610    -0.000587744
 613     611    -0.000967506
 613     612    -0.000151002
 613     613     2.043200000
