5620    5620     2.213999998
5620    5621    -0.005076912
5620     602     0.001426641
5620     603    -0.006252305
5620     604     0.000558812
5620     610     0.004061473
5620     611    -0.004646329
5620     612     0.008771133
5620     613     0.006168494
5621    5620    -0.005076912
5621    5621     2.496500003
5621     602     0.002471884
5621     603     0.027897549
5621     604     0.024773973
5621     610     0.001444563
5621     611    -0.000490963
5621     612    -0.006712188
5621     613    -0.008265596
 602    5620     0.001426641
 602    5621     0.002471884
 602     602     1.975300002
 602     603     0.006929274
 602     604    -0.001169924
 602     610    -0.001681146
 602     611    -0.000032839
 602     612    -0.002101982
 602     613    -0.000249062
 603    5620    -0.006252305
 603    5621     0.027897549
 603     602     0.006929274
 603     603     1.881400000
 603     604     0.000964821
 603     610     0.002362676
 603     611     0.000079291
 603     612     0.000067546
 603     613     0.004187765
 604    5620     0.000558812
 604    5621     0.024773973
 604     602    -0.001169924
 604     603     0.000964821
 604     604     2.100700000
 604     610    -0.001393030
 604     611     0.000430531
 604     612     0.000336745
 604     613    -0.000853566
 610    5620     0.004061473
 610    5621     0.001444563
 610     602    -0.001681146
 610     603     0.002362676
 610     604    -0.001393030
 610     610     2.011900000
 610     611    -0.006824354
 610     612     0.008776197
 610     613    -0.000550895
 611    5620    -0.004646329
 611    5621    -0.000490963
 611     602    -0.000032839
 611     603     0.000079291
 611     604     0.000430531
 611     610    -0.006824354
 611     611     2.101500001
 611     612    -0.017075793
 611     613     0.000489410
 612    5620     0.008771133
 612    5621    -0.006712188
 612     602    -0.002101982
 612     603     0.000067546
 612     604     0.000336745
 612     610     0.008776197
 612     611    -0.017075793
 612     612     2.057200000
 612     613     0.000179492
 613    5620     0.006168494
 613    5621    -0.008265596
 613     602    -0.000249062
 613     603     0.004187765
 613     604    -0.000853566
 613     610    -0.000550895
 613     611     0.000489410
 613     612     0.000179492
 613     613     2.002600000
