5620    5620     2.311399998
5620    5621     0.003918239
5620     602     0.000739792
5620     603    -0.006640855
5620     604     0.001815620
5620     610    -0.000473052
5620     611    -0.000147026
5620     612    -0.011830032
5620     613     0.002468784
5621    5620     0.003918239
5621    5621     2.537000003
5621     602    -0.003676308
5621     603    -0.018342205
5621     604    -0.029456864
5621     610    -0.002643247
5621     611     0.000261103
5621     612    -0.007196530
5621     613     0.006700559
 602    5620     0.000739792
 602    5621    -0.003676308
 602     602     1.902800002
 602     603     0.010923605
 602     604     0.002306083
 602     610     0.002202259
 602     611     0.000158732
 602     612     0.003170694
 602     613     0.001263125
 603    5620    -0.006640855
 603    5621    -0.018342205
 603     602     0.010923605
 603     603     1.868500000
 603     604     0.000838852
 603     610    -0.002471991
 603     611     0.000539087
 603     612     0.000203425
 603     613     0.004429717
 604    5620     0.001815620
 604    5621    -0.029456864
 604     602     0.002306083
 604     603     0.000838852
 604     604     1.992200000
 604     610    -0.001662213
 604     611    -0.000793327
 604     612    -0.000014518
 604     613    -0.001446366
 610    5620    -0.000473052
 610    5621    -0.002643247
 610     602     0.002202259
 610     603    -0.002471991
 610     604    -0.001662213
 610     610     2.022700000
 610     611    -0.006865299
 610     612     0.007501833
 610     613    -0.000304078
 611    5620    -0.000147026
 611    5621     0.000261103
 611     602     0.000158732
 611     603     0.000539087
 611     604    -0.000793327
 611     610    -0.006865299
 611     611     2.008900001
 611     612     0.019727506
 611     613    -0.000744500
 612    5620    -0.011830032
 612    5621    -0.007196530
 612     602     0.003170694
 612     603     0.000203425
 612     604    -0.000014518
 612     610     0.007501833
 612     611     0.019727506
 612     612     2.126200000
 612     613     0.000132087
 613    5620     0.002468784
 613    5621     0.006700559
 613     602     0.001263125
 613     603     0.004429717
 613     604    -0.001446366
 613     610    -0.000304078
 613     611    -0.000744500
 613     612     0.000132087
 613     613     2.050100000
