5620    5620     2.343599998
5620    5621    -0.004260253
5620     602     0.002115962
5620     603     0.005680286
5620     604     0.000174172
5620     610    -0.003570747
5620     611     0.004463820
5620     612    -0.001902402
5620     613     0.006464943
5621    5620    -0.004260253
5621    5621     2.454200003
5621     602     0.008771941
5621     603    -0.014573207
5621     604    -0.027773001
5621     610    -0.002959373
5621     611     0.000966301
5621     612     0.007133573
5621     613    -0.008580126
 602    5620     0.002115962
 602    5621     0.008771941
 602     602     1.977900002
 602     603    -0.004596214
 602     604    -0.001452094
 602     610     0.002488133
 602     611    -0.000643206
 602     612    -0.002467310
 602     613    -0.000012219
 603    5620     0.005680286
 603    5621    -0.014573207
 603     602    -0.004596214
 603     603     1.934500000
 603     604     0.000006306
 603     610     0.001941313
 603     611    -0.000075205
 603     612    -0.000432830
 603     613     0.004604610
 604    5620     0.000174172
 604    5621    -0.027773001
 604     602    -0.001452094
 604     603     0.000006306
 604     604     2.032900000
 604     610    -0.001410260
 604     611     0.000507014
 604     612     0.000073391
 604     613     0.001140611
 610    5620    -0.003570747
 610    5621    -0.002959373
 610     602     0.002488133
 610     603     0.001941313
 610     604    -0.001410260
 610     610     1.981800000
 610     611     0.007442515
 610     612    -0.003720179
 610     613     0.000553735
 611    5620     0.004463820
 611    5621     0.000966301
 611     602    -0.000643206
 611     603    -0.000075205
 611     604     0.000507014
 611     610     0.007442515
 611     611     2.002800001
 611     612    -0.019637383
 611     613    -0.000455310
 612    5620    -0.001902402
 612    5621     0.007133573
 612     602    -0.002467310
 612     603    -0.000432830
 612     604     0.000073391
 612     610    -0.003720179
 612     611    -0.019637383
 612     612     2.103400000
 612     613    -0.000411907
 613    5620     0.006464943
 613    5621    -0.008580126
 613     602    -0.000012219
 613     603     0.004604610
 613     604     0.001140611
 613     610     0.000553735
 613     611    -0.000455310
 613     612    -0.000411907
 613     613     2.002700000
