5620    5620     2.498199998
5620    5621    -0.004136960
5620     602     0.002011303
5620     603    -0.005504321
5620     604     0.003610091
5620     610     0.006180160
5620     611    -0.004117140
5620     612    -0.008503127
5620     613    -0.006820082
5621    5620    -0.004136960
5621    5621     2.299700003
5621     602    -0.003267123
5621     603    -0.034116871
5621     604    -0.026471766
5621     610     0.002155467
5621     611     0.000168174
5621     612    -0.005622181
5621     613     0.009052062
 602    5620     0.002011303
 602    5621    -0.003267123
 602     602     1.924000002
 602     603     0.008514593
 602     604     0.001240425
 602     610     0.002568272
 602     611    -0.000920044
 602     612     0.002345970
 602     613     0.000052689
 603    5620    -0.005504321
 603    5621    -0.034116871
 603     602     0.008514593
 603     603     1.879300000
 603     604    -0.001306059
 603     610    -0.002372057
 603     611    -0.000267223
 603     612    -0.000003778
 603     613     0.004485518
 604    5620     0.003610091
 604    5621    -0.026471766
 604     602     0.001240425
 604     603    -0.001306059
 604     604     2.058400000
 604     610    -0.000988577
 604     611    -0.000804136
 604     612     0.000402276
 604     613     0.001093547
 610    5620     0.006180160
 610    5621     0.002155467
 610     602     0.002568272
 610     603    -0.002372057
 610     604    -0.000988577
 610     610     1.962300000
 610     611    -0.007999602
 610     612     0.001526735
 610     613     0.000660727
 611    5620    -0.004117140
 611    5621     0.000168174
 611     602    -0.000920044
 611     603    -0.000267223
 611     604    -0.000804136
 611     610    -0.007999602
 611     611     1.965800001
 611     612    -0.020071333
 611     613    -0.000734309
 612    5620    -0.008503127
 612    5621    -0.005622181
 612     602     0.002345970
 612     603    -0.000003778
 612     604     0.000402276
 612     610     0.001526735
 612     611    -0.020071333
 612     612     2.059300000
 612     613     0.000302208
 613    5620    -0.006820082
 613    5621     0.009052062
 613     602     0.000052689
 613     603     0.004485518
 613     604     0.001093547
 613     610     0.000660727
 613     611    -0.000734309
 613     612     0.000302208
 613     613     1.996700000
