5620    5620     2.327199998
5620    5621    -0.005645891
5620     602    -0.001182797
5620     603     0.005717930
5620     604     0.001135362
5620     610     0.003685042
5620     611     0.000724755
5620     612    -0.010259373
5620     613     0.004947221
5621    5620    -0.005645891
5621    5621     2.274300003
5621     602     0.003243901
5621     603     0.015328537
5621     604     0.033895274
5621     610    -0.002156288
5621     611     0.000230179
5621     612     0.007607145
5621     613    -0.007004830
 602    5620    -0.001182797
 602    5621     0.003243901
 602     602     1.870200002
 602     603     0.006157605
 602     604     0.001560194
 602     610     0.002165958
 602     611    -0.000413904
 602     612     0.002728905
 602     613     0.000448650
 603    5620     0.005717930
 603    5621     0.015328537
 603     602     0.006157605
 603     603     1.897200000
 603     604    -0.000104077
 603     610     0.002240578
 603     611    -0.000446163
 603     612     0.000202374
 603     613    -0.003246977
 604    5620     0.001135362
 604    5621     0.033895274
 604     602     0.001560194
 604     603    -0.000104077
 604     604     2.043200000
 604     610    -0.001374563
 604     611    -0.000404855
 604     612     0.000668438
 604     613     0.000884079
 610    5620     0.003685042
 610    5621    -0.002156288
 610     602     0.002165958
 610     603     0.002240578
 610     604    -0.001374563
 610     610     1.931100000
 610     611     0.006535125
 610     612     0.008003300
 610     613    -0.000515016
 611    5620     0.000724755
 611    5621     0.000230179
 611     602    -0.000413904
 611     603    -0.000446163
 611     604    -0.000404855
 611     610     0.006535125
 611     611     2.011200001
 611     612     0.016702012
 611     613    -0.000644762
 612    5620    -0.010259373
 612    5621     0.007607145
 612     602     0.002728905
 612     603     0.000202374
 612     604     0.000668438
 612     610     0.008003300
 612     611     0.016702012
 612     612     2.099000000
 612     613    -0.000118430
 613    5620     0.004947221
 613    5621    -0.007004830
 613     602     0.000448650
 613     603    -0.003246977
 613     604     0.000884079
 613     610    -0.000515016
 613     611    -0.000644762
 613     612    -0.000118430
 613     613     2.087100000
