5620    5620     2.420299998
5620    5621    -0.002799399
5620     602     0.002172679
5620     603    -0.006403328
5620     604    -0.001232740
5620     610    -0.000368426
5620     611     0.000883420
5620     612     0.000199892
5620     613     0.001689719
5621    5620    -0.002799399
5621    5621     2.394200003
5621     602     0.006946448
5621     603     0.018417258
5621     604     0.024838540
5621     610    -0.002244843
5621     611    -0.000526068
5621     612     0.006054481
5621     613    -0.008704218
 602    5620     0.002172679
 602    5621     0.006946448
 602     602     1.913000002
 602     603    -0.006965433
 602     604     0.001390435
 602     610    -0.002488983
 602     611     0.001071711
 602     612    -0.002296920
 602     613     0.000731401
 603    5620    -0.006403328
 603    5621     0.018417258
 603     602    -0.006965433
 603     603     1.953500000
 603     604     0.000638521
 603     610     0.002150539
 603     611     0.000309471
 603     612     0.000155317
 603     613     0.004960577
 604    5620    -0.001232740
 604    5621     0.024838540
 604     602     0.001390435
 604     603     0.000638521
 604     604     2.069800000
 604     610    -0.001352909
 604     611    -0.000694522
 604     612     0.000220916
 604     613     0.001313816
 610    5620    -0.000368426
 610    5621    -0.002244843
 610     602    -0.002488983
 610     603     0.002150539
 610     604    -0.001352909
 610     610     2.055100000
 610     611     0.006946165
 610     612     0.005261140
 610     613     0.000181653
 611    5620     0.000883420
 611    5621    -0.000526068
 611     602     0.001071711
 611     603     0.000309471
 611     604    -0.000694522
 611     610     0.006946165
 611     611     2.013700001
 611     612     0.019226802
 611     613    -0.000719987
 612    5620     0.000199892
 612    5621     0.006054481
 612     602    -0.002296920
 612     603     0.000155317
 612     604     0.000220916
 612     610     0.005261140
 612     611     0.019226802
 612     612     2.142400000
 612     613     0.000075655
 613    5620     0.001689719
 613    5621    -0.008704218
 613     602     0.000731401
 613     603     0.004960577
 613     604     0.001313816
 613     610     0.000181653
 613     611    -0.000719987
 613     612     0.000075655
 613     613     2.006000000
