5620    5620     2.408699998
5620    5621     0.002229891
5620     602    -0.001247878
5620     603     0.005029677
5620     604    -0.001768409
5620     610    -0.005093022
5620     611    -0.000827104
5620     612     0.009496824
5620     613     0.007747915
5621    5620     0.002229891
5621    5621     2.487000003
5621     602    -0.002408476
5621     603    -0.017698769
5621     604    -0.027874315
5621     610    -0.001400678
5621     611     0.000100656
5621     612     0.006709180
5621     613    -0.005621131
 602    5620    -0.001247878
 602    5621    -0.002408476
 602     602     1.996100002
 602     603    -0.005162529
 602     604    -0.001300185
 602     610    -0.001856948
 602     611    -0.000583015
 602     612     0.002135476
 602     613    -0.000192596
 603    5620     0.005029677
 603    5621    -0.017698769
 603     602    -0.005162529
 603     603     1.960400000
 603     604    -0.000382992
 603     610    -0.002065928
 603     611     0.000515607
 603     612    -0.000000400
 603     613    -0.003270578
 604    5620    -0.001768409
 604    5621    -0.027874315
 604     602    -0.001300185
 604     603    -0.000382992
 604     604     2.008900000
 604     610    -0.001493748
 604     611    -0.000427302
 604     612    -0.001266999
 604     613    -0.000886794
 610    5620    -0.005093022
 610    5621    -0.001400678
 610     602    -0.001856948
 610     603    -0.002065928
 610     604    -0.001493748
 610     610     1.992500000
 610     611    -0.007214549
 610     612     0.005213932
 610     613    -0.000598282
 611    5620    -0.000827104
 611    5621     0.000100656
 611     602    -0.000583015
 611     603     0.000515607
 611     604    -0.000427302
 611     610    -0.007214549
 611     611     1.989300001
 611     612     0.017813776
 611     613    -0.000917923
 612    5620     0.009496824
 612    5621     0.006709180
 612     602     0.002135476
 612     603    -0.000000400
 612     604    -0.001266999
 612     610     0.005213932
 612     611     0.017813776
 612     612     2.090000000
 612     613     0.000148353
 613    5620     0.007747915
 613    5621    -0.005621131
 613     602    -0.000192596
 613     603    -0.003270578
 613     604    -0.000886794
 613     610    -0.000598282
 613     611    -0.000917923
 613     612     0.000148353
 613     613     2.013800000
