5620    5620     2.494999998
5620    5621     0.006061067
5620     602    -0.001170746
5620     603    -0.005493048
5620     604    -0.002648210
5620     610     0.002436030
5620     611    -0.004950744
5620     612     0.017226350
5620     613    -0.007527918
5621    5620     0.006061067
5621    5621     2.389400003
5621     602    -0.004378859
5621     603    -0.014932215
5621     604    -0.021022093
5621     610     0.002813162
5621     611     0.000912119
5621     612    -0.007448478
5621     613    -0.007284117
 602    5620    -0.001170746
 602    5621    -0.004378859
 602     602     1.975100002
 602     603    -0.006152382
 602     604    -0.001012854
 602     610    -0.002074202
 602     611    -0.000436502
 602     612    -0.002523200
 602     613     0.000456668
 603    5620    -0.005493048
 603    5621    -0.014932215
 603     602    -0.006152382
 603     603     1.890000000
 603     604     0.000298825
 603     610     0.002260889
 603     611    -0.000102421
 603     612     0.000080133
 603     613    -0.004254340
 604    5620    -0.002648210
 604    5621    -0.021022093
 604     602    -0.001012854
 604     603     0.000298825
 604     604     2.047200000
 604     610    -0.001205671
 604     611    -0.000578286
 604     612     0.000327876
 604     613    -0.000914422
 610    5620     0.002436030
 610    5621     0.002813162
 610     602    -0.002074202
 610     603     0.002260889
 610     604    -0.001205671
 610     610     1.926700000
 610     611     0.008081078
 610     612     0.008817820
 610     613     0.000564783
 611    5620    -0.004950744
 611    5621     0.000912119
 611     602    -0.000436502
 611     603    -0.000102421
 611     604    -0.000578286
 611     610     0.008081078
 611     611     2.028700001
 611     612     0.018936751
 611     613    -0.000522413
 612    5620     0.017226350
 612    5621    -0.007448478
 612     602    -0.002523200
 612     603     0.000080133
 612     604     0.000327876
 612     610     0.008817820
 612     611     0.018936751
 612     612     1.935800000
 612     613    -0.000051954
 613    5620    -0.007527918
 613    5621    -0.007284117
 613     602     0.000456668
 613     603    -0.004254340
 613     604    -0.000914422
 613     610     0.000564783
 613     611    -0.000522413
 613     612    -0.000051954
 613     613     1.878200000
