5620    5620     2.538999998
5620    5621     0.002072122
5620     602     0.000865171
5620     603     0.005624488
5620     604     0.000623694
5620     610    -0.003496821
5620     611    -0.002507516
5620     612     0.010088193
5620     613     0.004090168
5621    5620     0.002072122
5621    5621     2.150400003
5621     602    -0.005197322
5621     603    -0.022772849
5621     604    -0.028117038
5621     610     0.002495657
5621     611    -0.000543099
5621     612     0.007603910
5621     613     0.010368043
 602    5620     0.000865171
 602    5621    -0.005197322
 602     602     1.992000002
 602     603     0.007175490
 602     604     0.001575031
 602     610    -0.002216708
 602     611    -0.000425246
 602     612     0.002735017
 602     613    -0.001159475
 603    5620     0.005624488
 603    5621    -0.022772849
 603     602     0.007175490
 603     603     1.870900000
 603     604     0.001016621
 603     610     0.002208892
 603     611     0.000209154
 603     612    -0.000213966
 603     613     0.005892553
 604    5620     0.000623694
 604    5621    -0.028117038
 604     602     0.001575031
 604     603     0.001016621
 604     604     2.071400000
 604     610     0.001560531
 604     611    -0.000603484
 604     612     0.000107699
 604     613     0.001297915
 610    5620    -0.003496821
 610    5621     0.002495657
 610     602    -0.002216708
 610     603     0.002208892
 610     604     0.001560531
 610     610     1.993700000
 610     611     0.006812470
 610     612     0.009220944
 610     613    -0.000404260
 611    5620    -0.002507516
 611    5621    -0.000543099
 611     602    -0.000425246
 611     603     0.000209154
 611     604    -0.000603484
 611     610     0.006812470
 611     611     2.071200001
 611     612    -0.019724662
 611     613     0.000716238
 612    5620     0.010088193
 612    5621     0.007603910
 612     602     0.002735017
 612     603    -0.000213966
 612     604     0.000107699
 612     610     0.009220944
 612     611    -0.019724662
 612     612     2.009900000
 612     613     0.000048667
 613    5620     0.004090168
 613    5621     0.010368043
 613     602    -0.001159475
 613     603     0.005892553
 613     604     0.001297915
 613     610    -0.000404260
 613     611     0.000716238
 613     612     0.000048667
 613     613     1.921900000
