5620    5620     2.576899998
5620    5621     0.004754297
5620     602    -0.000617314
5620     603    -0.005595379
5620     604    -0.000254029
5620     610    -0.009528717
5620     611     0.002452349
5620     612     0.019298844
5620     613     0.007379966
5621    5620     0.004754297
5621    5621     2.210500003
5621     602     0.000504331
5621     603     0.019516271
5621     604    -0.034256067
5621     610     0.001723541
5621     611     0.000578742
5621     612    -0.007463011
5621     613     0.007885950
 602    5620    -0.000617314
 602    5621     0.000504331
 602     602     1.996100002
 602     603    -0.008273504
 602     604    -0.001664588
 602     610    -0.001682754
 602     611    -0.000154548
 602     612     0.002519710
 602     613     0.000617473
 603    5620    -0.005595379
 603    5621     0.019516271
 603     602    -0.008273504
 603     603     1.928600000
 603     604    -0.000215910
 603     610    -0.002306500
 603     611     0.000307940
 603     612    -0.000111533
 603     613     0.003511146
 604    5620    -0.000254029
 604    5621    -0.034256067
 604     602    -0.001664588
 604     603    -0.000215910
 604     604     2.051200000
 604     610     0.001490283
 604     611     0.000469984
 604     612     0.000725647
 604     613    -0.000854134
 610    5620    -0.009528717
 610    5621     0.001723541
 610     602    -0.001682754
 610     603    -0.002306500
 610     604     0.001490283
 610     610     1.919600000
 610     611     0.007002451
 610     612    -0.011478819
 610     613     0.000649765
 611    5620     0.002452349
 611    5621     0.000578742
 611     602    -0.000154548
 611     603     0.000307940
 611     604     0.000469984
 611     610     0.007002451
 611     611     2.095400001
 611     612     0.015288956
 611     613    -0.000572950
 612    5620     0.019298844
 612    5621    -0.007463011
 612     602     0.002519710
 612     603    -0.000111533
 612     604     0.000725647
 612     610    -0.011478819
 612     611     0.015288956
 612     612     1.987100000
 612     613    -0.000132089
 613    5620     0.007379966
 613    5621     0.007885950
 613     602     0.000617473
 613     603     0.003511146
 613     604    -0.000854134
 613     610     0.000649765
 613     611    -0.000572950
 613     612    -0.000132089
 613     613     1.966300000
