5620    5620     2.176499998
5620    5621     0.003001540
5620     602    -0.001120993
5620     603     0.006073493
5620     604     0.000006041
5620     610    -0.004355107
5620     611    -0.000861095
5620     612    -0.013065482
5620     613     0.006354149
5621    5620     0.003001540
5621    5621     2.291600003
5621     602     0.000739186
5621     603     0.025239052
5621     604     0.033468170
5621     610    -0.003901818
5621     611     0.000338005
5621     612     0.007114321
5621     613    -0.007332497
 602    5620    -0.001120993
 602    5621     0.000739186
 602     602     1.946900002
 602     603    -0.004896165
 602     604    -0.001156414
 602     610     0.002156049
 602     611    -0.000579770
 602     612    -0.002165941
 602     613     0.000280549
 603    5620     0.006073493
 603    5621     0.025239052
 603     602    -0.004896165
 603     603     1.943000000
 603     604     0.000739972
 603     610    -0.002102313
 603     611     0.000358398
 603     612     0.000162199
 603     613    -0.003786077
 604    5620     0.000006041
 604    5621     0.033468170
 604     602    -0.001156414
 604     603     0.000739972
 604     604     2.083000000
 604     610     0.001848651
 604     611     0.000623919
 604     612     0.000091520
 604     613    -0.001134635
 610    5620    -0.004355107
 610    5621    -0.003901818
 610     602     0.002156049
 610     603    -0.002102313
 610     604     0.001848651
 610     610     2.006900000
 610     611    -0.005426077
 610     612     0.005288500
 610     613     0.000357140
 611    5620    -0.000861095
 611    5621     0.000338005
 611     602    -0.000579770
 611     603     0.000358398
 611     604     0.000623919
 611     610    -0.005426077
 611     611     2.039000001
 611     612    -0.016768007
 611     613     0.000738208
 612    5620    -0.013065482
 612    5621     0.007114321
 612     602    -0.002165941
 612     603     0.000162199
 612     604     0.000091520
 612     610     0.005288500
 612     611    -0.016768007
 612     612     2.045300000
 612     613     0.000002621
 613    5620     0.006354149
 613    5621    -0.007332497
 613     602     0.000280549
 613     603    -0.003786077
 613     604    -0.001134635
 613     610     0.000357140
 613     611     0.000738208
 613     612     0.000002621
 613     613     2.019900000
