5620    5620     2.286599998
5620    5621     0.003222385
5620     602    -0.001228424
5620     603     0.006579300
5620     604    -0.000910081
5620     610     0.011355634
5620     611     0.002328465
5620     612    -0.005300436
5620     613    -0.008218449
5621    5620     0.003222385
5621    5621     2.350600003
5621     602    -0.000121589
5621     603    -0.016013139
5621     604    -0.029048631
5621     610    -0.000312945
5621     611     0.000094123
5621     612     0.007410426
5621     613    -0.008001372
 602    5620    -0.001228424
 602    5621    -0.000121589
 602     602     1.971100002
 602     603     0.005651321
 602     604     0.001546508
 602     610    -0.001648835
 602     611    -0.000087695
 602     612    -0.003074342
 602     613    -0.000591100
 603    5620     0.006579300
 603    5621    -0.016013139
 603     602     0.005651321
 603     603     1.898800000
 603     604    -0.000074626
 603     610     0.002495516
 603     611    -0.000347866
 603     612     0.000289830
 603     613     0.004462332
 604    5620    -0.000910081
 604    5621    -0.029048631
 604     602     0.001546508
 604     603    -0.000074626
 604     604     2.071600000
 604     610     0.000457148
 604     611     0.000556941
 604     612     0.000130262
 604     613     0.001163878
 610    5620     0.011355634
 610    5621    -0.000312945
 610     602    -0.001648835
 610     603     0.002495516
 610     604     0.000457148
 610     610     1.965400000
 610     611     0.006072168
 610     612     0.007784415
 610     613    -0.000789130
 611    5620     0.002328465
 611    5621     0.000094123
 611     602    -0.000087695
 611     603    -0.000347866
 611     604     0.000556941
 611     610     0.006072168
 611     611     2.053300001
 611     612    -0.015163188
 611     613    -0.000727918
 612    5620    -0.005300436
 612    5621     0.007410426
 612     602    -0.003074342
 612     603     0.000289830
 612     604     0.000130262
 612     610     0.007784415
 612     611    -0.015163188
 612     612     1.993900000
 612     613     0.000360349
 613    5620    -0.008218449
 613    5621    -0.008001372
 613     602    -0.000591100
 613     603     0.004462332
 613     604     0.001163878
 613     610    -0.000789130
 613     611    -0.000727918
 613     612     0.000360349
 613     613     2.054400000
