5620    5620     2.449599998
5620    5621     0.004724369
5620     602     0.001312445
5620     603     0.006180519
5620     604     0.001916854
5620     610    -0.003905393
5620     611     0.001932720
5620     612     0.002302601
5620     613    -0.009778018
5621    5620     0.004724369
5621    5621     2.301100003
5621     602    -0.003502624
5621     603    -0.022500707
5621     604    -0.026529972
5621     610     0.001129634
5621     611    -0.000646527
5621     612     0.007186093
5621     613    -0.006280505
 602    5620     0.001312445
 602    5621    -0.003502624
 602     602     1.932000002
 602     603     0.013062254
 602     604     0.001522389
 602     610     0.002027556
 602     611     0.000483397
 602     612    -0.002640711
 602     613     0.000221783
 603    5620     0.006180519
 603    5621    -0.022500707
 603     602     0.013062254
 603     603     1.841300000
 603     604    -0.001198485
 603     610    -0.002294702
 603     611    -0.000330600
 603     612    -0.000136979
 603     613    -0.003505984
 604    5620     0.001916854
 604    5621    -0.026529972
 604     602     0.001522389
 604     603    -0.001198485
 604     604     2.033000000
 604     610    -0.000950568
 604     611    -0.000590438
 604     612     0.000069169
 604     613    -0.000812377
 610    5620    -0.003905393
 610    5621     0.001129634
 610     602     0.002027556
 610     603    -0.002294702
 610     604    -0.000950568
 610     610     2.002100000
 610     611    -0.006793671
 610     612     0.003705858
 610     613     0.000697026
 611    5620     0.001932720
 611    5621    -0.000646527
 611     602     0.000483397
 611     603    -0.000330600
 611     604    -0.000590438
 611     610    -0.006793671
 611     611     2.023900001
 611     612    -0.022375068
 611     613    -0.000723006
 612    5620     0.002302601
 612    5621     0.007186093
 612     602    -0.002640711
 612     603    -0.000136979
 612     604     0.000069169
 612     610     0.003705858
 612     611    -0.022375068
 612     612     2.090400000
 612     613    -0.000613761
 613    5620    -0.009778018
 613    5621    -0.006280505
 613     602     0.000221783
 613     603    -0.003505984
 613     604    -0.000812377
 613     610     0.000697026
 613     611    -0.000723006
 613     612    -0.000613761
 613     613     1.997200000
