5620    5620     2.353899998
5620    5621     0.004156373
5620     602     0.001269795
5620     603    -0.005943161
5620     604     0.000990656
5620     610     0.003955433
5620     611     0.001838413
5620     612    -0.004631386
5620     613    -0.004067465
5621    5620     0.004156373
5621    5621     2.419800003
5621     602    -0.004561602
5621     603    -0.011211656
5621     604    -0.025943733
5621     610    -0.001727752
5621     611    -0.000583649
5621     612    -0.006750146
5621     613     0.007700306
 602    5620     0.001269795
 602    5621    -0.004561602
 602     602     1.942500002
 602     603     0.006463731
 602     604     0.001475376
 602     610    -0.002221345
 602     611     0.000482900
 602     612    -0.002696672
 602     613     0.000759835
 603    5620    -0.005943161
 603    5621    -0.011211656
 603     602     0.006463731
 603     603     1.889400000
 603     604    -0.000030336
 603     610    -0.002339026
 603     611     0.000311665
 603     612     0.000391325
 603     613     0.004262886
 604    5620     0.000990656
 604    5621    -0.025943733
 604     602     0.001475376
 604     603    -0.000030336
 604     604     1.989600000
 604     610     0.001246739
 604     611     0.000375354
 604     612     0.000491953
 604     613     0.001002468
 610    5620     0.003955433
 610    5621    -0.001727752
 610     602    -0.002221345
 610     603    -0.002339026
 610     604     0.001246739
 610     610     2.029300000
 610     611    -0.006058035
 610     612     0.003396560
 610     613     0.000400834
 611    5620     0.001838413
 611    5621    -0.000583649
 611     602     0.000482900
 611     603     0.000311665
 611     604     0.000375354
 611     610    -0.006058035
 611     611     2.035300001
 611     612     0.018684186
 611     613    -0.000583652
 612    5620    -0.004631386
 612    5621    -0.006750146
 612     602    -0.002696672
 612     603     0.000391325
 612     604     0.000491953
 612     610     0.003396560
 612     611     0.018684186
 612     612     2.068100000
 612     613    -0.000240975
 613    5620    -0.004067465
 613    5621     0.007700306
 613     602     0.000759835
 613     603     0.004262886
 613     604     0.001002468
 613     610     0.000400834
 613     611    -0.000583652
 613     612    -0.000240975
 613     613     2.032800000
