5620    5620     2.369899998
5620    5621    -0.006137375
5620     602     0.001784745
5620     603     0.005765483
5620     604     0.001974633
5620     610     0.007408621
5620     611     0.002257337
5620     612     0.004810221
5620     613    -0.006313799
5621    5620    -0.006137375
5621    5621     2.401200003
5621     602    -0.003934433
5621     603    -0.018860099
5621     604    -0.032881429
5621     610     0.001560034
5621     611     0.000110142
5621     612    -0.006448846
5621     613     0.007893060
 602    5620     0.001784745
 602    5621    -0.003934433
 602     602     1.971500002
 602     603     0.005472869
 602     604     0.001370639
 602     610    -0.002172857
 602     611     0.000503061
 602     612    -0.002115220
 602     613     0.000057591
 603    5620     0.005765483
 603    5621    -0.018860099
 603     602     0.005472869
 603     603     1.935600000
 603     604     0.000371905
 603     610     0.002478697
 603     611    -0.000356779
 603     612    -0.000268473
 603     613    -0.003614393
 604    5620     0.001974633
 604    5621    -0.032881429
 604     602     0.001370639
 604     603     0.000371905
 604     604     2.043900000
 604     610     0.001593941
 604     611    -0.000369829
 604     612     0.000886771
 604     613    -0.000934254
 610    5620     0.007408621
 610    5621     0.001560034
 610     602    -0.002172857
 610     603     0.002478697
 610     604     0.001593941
 610     610     1.924300000
 610     611     0.006456536
 610     612     0.005467874
 610     613     0.000645437
 611    5620     0.002257337
 611    5621     0.000110142
 611     602     0.000503061
 611     603    -0.000356779
 611     604    -0.000369829
 611     610     0.006456536
 611     611     2.137900001
 611     612     0.014758380
 611     613     0.000671704
 612    5620     0.004810221
 612    5621    -0.006448846
 612     602    -0.002115220
 612     603    -0.000268473
 612     604     0.000886771
 612     610     0.005467874
 612     611     0.014758380
 612     612     2.073700000
 612     613     0.000292003
 613    5620    -0.006313799
 613    5621     0.007893060
 613     602     0.000057591
 613     603    -0.003614393
 613     604    -0.000934254
 613     610     0.000645437
 613     611     0.000671704
 613     612     0.000292003
 613     613     1.984800000
