5620    5620     2.313799998
5620    5621    -0.004701839
5620     602    -0.000183419
5620     603    -0.005878026
5620     604    -0.000372994
5620     610     0.005935852
5620     611    -0.002506579
5620     612     0.010943150
5620     613    -0.006787648
5621    5620    -0.004701839
5621    5621     2.318100003
5621     602     0.003765260
5621     603     0.025610024
5621     604    -0.029015533
5621     610     0.000229189
5621     611    -0.000122539
5621     612    -0.007658355
5621     613     0.008197328
 602    5620    -0.000183419
 602    5621     0.003765260
 602     602     1.922900002
 602     603    -0.007632168
 602     604    -0.001648492
 602     610    -0.001109877
 602     611    -0.000120245
 602     612     0.002819875
 602     613    -0.001066217
 603    5620    -0.005878026
 603    5621     0.025610024
 603     602    -0.007632168
 603     603     1.956200000
 603     604     0.000572583
 603     610    -0.002136125
 603     611    -0.000444837
 603     612     0.000201622
 603     613    -0.003977710
 604    5620    -0.000372994
 604    5621    -0.029015533
 604     602    -0.001648492
 604     603     0.000572583
 604     604     2.062400000
 604     610    -0.000433319
 604     611     0.000495090
 604     612     0.000357486
 604     613     0.000959714
 610    5620     0.005935852
 610    5621     0.000229189
 610     602    -0.001109877
 610     603    -0.002136125
 610     604    -0.000433319
 610     610     2.019100000
 610     611     0.006161693
 610     612    -0.005860672
 610     613    -0.000644742
 611    5620    -0.002506579
 611    5621    -0.000122539
 611     602    -0.000120245
 611     603    -0.000444837
 611     604     0.000495090
 611     610     0.006161693
 611     611     1.996100001
 611     612    -0.016567075
 611     613    -0.000838454
 612    5620     0.010943150
 612    5621    -0.007658355
 612     602     0.002819875
 612     603     0.000201622
 612     604     0.000357486
 612     610    -0.005860672
 612     611    -0.016567075
 612     612     2.020400000
 612     613     0.000256630
 613    5620    -0.006787648
 613    5621     0.008197328
 613     602    -0.001066217
 613     603    -0.003977710
 613     604     0.000959714
 613     610    -0.000644742
 613     611    -0.000838454
 613     612     0.000256630
 613     613     1.993100000
