5620    5620     2.274799998
5620    5621    -0.006295304
5620     602    -0.001632969
5620     603     0.005869069
5620     604    -0.001887922
5620     610    -0.005431387
5620     611     0.003621825
5620     612    -0.006229131
5620     613    -0.009534313
5621    5620    -0.006295304
5621    5621     2.287700003
5621     602    -0.002260204
5621     603    -0.023024948
5621     604     0.033487335
5621     610    -0.001644347
5621     611    -0.000685419
5621     612     0.007458997
5621     613    -0.007631694
 602    5620    -0.001632969
 602    5621    -0.002260204
 602     602     2.024700002
 602     603     0.007345500
 602     604    -0.001307443
 602     610    -0.001930827
 602     611    -0.000224332
 602     612    -0.002255302
 602     613    -0.000035627
 603    5620     0.005869069
 603    5621    -0.023024948
 603     602     0.007345500
 603     603     1.935800000
 603     604     0.000404769
 603     610    -0.002235361
 603     611     0.000085771
 603     612     0.000030287
 603     613    -0.003324278
 604    5620    -0.001887922
 604    5621     0.033487335
 604     602    -0.001307443
 604     603     0.000404769
 604     604     2.080600000
 604     610    -0.001237652
 604     611    -0.000411925
 604     612    -0.000532936
 604     613    -0.000838886
 610    5620    -0.005431387
 610    5621    -0.001644347
 610     602    -0.001930827
 610     603    -0.002235361
 610     604    -0.001237652
 610     610     2.007200000
 610     611     0.006287554
 610     612     0.005953844
 610     613    -0.000588333
 611    5620     0.003621825
 611    5621    -0.000685419
 611     602    -0.000224332
 611     603     0.000085771
 611     604    -0.000411925
 611     610     0.006287554
 611     611     2.040500001
 611     612    -0.019142822
 611     613    -0.000393851
 612    5620    -0.006229131
 612    5621     0.007458997
 612     602    -0.002255302
 612     603     0.000030287
 612     604    -0.000532936
 612     610     0.005953844
 612     611    -0.019142822
 612     612     2.027100000
 612     613    -0.000198247
 613    5620    -0.009534313
 613    5621    -0.007631694
 613     602    -0.000035627
 613     603    -0.003324278
 613     604    -0.000838886
 613     610    -0.000588333
 613     611    -0.000393851
 613     612    -0.000198247
 613     613     1.961500000
