5620    5620     2.322199998
5620    5621    -0.004230712
5620     602    -0.000631958
5620     603    -0.005855052
5620     604    -0.002687132
5620     610     0.003435870
5620     611    -0.005453753
5620     612     0.014102987
5620     613    -0.007272767
5621    5620    -0.004230712
5621    5621     2.396300003
5621     602    -0.001317737
5621     603    -0.018846492
5621     604     0.030213141
5621     610     0.002276242
5621     611    -0.000847711
5621     612     0.006697583
5621     613     0.008591692
 602    5620    -0.000631958
 602    5621    -0.001317737
 602     602     1.934900002
 602     603     0.011154166
 602     604    -0.001783384
 602     610    -0.002140704
 602     611     0.000211754
 602     612    -0.003024025
 602     613    -0.001141689
 603    5620    -0.005855052
 603    5621    -0.018846492
 603     602     0.011154166
 603     603     1.889600000
 603     604     0.000525353
 603     610     0.002141539
 603     611     0.000041536
 603     612    -0.000145047
 603     613     0.004081633
 604    5620    -0.002687132
 604    5621     0.030213141
 604     602    -0.001783384
 604     603     0.000525353
 604     604     2.016200000
 604     610     0.001498220
 604     611    -0.000246106
 604     612     0.001157025
 604     613     0.000923999
 610    5620     0.003435870
 610    5621     0.002276242
 610     602    -0.002140704
 610     603     0.002141539
 610     604     0.001498220
 610     610     2.035700000
 610     611     0.006867560
 610     612    -0.006577390
 610     613     0.000463417
 611    5620    -0.005453753
 611    5621    -0.000847711
 611     602     0.000211754
 611     603     0.000041536
 611     604    -0.000246106
 611     610     0.006867560
 611     611     2.054100001
 611     612    -0.020288772
 611     613    -0.000514967
 612    5620     0.014102987
 612    5621     0.006697583
 612     602    -0.003024025
 612     603    -0.000145047
 612     604     0.001157025
 612     610    -0.006577390
 612     611    -0.020288772
 612     612     2.045900000
 612     613    -0.000037050
 613    5620    -0.007272767
 613    5621     0.008591692
 613     602    -0.001141689
 613     603     0.004081633
 613     604     0.000923999
 613     610     0.000463417
 613     611    -0.000514967
 613     612    -0.000037050
 613     613     1.978500000
