5620    5620     2.493599998
5620    5621    -0.005537022
5620     602     0.001529752
5620     603    -0.005864708
5620     604    -0.001269793
5620     610    -0.003476698
5620     611     0.001088995
5620     612     0.011824504
5620     613     0.004566116
5621    5620    -0.005537022
5621    5621     2.309500003
5621     602    -0.000155561
5621     603    -0.015852688
5621     604     0.030694161
5621     610     0.000699277
5621     611     0.000344689
5621     612     0.007534829
5621     613    -0.008079123
 602    5620     0.001529752
 602    5621    -0.000155561
 602     602     1.946300002
 602     603     0.003562077
 602     604     0.001354576
 602     610     0.001763170
 602     611     0.000737146
 602     612     0.002491487
 602     613     0.000339461
 603    5620    -0.005864708
 603    5621    -0.015852688
 603     602     0.003562077
 603     603     1.897800000
 603     604    -0.000345160
 603     610    -0.002381708
 603     611    -0.000683883
 603     612    -0.000214123
 603     613    -0.003602014
 604    5620    -0.001269793
 604    5621     0.030694161
 604     602     0.001354576
 604     603    -0.000345160
 604     604     2.018700000
 604     610     0.001000152
 604     611    -0.000359987
 604     612    -0.001005426
 604     613     0.000880956
 610    5620    -0.003476698
 610    5621     0.000699277
 610     602     0.001763170
 610     603    -0.002381708
 610     604     0.001000152
 610     610     1.985600000
 610     611    -0.006564551
 610     612    -0.010247895
 610     613     0.000609173
 611    5620     0.001088995
 611    5621     0.000344689
 611     602     0.000737146
 611     603    -0.000683883
 611     604    -0.000359987
 611     610    -0.006564551
 611     611     1.976500001
 611     612    -0.016167154
 611     613     0.000836007
 612    5620     0.011824504
 612    5621     0.007534829
 612     602     0.002491487
 612     603    -0.000214123
 612     604    -0.001005426
 612     610    -0.010247895
 612     611    -0.016167154
 612     612     2.019000000
 612     613    -0.000120173
 613    5620     0.004566116
 613    5621    -0.008079123
 613     602     0.000339461
 613     603    -0.003602014
 613     604     0.000880956
 613     610     0.000609173
 613     611     0.000836007
 613     612    -0.000120173
 613     613     2.068400000
