5620    5620     2.353199998
5620    5621     0.004967324
5620     602    -0.000933919
5620     603    -0.005762373
5620     604     0.001621152
5620     610    -0.001570041
5620     611    -0.002498253
5620     612     0.006316786
5620     613     0.007773288
5621    5620     0.004967324
5621    5621     2.089200003
5621     602     0.000030792
5621     603    -0.029597917
5621     604     0.034485319
5621     610     0.003044564
5621     611     0.000212610
5621     612     0.007345279
5621     613    -0.008376668
 602    5620    -0.000933919
 602    5621     0.000030792
 602     602     1.969000002
 602     603    -0.012851657
 602     604     0.001639343
 602     610    -0.002333131
 602     611    -0.000715100
 602     612     0.002845420
 602     613     0.000764849
 603    5620    -0.005762373
 603    5621    -0.029597917
 603     602    -0.012851657
 603     603     1.868400000
 603     604     0.001122291
 603     610    -0.002061863
 603     611     0.000369953
 603     612    -0.000424933
 603     613    -0.003925687
 604    5620     0.001621152
 604    5621     0.034485319
 604     602     0.001639343
 604     603     0.001122291
 604     604     2.114800000
 604     610     0.001531606
 604     611    -0.000362484
 604     612    -0.000680631
 604     613     0.000791335
 610    5620    -0.001570041
 610    5621     0.003044564
 610     602    -0.002333131
 610     603    -0.002061863
 610     604     0.001531606
 610     610     2.017300000
 610     611    -0.006443448
 610     612     0.000259990
 610     613     0.000461429
 611    5620    -0.002498253
 611    5621     0.000212610
 611     602    -0.000715100
 611     603     0.000369953
 611     604    -0.000362484
 611     610    -0.006443448
 611     611     1.963400001
 611     612    -0.020783426
 611     613    -0.000713182
 612    5620     0.006316786
 612    5621     0.007345279
 612     602     0.002845420
 612     603    -0.000424933
 612     604    -0.000680631
 612     610     0.000259990
 612     611    -0.020783426
 612     612     1.981000000
 612     613     0.000855449
 613    5620     0.007773288
 613    5621    -0.008376668
 613     602     0.000764849
 613     603    -0.003925687
 613     604     0.000791335
 613     610     0.000461429
 613     611    -0.000713182
 613     612     0.000855449
 613     613     2.002900000
