5620    5620     2.196099998
5620    5621     0.005348124
5620     602     0.001407650
5620     603     0.006056792
5620     604    -0.000841011
5620     610     0.000776824
5620     611    -0.004610441
5620     612    -0.005070890
5620     613    -0.007836803
5621    5620     0.005348124
5621    5621     2.405100003
5621     602    -0.000546354
5621     603    -0.028597507
5621     604     0.027655649
5621     610    -0.002403748
5621     611    -0.000587475
5621     612    -0.005031478
5621     613    -0.008640593
 602    5620     0.001407650
 602    5621    -0.000546354
 602     602     1.947200002
 602     603    -0.006780878
 602     604    -0.001398126
 602     610     0.001835876
 602     611     0.000112372
 602     612     0.001901449
 602     613     0.000228244
 603    5620     0.006056792
 603    5621    -0.028597507
 603     602    -0.006780878
 603     603     1.923300000
 603     604     0.001067275
 603     610     0.001976929
 603     611    -0.000005846
 603     612    -0.000161942
 603     613    -0.004107369
 604    5620    -0.000841011
 604    5621     0.027655649
 604     602    -0.001398126
 604     603     0.001067275
 604     604     2.056800000
 604     610    -0.001508398
 604     611    -0.000445531
 604     612    -0.000333853
 604     613     0.000991337
 610    5620     0.000776824
 610    5621    -0.002403748
 610     602     0.001835876
 610     603     0.001976929
 610     604    -0.001508398
 610     610     2.022100000
 610     611     0.006291329
 610     612    -0.004279742
 610     613    -0.000529536
 611    5620    -0.004610441
 611    5621    -0.000587475
 611     602     0.000112372
 611     603    -0.000005846
 611     604    -0.000445531
 611     610     0.006291329
 611     611     2.120700001
 611     612     0.018649609
 611     613     0.000432085
 612    5620    -0.005070890
 612    5621    -0.005031478
 612     602     0.001901449
 612     603    -0.000161942
 612     604    -0.000333853
 612     610    -0.004279742
 612     611     0.018649609
 612     612     2.095100000
 612     613     0.000453753
 613    5620    -0.007836803
 613    5621    -0.008640593
 613     602     0.000228244
 613     603    -0.004107369
 613     604     0.000991337
 613     610    -0.000529536
 613     611     0.000432085
 613     612     0.000453753
 613     613     2.027700000
