5620    5620     2.238299998
5620    5621    -0.005998554
5620     602    -0.001261918
5620     603     0.006407973
5620     604    -0.000812440
5620     610    -0.001236619
5620     611    -0.002670192
5620     612     0.002849636
5620     613     0.006751594
5621    5620    -0.005998554
5621    5621     2.312900003
5621     602    -0.000360804
5621     603     0.019150028
5621     604     0.029057768
5621     610     0.002042531
5621     611     0.000704549
5621     612    -0.007543463
5621     613    -0.008531273
 602    5620    -0.001261918
 602    5621    -0.000360804
 602     602     1.935900002
 602     603    -0.004242123
 602     604     0.001456874
 602     610    -0.001666716
 602     611     0.000157602
 602     612     0.002637055
 602     613    -0.000506999
 603    5620     0.006407973
 603    5621     0.019150028
 603     602    -0.004242123
 603     603     1.911400000
 603     604    -0.000311138
 603     610     0.001741525
 603     611     0.000080802
 603     612     0.000244581
 603     613    -0.003807404
 604    5620    -0.000812440
 604    5621     0.029057768
 604     602     0.001456874
 604     603    -0.000311138
 604     604     2.056900000
 604     610    -0.001459712
 604     611     0.000364379
 604     612     0.000827452
 604     613     0.000918709
 610    5620    -0.001236619
 610    5621     0.002042531
 610     602    -0.001666716
 610     603     0.001741525
 610     604    -0.001459712
 610     610     2.049400000
 610     611     0.004903150
 610     612    -0.002393972
 610     613     0.000420247
 611    5620    -0.002670192
 611    5621     0.000704549
 611     602     0.000157602
 611     603     0.000080802
 611     604     0.000364379
 611     610     0.004903150
 611     611     2.034100001
 611     612    -0.017610336
 611     613     0.000365548
 612    5620     0.002849636
 612    5621    -0.007543463
 612     602     0.002637055
 612     603     0.000244581
 612     604     0.000827452
 612     610    -0.002393972
 612     611    -0.017610336
 612     612     2.019800000
 612     613    -0.000212775
 613    5620     0.006751594
 613    5621    -0.008531273
 613     602    -0.000506999
 613     603    -0.003807404
 613     604     0.000918709
 613     610     0.000420247
 613     611     0.000365548
 613     612    -0.000212775
 613     613     2.012200000
