5620    5620     2.522099998
5620    5621     0.002950992
5620     602    -0.001553496
5620     603    -0.006528456
5620     604    -0.000231827
5620     610    -0.000428100
5620     611    -0.000608775
5620     612     0.003920901
5620     613    -0.004671088
5621    5620     0.002950992
5621    5621     2.343500003
5621     602    -0.000196188
5621     603     0.022313499
5621     604     0.031605789
5621     610     0.002525133
5621     611     0.000339166
5621     612    -0.005687814
5621     613    -0.008915329
 602    5620    -0.001553496
 602    5621    -0.000196188
 602     602     1.970000002
 602     603    -0.009134582
 602     604    -0.001650137
 602     610    -0.002338417
 602     611     0.000987605
 602     612     0.002467986
 602     613    -0.000436505
 603    5620    -0.006528456
 603    5621     0.022313499
 603     602    -0.009134582
 603     603     1.868800000
 603     604     0.000508480
 603     610    -0.002331502
 603     611    -0.000567155
 603     612    -0.000254477
 603     613     0.004384565
 604    5620    -0.000231827
 604    5621     0.031605789
 604     602    -0.001650137
 604     603     0.000508480
 604     604     2.022800000
 604     610    -0.001545227
 604     611    -0.000660430
 604     612    -0.000177984
 604     613     0.001255129
 610    5620    -0.000428100
 610    5621     0.002525133
 610     602    -0.002338417
 610     603    -0.002331502
 610     604    -0.001545227
 610     610     2.013200000
 610     611     0.005880659
 610     612     0.005478166
 610     613     0.000375552
 611    5620    -0.000608775
 611    5621     0.000339166
 611     602     0.000987605
 611     603    -0.000567155
 611     604    -0.000660430
 611     610     0.005880659
 611     611     2.011300001
 611     612    -0.016224180
 611     613    -0.000825388
 612    5620     0.003920901
 612    5621    -0.005687814
 612     602     0.002467986
 612     603    -0.000254477
 612     604    -0.000177984
 612     610     0.005478166
 612     611    -0.016224180
 612     612     2.097300000
 612     613    -0.000223337
 613    5620    -0.004671088
 613    5621    -0.008915329
 613     602    -0.000436505
 613     603     0.004384565
 613     604     0.001255129
 613     610     0.000375552
 613     611    -0.000825388
 613     612    -0.000223337
 613     613     1.998300000
