5620    5620     2.326699998
5620    5621    -0.003478245
5620     602     0.000531698
5620     603    -0.005917320
5620     604    -0.000403197
5620     610     0.002269224
5620     611     0.002375775
5620     612     0.001204433
5620     613    -0.007165315
5621    5620    -0.003478245
5621    5621     2.412600003
5621     602     0.004122452
5621     603     0.018113610
5621     604    -0.030424467
5621     610    -0.002572893
5621     611     0.000119330
5621     612    -0.006383200
5621     613    -0.007999698
 602    5620     0.000531698
 602    5621     0.004122452
 602     602     1.935800002
 602     603     0.009010249
 602     604    -0.001744205
 602     610    -0.001498697
 602     611    -0.000435864
 602     612    -0.002497293
 602     613     0.001445418
 603    5620    -0.005917320
 603    5621     0.018113610
 603     602     0.009010249
 603     603     1.948800000
 603     604     0.000115518
 603     610     0.002273950
 603     611     0.000303900
 603     612     0.000235936
 603     613     0.003474085
 604    5620    -0.000403197
 604    5621    -0.030424467
 604     602    -0.001744205
 604     603     0.000115518
 604     604     2.032400000
 604     610     0.001660140
 604     611    -0.000491657
 604     612     0.000413429
 604     613     0.000867482
 610    5620     0.002269224
 610    5621    -0.002572893
 610     602    -0.001498697
 610     603     0.002273950
 610     604     0.001660140
 610     610     2.003800000
 610     611    -0.007606338
 610     612     0.005975049
 610     613    -0.000644622
 611    5620     0.002375775
 611    5621     0.000119330
 611     602    -0.000435864
 611     603     0.000303900
 611     604    -0.000491657
 611     610    -0.007606338
 611     611     2.079000001
 611     612    -0.015318873
 611     613     0.000731749
 612    5620     0.001204433
 612    5621    -0.006383200
 612     602    -0.002497293
 612     603     0.000235936
 612     604     0.000413429
 612     610     0.005975049
 612     611    -0.015318873
 612     612     2.104800000
 612     613    -0.000278177
 613    5620    -0.007165315
 613    5621    -0.007999698
 613     602     0.001445418
 613     603     0.003474085
 613     604     0.000867482
 613     610    -0.000644622
 613     611     0.000731749
 613     612    -0.000278177
 613     613     1.961800000
