5620    5620     2.305499998
5620    5621     0.005553918
5620     602    -0.001314619
5620     603    -0.006174651
5620     604    -0.003281703
5620     610    -0.003450803
5620     611    -0.002123807
5620     612    -0.012820311
5620     613    -0.006712395
5621    5620     0.005553918
5621    5621     2.359900003
5621     602    -0.004308735
5621     603    -0.018191029
5621     604     0.034194885
5621     610     0.002062321
5621     611    -0.000317653
5621     612    -0.006573040
5621     613    -0.008286120
 602    5620    -0.001314619
 602    5621    -0.004308735
 602     602     1.944100002
 602     603     0.010131676
 602     604     0.001762986
 602     610    -0.001925237
 602     611    -0.000547037
 602     612    -0.002428992
 602     613    -0.000385922
 603    5620    -0.006174651
 603    5621    -0.018191029
 603     602     0.010131676
 603     603     1.976700000
 603     604     0.000475405
 603     610     0.002281826
 603     611    -0.000243451
 603     612     0.000001716
 603     613     0.003592733
 604    5620    -0.003281703
 604    5621     0.034194885
 604     602     0.001762986
 604     603     0.000475405
 604     604     2.026400000
 604     610     0.000711230
 604     611     0.000939859
 604     612     0.001143785
 604     613    -0.001411886
 610    5620    -0.003450803
 610    5621     0.002062321
 610     602    -0.001925237
 610     603     0.002281826
 610     604     0.000711230
 610     610     2.030700000
 610     611    -0.006099471
 610     612    -0.006282580
 610     613    -0.000570369
 611    5620    -0.002123807
 611    5621    -0.000317653
 611     602    -0.000547037
 611     603    -0.000243451
 611     604     0.000939859
 611     610    -0.006099471
 611     611     2.020900001
 611     612    -0.018000706
 611     613    -0.000614946
 612    5620    -0.012820311
 612    5621    -0.006573040
 612     602    -0.002428992
 612     603     0.000001716
 612     604     0.001143785
 612     610    -0.006282580
 612     611    -0.018000706
 612     612     2.042300000
 612     613    -0.000177369
 613    5620    -0.006712395
 613    5621    -0.008286120
 613     602    -0.000385922
 613     603     0.003592733
 613     604    -0.001411886
 613     610    -0.000570369
 613     611    -0.000614946
 613     612    -0.000177369
 613     613     2.021700000
