5620    5620     2.450799998
5620    5621    -0.003417511
5620     602     0.001542284
5620     603    -0.006253170
5620     604    -0.001256076
5620     610    -0.008513166
5620     611     0.002758969
5620     612     0.013323907
5620     613    -0.006456718
5621    5620    -0.003417511
5621    5621     2.432500003
5621     602    -0.004637904
5621     603     0.015631897
5621     604     0.031353108
5621     610    -0.000537392
5621     611    -0.000658254
5621     612    -0.007098630
5621     613     0.008110304
 602    5620     0.001542284
 602    5621    -0.004637904
 602     602     1.917400002
 602     603    -0.006913162
 602     604    -0.001578489
 602     610     0.001485726
 602     611    -0.000623448
 602     612     0.002651310
 602     613    -0.000400838
 603    5620    -0.006253170
 603    5621     0.015631897
 603     602    -0.006913162
 603     603     1.958500000
 603     604    -0.000275484
 603     610     0.002088346
 603     611     0.000255991
 603     612     0.000020389
 603     613    -0.004236228
 604    5620    -0.001256076
 604    5621     0.031353108
 604     602    -0.001578489
 604     603    -0.000275484
 604     604     2.016900000
 604     610     0.000136415
 604     611    -0.000660803
 604     612     0.000133212
 604     613     0.001407127
 610    5620    -0.008513166
 610    5621    -0.000537392
 610     602     0.001485726
 610     603     0.002088346
 610     604     0.000136415
 610     610     2.024600000
 610     611     0.005357180
 610     612     0.007220153
 610     613     0.000661203
 611    5620     0.002758969
 611    5621    -0.000658254
 611     602    -0.000623448
 611     603     0.000255991
 611     604    -0.000660803
 611     610     0.005357180
 611     611     2.049700001
 611     612     0.016764640
 611     613    -0.000489450
 612    5620     0.013323907
 612    5621    -0.007098630
 612     602     0.002651310
 612     603     0.000020389
 612     604     0.000133212
 612     610     0.007220153
 612     611     0.016764640
 612     612     2.120900000
 612     613     0.000039342
 613    5620    -0.006456718
 613    5621     0.008110304
 613     602    -0.000400838
 613     603    -0.004236228
 613     604     0.001407127
 613     610     0.000661203
 613     611    -0.000489450
 613     612     0.000039342
 613     613     1.948100000
