5620    5620     2.248299998
5620    5621     0.004226303
5620     602    -0.001027360
5620     603    -0.005968526
5620     604    -0.001324892
5620     610     0.003057605
5620     611     0.003256229
5620     612    -0.016991079
5620     613     0.010053415
5621    5620     0.004226303
5621    5621     2.410800003
5621     602     0.005775421
5621     603     0.020573803
5621     604    -0.028683561
5621     610    -0.001900040
5621     611     0.000529932
5621     612     0.006921320
5621     613     0.005726403
 602    5620    -0.001027360
 602    5621     0.005775421
 602     602     1.915800002
 602     603    -0.009135401
 602     604     0.001950722
 602     610     0.002108967
 602     611    -0.000438187
 602     612    -0.003164155
 602     613     0.000425662
 603    5620    -0.005968526
 603    5621     0.020573803
 603     602    -0.009135401
 603     603     1.884700000
 603     604    -0.000688147
 603     610    -0.001764437
 603     611     0.000289701
 603     612    -0.000167859
 603     613     0.003140018
 604    5620    -0.001324892
 604    5621    -0.028683561
 604     602     0.001950722
 604     603    -0.000688147
 604     604     2.066500000
 604     610     0.000904718
 604     611    -0.000785679
 604     612    -0.000432648
 604     613     0.001115530
 610    5620     0.003057605
 610    5621    -0.001900040
 610     602     0.002108967
 610     603    -0.001764437
 610     604     0.000904718
 610     610     2.014200000
 610     611    -0.006210816
 610     612     0.005354589
 610     613     0.000501745
 611    5620     0.003256229
 611    5621     0.000529932
 611     602    -0.000438187
 611     603     0.000289701
 611     604    -0.000785679
 611     610    -0.006210816
 611     611     2.104500001
 611     612     0.020483490
 611     613    -0.000683569
 612    5620    -0.016991079
 612    5621     0.006921320
 612     602    -0.003164155
 612     603    -0.000167859
 612     604    -0.000432648
 612     610     0.005354589
 612     611     0.020483490
 612     612     1.987200000
 612     613     0.000091627
 613    5620     0.010053415
 613    5621     0.005726403
 613     602     0.000425662
 613     603     0.003140018
 613     604     0.001115530
 613     610     0.000501745
 613     611    -0.000683569
 613     612     0.000091627
 613     613     2.099400000
