5620    5620     2.303499998
5620    5621     0.003729650
5620     602    -0.001253229
5620     603     0.007092248
5620     604     0.001093956
5620     610    -0.004045105
5620     611    -0.002690612
5620     612     0.007646632
5620     613     0.005328895
5621    5620     0.003729650
5621    5621     2.425600003
5621     602    -0.002592393
5621     603    -0.021731874
5621     604     0.033021221
5621     610    -0.001977026
5621     611     0.000633343
5621     612     0.006850593
5621     613     0.007622358
 602    5620    -0.001253229
 602    5621    -0.002592393
 602     602     1.975500002
 602     603     0.007940023
 602     604     0.001960641
 602     610     0.002017457
 602     611     0.000093706
 602     612     0.002964093
 602     613     0.000698341
 603    5620     0.007092248
 603    5621    -0.021731874
 603     602     0.007940023
 603     603     1.877700000
 603     604    -0.000396710
 603     610     0.002448092
 603     611    -0.000090842
 603     612     0.000004798
 603     613     0.004785851
 604    5620     0.001093956
 604    5621     0.033021221
 604     602     0.001960641
 604     603    -0.000396710
 604     604     1.987000000
 604     610     0.000791530
 604     611    -0.000905306
 604     612     0.000827751
 604     613     0.001546274
 610    5620    -0.004045105
 610    5621    -0.001977026
 610     602     0.002017457
 610     603     0.002448092
 610     604     0.000791530
 610     610     1.987400000
 610     611     0.006567748
 610     612     0.006221048
 610     613    -0.000418210
 611    5620    -0.002690612
 611    5621     0.000633343
 611     602     0.000093706
 611     603    -0.000090842
 611     604    -0.000905306
 611     610     0.006567748
 611     611     1.947000001
 611     612    -0.017622207
 611     613     0.000486648
 612    5620     0.007646632
 612    5621     0.006850593
 612     602     0.002964093
 612     603     0.000004798
 612     604     0.000827751
 612     610     0.006221048
 612     611    -0.017622207
 612     612     2.008300000
 612     613    -0.000023541
 613    5620     0.005328895
 613    5621     0.007622358
 613     602     0.000698341
 613     603     0.004785851
 613     604     0.001546274
 613     610    -0.000418210
 613     611     0.000486648
 613     612    -0.000023541
 613     613     1.926700000
