5620    5620     2.281999998
5620    5621    -0.004762409
5620     602     0.000181204
5620     603    -0.005847849
5620     604     0.000704631
5620     610     0.010567986
5620     611     0.004477922
5620     612     0.019188992
5620     613     0.004769325
5621    5620    -0.004762409
5621    5621     2.302600003
5621     602    -0.007140856
5621     603    -0.020933446
5621     604    -0.032028076
5621     610    -0.002350350
5621     611    -0.000385000
5621     612     0.006776636
5621     613    -0.009674358
 602    5620     0.000181204
 602    5621    -0.007140856
 602     602     1.962200002
 602     603    -0.007942105
 602     604     0.001782136
 602     610    -0.001549734
 602     611    -0.000236350
 602     612     0.002890490
 602     613     0.001512511
 603    5620    -0.005847849
 603    5621    -0.020933446
 603     602    -0.007942105
 603     603     1.886700000
 603     604    -0.000033434
 603     610    -0.002330369
 603     611    -0.000425771
 603     612    -0.000331761
 603     613     0.004008866
 604    5620     0.000704631
 604    5621    -0.032028076
 604     602     0.001782136
 604     603    -0.000033434
 604     604     1.963100000
 604     610     0.002033335
 604     611     0.000306763
 604     612    -0.001320170
 604     613    -0.000947132
 610    5620     0.010567986
 610    5621    -0.002350350
 610     602    -0.001549734
 610     603    -0.002330369
 610     604     0.002033335
 610     610     1.990900000
 610     611    -0.006885317
 610     612    -0.007151859
 610     613    -0.000488689
 611    5620     0.004477922
 611    5621    -0.000385000
 611     602    -0.000236350
 611     603    -0.000425771
 611     604     0.000306763
 611     610    -0.006885317
 611     611     2.004200001
 611     612     0.018465393
 611     613    -0.000775011
 612    5620     0.019188992
 612    5621     0.006776636
 612     602     0.002890490
 612     603    -0.000331761
 612     604    -0.001320170
 612     610    -0.007151859
 612     611     0.018465393
 612     612     1.991000000
 612     613     0.000152741
 613    5620     0.004769325
 613    5621    -0.009674358
 613     602     0.001512511
 613     603     0.004008866
 613     604    -0.000947132
 613     610    -0.000488689
 613     611    -0.000775011
 613     612     0.000152741
 613     613     2.067300000
