5620    5620     2.369999998
5620    5621     0.006037669
5620     602    -0.001382420
5620     603    -0.006274208
5620     604    -0.003515171
5620     610    -0.006263099
5620     611    -0.000614830
5620     612    -0.002078424
5620     613     0.007495484
5621    5620     0.006037669
5621    5621     2.196500003
5621     602     0.006108476
5621     603     0.033464514
5621     604     0.033161880
5621     610     0.000285401
5621     611    -0.000042726
5621     612    -0.007679993
5621     613    -0.008651601
 602    5620    -0.001382420
 602    5621     0.006108476
 602     602     2.006700002
 602     603     0.011510323
 602     604    -0.001471603
 602     610     0.001674881
 602     611    -0.000164014
 602     612    -0.002580249
 602     613     0.000435769
 603    5620    -0.006274208
 603    5621     0.033464514
 603     602     0.011510323
 603     603     1.919900000
 603     604    -0.000626563
 603     610     0.002243536
 603     611    -0.000420786
 603     612    -0.000008605
 603     613     0.003775047
 604    5620    -0.003515171
 604    5621     0.033161880
 604     602    -0.001471603
 604     603    -0.000626563
 604     604     2.082800000
 604     610    -0.000095928
 604     611    -0.000845511
 604     612     0.001152320
 604     613     0.001169244
 610    5620    -0.006263099
 610    5621     0.000285401
 610     602     0.001674881
 610     603     0.002243536
 610     604    -0.000095928
 610     610     1.920000000
 610     611    -0.006434353
 610     612     0.008253804
 610     613    -0.000688370
 611    5620    -0.000614830
 611    5621    -0.000042726
 611     602    -0.000164014
 611     603    -0.000420786
 611     604    -0.000845511
 611     610    -0.006434353
 611     611     1.972100001
 611     612     0.017155489
 611     613    -0.000752168
 612    5620    -0.002078424
 612    5621    -0.007679993
 612     602    -0.002580249
 612     603    -0.000008605
 612     604     0.001152320
 612     610     0.008253804
 612     611     0.017155489
 612     612     2.063900000
 612     613    -0.000234807
 613    5620     0.007495484
 613    5621    -0.008651601
 613     602     0.000435769
 613     603     0.003775047
 613     604     0.001169244
 613     610    -0.000688370
 613     611    -0.000752168
 613     612    -0.000234807
 613     613     2.023800000
