5620    5620     2.427399998
5620    5621     0.005491900
5620     602     0.000979018
5620     603     0.006085540
5620     604    -0.000063422
5620     610     0.001701997
5620     611    -0.000031659
5620     612    -0.006129663
5620     613     0.006887585
5621    5620     0.005491900
5621    5621     2.319500003
5621     602     0.000680149
5621     603     0.024144861
5621     604     0.032420479
5621     610     0.003507793
5621     611     0.000380080
5621     612     0.006207463
5621     613     0.007734266
 602    5620     0.000979018
 602    5621     0.000680149
 602     602     2.000100002
 602     603    -0.006722255
 602     604     0.001557523
 602     610    -0.002070040
 602     611    -0.000263067
 602     612    -0.002464568
 602     613     0.000532688
 603    5620     0.006085540
 603    5621     0.024144861
 603     602    -0.006722255
 603     603     1.944000000
 603     604    -0.000548293
 603     610     0.002187257
 603     611     0.000519843
 603     612     0.000008893
 603     613     0.003694433
 604    5620    -0.000063422
 604    5621     0.032420479
 604     602     0.001557523
 604     603    -0.000548293
 604     604     2.057800000
 604     610     0.001951946
 604     611    -0.000511772
 604     612     0.000430516
 604     613     0.000969930
 610    5620     0.001701997
 610    5621     0.003507793
 610     602    -0.002070040
 610     603     0.002187257
 610     604     0.001951946
 610     610     2.027900000
 610     611     0.006117239
 610     612     0.007035400
 610     613    -0.000483332
 611    5620    -0.000031659
 611    5621     0.000380080
 611     602    -0.000263067
 611     603     0.000519843
 611     604    -0.000511772
 611     610     0.006117239
 611     611     2.047400001
 611     612     0.012925280
 611     613    -0.000716623
 612    5620    -0.006129663
 612    5621     0.006207463
 612     602    -0.002464568
 612     603     0.000008893
 612     604     0.000430516
 612     610     0.007035400
 612     611     0.012925280
 612     612     2.046000000
 612     613     0.000078977
 613    5620     0.006887585
 613    5621     0.007734266
 613     602     0.000532688
 613     603     0.003694433
 613     604     0.000969930
 613     610    -0.000483332
 613     611    -0.000716623
 613     612     0.000078977
 613     613     1.968300000
