5620    5620     2.457099998
5620    5621    -0.004103473
5620     602     0.001451214
5620     603     0.004804332
5620     604    -0.000086384
5620     610    -0.003109171
5620     611     0.000898268
5620     612     0.002556572
5620     613     0.007306495
5621    5620    -0.004103473
5621    5621     2.408400003
5621     602     0.003394003
5621     603    -0.023364826
5621     604     0.026494704
5621     610    -0.002491872
5621     611     0.000199735
5621     612    -0.006349083
5621     613     0.007523427
 602    5620     0.001451214
 602    5621     0.003394003
 602     602     1.977200002
 602     603     0.010166983
 602     604    -0.001454963
 602     610    -0.001851228
 602     611    -0.000279808
 602     612     0.002353502
 602     613    -0.000191890
 603    5620     0.004804332
 603    5621    -0.023364826
 603     602     0.010166983
 603     603     1.951000000
 603     604    -0.000714789
 603     610     0.001940079
 603     611    -0.000572741
 603     612     0.000004112
 603     613     0.003174904
 604    5620    -0.000086384
 604    5621     0.026494704
 604     602    -0.001454963
 604     603    -0.000714789
 604     604     2.024100000
 604     610     0.001079796
 604     611     0.000610160
 604     612    -0.000179241
 604     613     0.000862945
 610    5620    -0.003109171
 610    5621    -0.002491872
 610     602    -0.001851228
 610     603     0.001940079
 610     604     0.001079796
 610     610     2.039800000
 610     611     0.007761484
 610     612    -0.003327184
 610     613    -0.000666001
 611    5620     0.000898268
 611    5621     0.000199735
 611     602    -0.000279808
 611     603    -0.000572741
 611     604     0.000610160
 611     610     0.007761484
 611     611     2.033200001
 611     612     0.018293764
 611     613    -0.000889631
 612    5620     0.002556572
 612    5621    -0.006349083
 612     602     0.002353502
 612     603     0.000004112
 612     604    -0.000179241
 612     610    -0.003327184
 612     611     0.018293764
 612     612     2.030700000
 612     613     0.000228304
 613    5620     0.007306495
 613    5621     0.007523427
 613     602    -0.000191890
 613     603     0.003174904
 613     604     0.000862945
 613     610    -0.000666001
 613     611    -0.000889631
 613     612     0.000228304
 613     613     2.110300000
