5620    5620     2.357599998
5620    5621    -0.004770232
5620     602    -0.000389037
5620     603     0.005352191
5620     604    -0.000712459
5620     610     0.008909496
5620     611    -0.000046758
5620     612    -0.001310618
5620     613    -0.006588060
5621    5620    -0.004770232
5621    5621     2.556700003
5621     602     0.002496313
5621     603     0.024395025
5621     604     0.029254502
5621     610    -0.001819711
5621     611     0.000190931
5621     612    -0.005891424
5621     613     0.006667228
 602    5620    -0.000389037
 602    5621     0.002496313
 602     602     1.944600002
 602     603     0.010300763
 602     604     0.001654002
 602     610     0.001834973
 602     611     0.000035593
 602     612    -0.002508262
 602     613    -0.000842009
 603    5620     0.005352191
 603    5621     0.024395025
 603     602     0.010300763
 603     603     1.905800000
 603     604    -0.001211769
 603     610    -0.002085453
 603     611    -0.000483848
 603     612    -0.000054865
 603     613    -0.003638236
 604    5620    -0.000712459
 604    5621     0.029254502
 604     602     0.001654002
 604     603    -0.001211769
 604     604     2.021600000
 604     610    -0.001649557
 604     611     0.000631924
 604     612    -0.000159643
 604     613     0.001021350
 610    5620     0.008909496
 610    5621    -0.001819711
 610     602     0.001834973
 610     603    -0.002085453
 610     604    -0.001649557
 610     610     2.050400000
 610     611    -0.006918569
 610     612    -0.005776689
 610     613    -0.000521797
 611    5620    -0.000046758
 611    5621     0.000190931
 611     602     0.000035593
 611     603    -0.000483848
 611     604     0.000631924
 611     610    -0.006918569
 611     611     1.961800001
 611     612     0.012886652
 611     613    -0.000984848
 612    5620    -0.001310618
 612    5621    -0.005891424
 612     602    -0.002508262
 612     603    -0.000054865
 612     604    -0.000159643
 612     610    -0.005776689
 612     611     0.012886652
 612     612     2.060200000
 612     613    -0.000347972
 613    5620    -0.006588060
 613    5621     0.006667228
 613     602    -0.000842009
 613     603    -0.003638236
 613     604     0.001021350
 613     610    -0.000521797
 613     611    -0.000984848
 613     612    -0.000347972
 613     613     2.004800000
