5620    5620     2.388499998
5620    5621    -0.003740568
5620     602    -0.001510865
5620     603    -0.004799394
5620     604     0.001931685
5620     610     0.003707202
5620     611     0.000372998
5620     612     0.005571255
5620     613     0.006330605
5621    5620    -0.003740568
5621    5621     2.259700003
5621     602     0.002817852
5621     603    -0.020811788
5621     604    -0.034382852
5621     610    -0.001713982
5621     611    -0.000169678
5621     612     0.005702939
5621     613    -0.006533227
 602    5620    -0.001510865
 602    5621     0.002817852
 602     602     1.955900002
 602     603     0.007719508
 602     604     0.001683700
 602     610    -0.002027040
 602     611    -0.000479884
 602     612    -0.001994183
 602     613    -0.000071983
 603    5620    -0.004799394
 603    5621    -0.020811788
 603     602     0.007719508
 603     603     1.952800000
 603     604     0.001081231
 603     610     0.001812979
 603     611    -0.000355736
 603     612     0.000015671
 603     613     0.003104786
 604    5620     0.001931685
 604    5621    -0.034382852
 604     602     0.001683700
 604     603     0.001081231
 604     604     1.994300000
 604     610     0.001229487
 604     611    -0.000872235
 604     612    -0.000197645
 604     613    -0.001244835
 610    5620     0.003707202
 610    5621    -0.001713982
 610     602    -0.002027040
 610     603     0.001812979
 610     604     0.001229487
 610     610     2.054800000
 610     611    -0.006278358
 610     612    -0.004606282
 610     613     0.000528462
 611    5620     0.000372998
 611    5621    -0.000169678
 611     602    -0.000479884
 611     603    -0.000355736
 611     604    -0.000872235
 611     610    -0.006278358
 611     611     2.046100001
 611     612    -0.012966199
 611     613     0.000782846
 612    5620     0.005571255
 612    5621     0.005702939
 612     602    -0.001994183
 612     603     0.000015671
 612     604    -0.000197645
 612     610    -0.004606282
 612     611    -0.012966199
 612     612     2.032800000
 612     613    -0.000272956
 613    5620     0.006330605
 613    5621    -0.006533227
 613     602    -0.000071983
 613     603     0.003104786
 613     604    -0.001244835
 613     610     0.000528462
 613     611     0.000782846
 613     612    -0.000272956
 613     613     1.998300000
