5620    5620     2.455699998
5620    5621    -0.004482788
5620     602    -0.001518250
5620     603     0.005792665
5620     604     0.002186541
5620     610    -0.003527652
5620     611     0.001998542
5620     612     0.004657503
5620     613     0.006118506
5621    5620    -0.004482788
5621    5621     2.455200003
5621     602    -0.000231422
5621     603     0.022989946
5621     604    -0.030490632
5621     610     0.001069018
5621     611     0.000679360
5621     612     0.006289942
5621     613     0.010259829
 602    5620    -0.001518250
 602    5621    -0.000231422
 602     602     1.977300002
 602     603     0.008467426
 602     604     0.001459546
 602     610     0.001606259
 602     611     0.000610050
 602     612    -0.002405189
 602     613    -0.000573757
 603    5620     0.005792665
 603    5621     0.022989946
 603     602     0.008467426
 603     603     1.954300000
 603     604    -0.000057867
 603     610    -0.001881795
 603     611    -0.000566497
 603     612    -0.000016791
 603     613     0.004094649
 604    5620     0.002186541
 604    5621    -0.030490632
 604     602     0.001459546
 604     603    -0.000057867
 604     604     2.155600000
 604     610     0.000469309
 604     611     0.000952208
 604     612    -0.000360780
 604     613    -0.001397013
 610    5620    -0.003527652
 610    5621     0.001069018
 610     602     0.001606259
 610     603    -0.001881795
 610     604     0.000469309
 610     610     2.040800000
 610     611    -0.006488988
 610     612     0.006261502
 610     613     0.000535309
 611    5620     0.001998542
 611    5621     0.000679360
 611     602     0.000610050
 611     603    -0.000566497
 611     604     0.000952208
 611     610    -0.006488988
 611     611     2.027900001
 611     612     0.020634726
 611     613    -0.001043661
 612    5620     0.004657503
 612    5621     0.006289942
 612     602    -0.002405189
 612     603    -0.000016791
 612     604    -0.000360780
 612     610     0.006261502
 612     611     0.020634726
 612     612     2.043600000
 612     613    -0.000103946
 613    5620     0.006118506
 613    5621     0.010259829
 613     602    -0.000573757
 613     603     0.004094649
 613     604    -0.001397013
 613     610     0.000535309
 613     611    -0.001043661
 613     612    -0.000103946
 613     613     1.947600000
