5620    5620     2.565699998
5620    5621    -0.003981821
5620     602     0.000161423
5620     603     0.005603800
5620     604    -0.001096762
5620     610    -0.005490955
5620     611    -0.003210723
5620     612    -0.013644266
5620     613    -0.009394250
5621    5620    -0.003981821
5621    5621     2.254200003
5621     602     0.004022974
5621     603    -0.029939294
5621     604    -0.031026659
5621     610    -0.001248600
5621     611    -0.000057733
5621     612    -0.006953850
5621     613     0.007904877
 602    5620     0.000161423
 602    5621     0.004022974
 602     602     2.040000002
 602     603    -0.007332524
 602     604     0.001227430
 602     610    -0.001066481
 602     611     0.000198898
 602     612    -0.002090694
 602     613    -0.000826099
 603    5620     0.005603800
 603    5621    -0.029939294
 603     602    -0.007332524
 603     603     1.881300000
 603     604     0.000876510
 603     610     0.001989475
 603     611    -0.000333956
 603     612     0.000002407
 603     613    -0.004324194
 604    5620    -0.001096762
 604    5621    -0.031026659
 604     602     0.001227430
 604     603     0.000876510
 604     604     2.093500000
 604     610     0.000581073
 604     611     0.000564873
 604     612    -0.000072352
 604     613    -0.000968270
 610    5620    -0.005490955
 610    5621    -0.001248600
 610     602    -0.001066481
 610     603     0.001989475
 610     604     0.000581073
 610     610     2.094600000
 610     611     0.005773746
 610     612    -0.005447295
 610     613     0.000739891
 611    5620    -0.003210723
 611    5621    -0.000057733
 611     602     0.000198898
 611     603    -0.000333956
 611     604     0.000564873
 611     610     0.005773746
 611     611     2.040300001
 611     612    -0.016163281
 611     613     0.000718676
 612    5620    -0.013644266
 612    5621    -0.006953850
 612     602    -0.002090694
 612     603     0.000002407
 612     604    -0.000072352
 612     610    -0.005447295
 612     611    -0.016163281
 612     612     2.074100000
 612     613    -0.000291666
 613    5620    -0.009394250
 613    5621     0.007904877
 613     602    -0.000826099
 613     603    -0.004324194
 613     604    -0.000968270
 613     610     0.000739891
 613     611     0.000718676
 613     612    -0.000291666
 613     613     1.966800000
