5620    5620     2.208499998
5620    5621    -0.004099519
5620     602     0.000392167
5620     603     0.005950903
5620     604     0.002690877
5620     610     0.004742653
5620     611    -0.002817141
5620     612     0.007276791
5620     613    -0.007881759
5621    5620    -0.004099519
5621    5621     2.361100003
5621     602     0.003448284
5621     603     0.028703431
5621     604    -0.025013939
5621     610    -0.002612261
5621     611     0.000246434
5621     612     0.006864718
5621     613    -0.008559022
 602    5620     0.000392167
 602    5621     0.003448284
 602     602     1.963900002
 602     603    -0.009977250
 602     604    -0.001428903
 602     610    -0.001552739
 602     611    -0.000305761
 602     612    -0.002658688
 602     613     0.001388509
 603    5620     0.005950903
 603    5621     0.028703431
 603     602    -0.009977250
 603     603     1.832700000
 603     604     0.001506485
 603     610    -0.002275269
 603     611     0.000293060
 603     612     0.000101457
 603     613    -0.004042998
 604    5620     0.002690877
 604    5621    -0.025013939
 604     602    -0.001428903
 604     603     0.001506485
 604     604     2.093200000
 604     610     0.001181900
 604     611    -0.000690357
 604     612    -0.000200716
 604     613    -0.001094707
 610    5620     0.004742653
 610    5621    -0.002612261
 610     602    -0.001552739
 610     603    -0.002275269
 610     604     0.001181900
 610     610     2.022200000
 610     611     0.006819024
 610     612    -0.002016025
 610     613     0.000605987
 611    5620    -0.002817141
 611    5621     0.000246434
 611     602    -0.000305761
 611     603     0.000293060
 611     604    -0.000690357
 611     610     0.006819024
 611     611     2.044500001
 611     612     0.016044637
 611     613     0.000794475
 612    5620     0.007276791
 612    5621     0.006864718
 612     602    -0.002658688
 612     603     0.000101457
 612     604    -0.000200716
 612     610    -0.002016025
 612     611     0.016044637
 612     612     2.056600000
 612     613     0.000434594
 613    5620    -0.007881759
 613    5621    -0.008559022
 613     602     0.001388509
 613     603    -0.004042998
 613     604    -0.001094707
 613     610     0.000605987
 613     611     0.000794475
 613     612     0.000434594
 613     613     1.928900000
