5620    5620     2.445499998
5620    5621    -0.004527246
5620     602    -0.000758798
5620     603    -0.005222407
5620     604    -0.001955648
5620     610    -0.002810878
5620     611     0.001461177
5620     612    -0.009480529
5620     613     0.006951628
5621    5620    -0.004527246
5621    5621     2.297800003
5621     602     0.000172103
5621     603    -0.024712953
5621     604     0.034726725
5621     610    -0.002593598
5621     611    -0.000423938
5621     612     0.005841759
5621     613     0.007962002
 602    5620    -0.000758798
 602    5621     0.000172103
 602     602     1.981000002
 602     603     0.008641736
 602     604     0.001679877
 602     610    -0.002036297
 602     611     0.000115658
 602     612     0.002459379
 602     613    -0.000578973
 603    5620    -0.005222407
 603    5621    -0.024712953
 603     602     0.008641736
 603     603     1.975900000
 603     604    -0.000629266
 603     610     0.002099541
 603     611     0.000408185
 603     612    -0.000191010
 603     613    -0.003239914
 604    5620    -0.001955648
 604    5621     0.034726725
 604     602     0.001679877
 604     603    -0.000629266
 604     604     2.049100000
 604     610     0.001355100
 604     611    -0.000432011
 604     612    -0.000763949
 604     613     0.000841502
 610    5620    -0.002810878
 610    5621    -0.002593598
 610     602    -0.002036297
 610     603     0.002099541
 610     604     0.001355100
 610     610     2.013700000
 610     611    -0.006677889
 610     612     0.005466201
 610     613    -0.000549290
 611    5620     0.001461177
 611    5621    -0.000423938
 611     602     0.000115658
 611     603     0.000408185
 611     604    -0.000432011
 611     610    -0.006677889
 611     611     2.020200001
 611     612    -0.018628677
 611     613    -0.000797365
 612    5620    -0.009480529
 612    5621     0.005841759
 612     602     0.002459379
 612     603    -0.000191010
 612     604    -0.000763949
 612     610     0.005466201
 612     611    -0.018628677
 612     612     2.090800000
 612     613    -0.000012646
 613    5620     0.006951628
 613    5621     0.007962002
 613     602    -0.000578973
 613     603    -0.003239914
 613     604     0.000841502
 613     610    -0.000549290
 613     611    -0.000797365
 613     612    -0.000012646
 613     613     1.982900000
