5620    5620     2.426799998
5620    5621    -0.006534391
5620     602    -0.001572884
5620     603     0.006171549
5620     604     0.003561076
5620     610    -0.004817625
5620     611    -0.002280658
5620     612     0.006209564
5620     613     0.008007893
5621    5620    -0.006534391
5621    5621     2.449500003
5621     602     0.002117542
5621     603    -0.021808977
5621     604     0.030088176
5621     610     0.002495148
5621     611     0.000005174
5621     612    -0.007226917
5621     613     0.008614392
 602    5620    -0.001572884
 602    5621     0.002117542
 602     602     1.943600002
 602     603     0.006992071
 602     604     0.001501442
 602     610     0.001891913
 602     611    -0.000391200
 602     612    -0.002544958
 602     613     0.000187718
 603    5620     0.006171549
 603    5621    -0.021808977
 603     602     0.006992071
 603     603     1.912400000
 603     604    -0.000236436
 603     610     0.001983425
 603     611     0.000608145
 603     612    -0.000580737
 603     613     0.004163920
 604    5620     0.003561076
 604    5621     0.030088176
 604     602     0.001501442
 604     603    -0.000236436
 604     604     2.114200000
 604     610     0.000994254
 604     611     0.000863124
 604     612    -0.001072390
 604     613     0.001159166
 610    5620    -0.004817625
 610    5621     0.002495148
 610     602     0.001891913
 610     603     0.001983425
 610     604     0.000994254
 610     610     2.055200000
 610     611    -0.005968387
 610     612    -0.002585757
 610     613     0.000489130
 611    5620    -0.002280658
 611    5621     0.000005174
 611     602    -0.000391200
 611     603     0.000608145
 611     604     0.000863124
 611     610    -0.005968387
 611     611     2.033000001
 611     612    -0.018167447
 611     613    -0.000883422
 612    5620     0.006209564
 612    5621    -0.007226917
 612     602    -0.002544958
 612     603    -0.000580737
 612     604    -0.001072390
 612     610    -0.002585757
 612     611    -0.018167447
 612     612     2.079000000
 612     613     0.000558748
 613    5620     0.008007893
 613    5621     0.008614392
 613     602     0.000187718
 613     603     0.004163920
 613     604     0.001159166
 613     610     0.000489130
 613     611    -0.000883422
 613     612     0.000558748
 613     613     2.005900000
