5620    5620     2.541999998
5620    5621    -0.004785249
5620     602     0.000160955
5620     603     0.006388191
5620     604     0.004463272
5620     610    -0.000439655
5620     611    -0.002910527
5620     612     0.009465873
5620     613    -0.005756841
5621    5620    -0.004785249
5621    5621     2.337600003
5621     602     0.005484430
5621     603     0.026004349
5621     604    -0.024881267
5621     610     0.003291082
5621     611    -0.000288997
5621     612    -0.006990521
5621     613     0.009021801
 602    5620     0.000160955
 602    5621     0.005484430
 602     602     1.961900002
 602     603     0.005016700
 602     604    -0.001376578
 602     610     0.001638734
 602     611    -0.000245883
 602     612     0.002227846
 602     613    -0.001129024
 603    5620     0.006388191
 603    5621     0.026004349
 603     602     0.005016700
 603     603     1.881100000
 603     604    -0.000374641
 603     610    -0.002383770
 603     611     0.000196772
 603     612    -0.000112975
 603     613    -0.004905977
 604    5620     0.004463272
 604    5621    -0.024881267
 604     602    -0.001376578
 604     603    -0.000374641
 604     604     2.074900000
 604     610    -0.001539329
 604     611    -0.000717630
 604     612     0.000798901
 604     613    -0.001123855
 610    5620    -0.000439655
 610    5621     0.003291082
 610     602     0.001638734
 610     603    -0.002383770
 610     604    -0.001539329
 610     610     2.004100000
 610     611     0.006440335
 610     612    -0.005873176
 610     613    -0.000517963
 611    5620    -0.002910527
 611    5621    -0.000288997
 611     602    -0.000245883
 611     603     0.000196772
 611     604    -0.000717630
 611     610     0.006440335
 611     611     2.004300001
 611     612     0.016143285
 611     613    -0.000505486
 612    5620     0.009465873
 612    5621    -0.006990521
 612     602     0.002227846
 612     603    -0.000112975
 612     604     0.000798901
 612     610    -0.005873176
 612     611     0.016143285
 612     612     2.087300000
 612     613    -0.000022706
 613    5620    -0.005756841
 613    5621     0.009021801
 613     602    -0.001129024
 613     603    -0.004905977
 613     604    -0.001123855
 613     610    -0.000517963
 613     611    -0.000505486
 613     612    -0.000022706
 613     613     2.007100000
