5620    5620     2.424799998
5620    5621    -0.003579846
5620     602    -0.000479561
5620     603    -0.005891985
5620     604     0.001042389
5620     610     0.005553457
5620     611     0.000609508
5620     612     0.008927559
5620     613    -0.004121680
5621    5620    -0.003579846
5621    5621     2.058500003
5621     602     0.001508506
5621     603     0.024190721
5621     604     0.032367197
5621     610     0.001265475
5621     611    -0.000355418
5621     612     0.007239504
5621     613    -0.008949844
 602    5620    -0.000479561
 602    5621     0.001508506
 602     602     1.958100002
 602     603    -0.008660533
 602     604    -0.001438975
 602     610     0.001467176
 602     611    -0.000438208
 602     612    -0.002430830
 602     613    -0.000854052
 603    5620    -0.005891985
 603    5621     0.024190721
 603     602    -0.008660533
 603     603     1.950700000
 603     604    -0.000736593
 603     610    -0.001876754
 603     611     0.000637201
 603     612    -0.000186002
 603     613    -0.004408569
 604    5620     0.001042389
 604    5621     0.032367197
 604     602    -0.001438975
 604     603    -0.000736593
 604     604     1.967500000
 604     610     0.000846385
 604     611    -0.000540923
 604     612     0.000206153
 604     613     0.001119091
 610    5620     0.005553457
 610    5621     0.001265475
 610     602     0.001467176
 610     603    -0.001876754
 610     604     0.000846385
 610     610     2.101700000
 610     611    -0.005204939
 610     612     0.003194894
 610     613     0.000395172
 611    5620     0.000609508
 611    5621    -0.000355418
 611     602    -0.000438208
 611     603     0.000637201
 611     604    -0.000540923
 611     610    -0.005204939
 611     611     1.981100001
 611     612    -0.013483909
 611     613    -0.001048605
 612    5620     0.008927559
 612    5621     0.007239504
 612     602    -0.002430830
 612     603    -0.000186002
 612     604     0.000206153
 612     610     0.003194894
 612     611    -0.013483909
 612     612     2.109400000
 612     613     0.000257420
 613    5620    -0.004121680
 613    5621    -0.008949844
 613     602    -0.000854052
 613     603    -0.004408569
 613     604     0.001119091
 613     610     0.000395172
 613     611    -0.001048605
 613     612     0.000257420
 613     613     2.032700000
