5620    5620     2.280299998
5620    5621     0.004936549
5620     602    -0.000224597
5620     603    -0.005639758
5620     604     0.001424264
5620     610    -0.003948089
5620     611    -0.000064443
5620     612     0.011579804
5620     613    -0.010397271
5621    5620     0.004936549
5621    5621     2.413100003
5621     602     0.001967648
5621     603    -0.028045761
5621     604    -0.034065290
5621     610    -0.001139878
5621     611    -0.000198504
5621     612    -0.007027829
5621     613    -0.005636235
 602    5620    -0.000224597
 602    5621     0.001967648
 602     602     1.947400002
 602     603    -0.011641239
 602     604     0.001809510
 602     610     0.001605640
 602     611    -0.000018532
 602     612     0.002687382
 602     613     0.000632146
 603    5620    -0.005639758
 603    5621    -0.028045761
 603     602    -0.011641239
 603     603     1.955000000
 603     604     0.000919667
 603     610     0.001969072
 603     611    -0.000587873
 603     612    -0.000247645
 603     613    -0.002940941
 604    5620     0.001424264
 604    5621    -0.034065290
 604     602     0.001809510
 604     603     0.000919667
 604     604     2.039100000
 604     610     0.001069936
 604     611     0.000433176
 604     612    -0.000648836
 604     613     0.000709955
 610    5620    -0.003948089
 610    5621    -0.001139878
 610     602     0.001605640
 610     603     0.001969072
 610     604     0.001069936
 610     610     2.033800000
 610     611    -0.006516151
 610     612     0.008210942
 610     613    -0.000689012
 611    5620    -0.000064443
 611    5621    -0.000198504
 611     602    -0.000018532
 611     603    -0.000587873
 611     604     0.000433176
 611     610    -0.006516151
 611     611     1.992000001
 611     612    -0.015418760
 611     613    -0.000961734
 612    5620     0.011579804
 612    5621    -0.007027829
 612     602     0.002687382
 612     603    -0.000247645
 612     604    -0.000648836
 612     610     0.008210942
 612     611    -0.015418760
 612     612     2.017700000
 612     613    -0.000123967
 613    5620    -0.010397271
 613    5621    -0.005636235
 613     602     0.000632146
 613     603    -0.002940941
 613     604     0.000709955
 613     610    -0.000689012
 613     611    -0.000961734
 613     612    -0.000123967
 613     613     1.915200000
