5620    5620     2.391099998
5620    5621    -0.002223656
5620     602    -0.000211907
5620     603     0.005185422
5620     604     0.000881489
5620     610    -0.001450547
5620     611     0.001592413
5620     612     0.012764867
5620     613    -0.004292537
5621    5620    -0.002223656
5621    5621     2.390500003
5621     602     0.003067666
5621     603     0.015693482
5621     604     0.024902368
5621     610    -0.002028847
5621     611     0.000589599
5621     612     0.005434541
5621     613    -0.006941487
 602    5620    -0.000211907
 602    5621     0.003067666
 602     602     1.922500002
 602     603    -0.006058849
 602     604    -0.001325459
 602     610    -0.001839901
 602     611    -0.000279967
 602     612    -0.002041113
 602     613    -0.001034319
 603    5620     0.005185422
 603    5621     0.015693482
 603     602    -0.006058849
 603     603     1.906300000
 603     604     0.000292369
 603     610     0.001907733
 603     611     0.000459477
 603     612     0.000185938
 603     613    -0.004237702
 604    5620     0.000881489
 604    5621     0.024902368
 604     602    -0.001325459
 604     603     0.000292369
 604     604     2.134900000
 604     610     0.001131054
 604     611     0.000537506
 604     612    -0.000174205
 604     613     0.001062778
 610    5620    -0.001450547
 610    5621    -0.002028847
 610     602    -0.001839901
 610     603     0.001907733
 610     604     0.001131054
 610     610     2.045500000
 610     611    -0.006645429
 610     612     0.007671265
 610     613    -0.000388817
 611    5620     0.001592413
 611    5621     0.000589599
 611     602    -0.000279967
 611     603     0.000459477
 611     604     0.000537506
 611     610    -0.006645429
 611     611     2.014300001
 611     612     0.018399722
 611     613     0.000929316
 612    5620     0.012764867
 612    5621     0.005434541
 612     602    -0.002041113
 612     603     0.000185938
 612     604    -0.000174205
 612     610     0.007671265
 612     611     0.018399722
 612     612     2.122600000
 612     613    -0.000170239
 613    5620    -0.004292537
 613    5621    -0.006941487
 613     602    -0.001034319
 613     603    -0.004237702
 613     604     0.001062778
 613     610    -0.000388817
 613     611     0.000929316
 613     612    -0.000170239
 613     613     2.035500000
