5620    5620     2.393999998
5620    5621     0.003071871
5620     602    -0.000715190
5620     603    -0.005372911
5620     604    -0.000430038
5620     610    -0.000267301
5620     611    -0.000851371
5620     612     0.015248851
5620     613     0.006480021
5621    5620     0.003071871
5621    5621     2.305700003
5621     602    -0.002081828
5621     603     0.021151061
5621     604     0.029278706
5621     610    -0.002675397
5621     611    -0.000020234
5621     612    -0.007558024
5621     613    -0.006272830
 602    5620    -0.000715190
 602    5621    -0.002081828
 602     602     1.956700002
 602     603    -0.008221905
 602     604     0.001634099
 602     610    -0.002158944
 602     611     0.000487102
 602     612     0.002725261
 602     613     0.000512006
 603    5620    -0.005372911
 603    5621     0.021151061
 603     602    -0.008221905
 603     603     1.909000000
 603     604    -0.000677823
 603     610    -0.002168973
 603     611    -0.000447597
 603     612    -0.000217719
 603     613     0.003160456
 604    5620    -0.000430038
 604    5621     0.029278706
 604     602     0.001634099
 604     603    -0.000677823
 604     604     1.960000000
 604     610    -0.001895071
 604     611    -0.000503821
 604     612     0.000739844
 604     613     0.000876700
 610    5620    -0.000267301
 610    5621    -0.002675397
 610     602    -0.002158944
 610     603    -0.002168973
 610     604    -0.001895071
 610     610     2.036900000
 610     611    -0.007457440
 610     612    -0.012375460
 610     613    -0.000552987
 611    5620    -0.000851371
 611    5621    -0.000020234
 611     602     0.000487102
 611     603    -0.000447597
 611     604    -0.000503821
 611     610    -0.007457440
 611     611     2.021100001
 611     612    -0.017509826
 611     613    -0.000809394
 612    5620     0.015248851
 612    5621    -0.007558024
 612     602     0.002725261
 612     603    -0.000217719
 612     604     0.000739844
 612     610    -0.012375460
 612     611    -0.017509826
 612     612     2.002100000
 612     613    -0.000016805
 613    5620     0.006480021
 613    5621    -0.006272830
 613     602     0.000512006
 613     603     0.003160456
 613     604     0.000876700
 613     610    -0.000552987
 613     611    -0.000809394
 613     612    -0.000016805
 613     613     2.042900000
