5620    5620     2.322399998
5620    5621    -0.005194020
5620     602     0.001425770
5620     603    -0.005293635
5620     604     0.000901073
5620     610    -0.005295537
5620     611    -0.004118834
5620     612     0.011693106
5620     613     0.002542690
5621    5620    -0.005194020
5621    5621     2.240700003
5621     602     0.001061592
5621     603     0.027594738
5621     604     0.035208295
5621     610     0.001333293
5621     611     0.000148357
5621     612     0.006594201
5621     613    -0.011190889
 602    5620     0.001425770
 602    5621     0.001061592
 602     602     1.924800002
 602     603    -0.009351034
 602     604     0.001716931
 602     610     0.001629639
 602     611     0.000669347
 602     612     0.002800788
 602     613    -0.000924439
 603    5620    -0.005293635
 603    5621     0.027594738
 603     602    -0.009351034
 603     603     1.938000000
 603     604    -0.001404278
 603     610     0.001603602
 603     611     0.000109940
 603     612     0.000320622
 603     613     0.004721524
 604    5620     0.000901073
 604    5621     0.035208295
 604     602     0.001716931
 604     603    -0.001404278
 604     604     2.021500000
 604     610     0.000904241
 604     611    -0.000358588
 604     612    -0.000985277
 604     613    -0.001272429
 610    5620    -0.005295537
 610    5621     0.001333293
 610     602     0.001629639
 610     603     0.001603602
 610     604     0.000904241
 610     610     2.090800000
 610     611     0.005721539
 610     612    -0.005376779
 610     613     0.000442047
 611    5620    -0.004118834
 611    5621     0.000148357
 611     602     0.000669347
 611     603     0.000109940
 611     604    -0.000358588
 611     610     0.005721539
 611     611     2.057100001
 611     612    -0.017369505
 611     613    -0.000645703
 612    5620     0.011693106
 612    5621     0.006594201
 612     602     0.002800788
 612     603     0.000320622
 612     604    -0.000985277
 612     610    -0.005376779
 612     611    -0.017369505
 612     612     2.112200000
 612     613     0.000103767
 613    5620     0.002542690
 613    5621    -0.011190889
 613     602    -0.000924439
 613     603     0.004721524
 613     604    -0.001272429
 613     610     0.000442047
 613     611    -0.000645703
 613     612     0.000103767
 613     613     1.978900000
