5620    5620     2.316499998
5620    5621    -0.005291827
5620     602    -0.001953731
5620     603    -0.006245232
5620     604     0.000551288
5620     610    -0.002693325
5620     611     0.001533657
5620     612    -0.001745795
5620     613     0.008352626
5621    5620    -0.005291827
5621    5621     2.413800003
5621     602    -0.001269702
5621     603    -0.023628694
5621     604     0.032755393
5621     610    -0.001621218
5621     611     0.000081852
5621     612    -0.006750984
5621     613    -0.007000694
 602    5620    -0.001953731
 602    5621    -0.001269702
 602     602     1.915200002
 602     603     0.007939159
 602     604     0.001449134
 602     610     0.001961228
 602     611    -0.000496324
 602     612     0.002568475
 602     613    -0.000140504
 603    5620    -0.006245232
 603    5621    -0.023628694
 603     602     0.007939159
 603     603     1.932500000
 603     604     0.000211100
 603     610    -0.002259557
 603     611    -0.000377673
 603     612     0.000177315
 603     613    -0.003554030
 604    5620     0.000551288
 604    5621     0.032755393
 604     602     0.001449134
 604     603     0.000211100
 604     604     2.095400000
 604     610    -0.000987225
 604     611     0.000587142
 604     612    -0.000115602
 604     613    -0.001019836
 610    5620    -0.002693325
 610    5621    -0.001621218
 610     602     0.001961228
 610     603    -0.002259557
 610     604    -0.000987225
 610     610     1.989000000
 610     611    -0.006231827
 610     612     0.006531094
 610     613    -0.000600474
 611    5620     0.001533657
 611    5621     0.000081852
 611     602    -0.000496324
 611     603    -0.000377673
 611     604     0.000587142
 611     610    -0.006231827
 611     611     1.993900001
 611     612    -0.020493602
 611     613    -0.000754352
 612    5620    -0.001745795
 612    5621    -0.006750984
 612     602     0.002568475
 612     603     0.000177315
 612     604    -0.000115602
 612     610     0.006531094
 612     611    -0.020493602
 612     612     2.016500000
 612     613    -0.000488928
 613    5620     0.008352626
 613    5621    -0.007000694
 613     602    -0.000140504
 613     603    -0.003554030
 613     604    -0.001019836
 613     610    -0.000600474
 613     611    -0.000754352
 613     612    -0.000488928
 613     613     1.969900000
