5620    5620     2.215999998
5620    5621     0.005535684
5620     602    -0.001047054
5620     603     0.005713601
5620     604    -0.001674571
5620     610    -0.010464769
5620     611    -0.001391838
5620     612     0.010411787
5620     613    -0.006391908
5621    5620     0.005535684
5621    5621     2.213900003
5621     602    -0.003892175
5621     603    -0.019499867
5621     604    -0.032009132
5621     610    -0.000327788
5621     611     0.000151863
5621     612    -0.006956129
5621     613    -0.007204120
 602    5620    -0.001047054
 602    5621    -0.003892175
 602     602     2.009200002
 602     603    -0.010670059
 602     604    -0.001787056
 602     610     0.001549457
 602     611     0.000633922
 602     612    -0.002808027
 602     613     0.000743354
 603    5620     0.005713601
 603    5621    -0.019499867
 603     602    -0.010670059
 603     603     1.918500000
 603     604     0.000408142
 603     610    -0.002132183
 603     611     0.000542058
 603     612    -0.000118961
 603     613    -0.003689588
 604    5620    -0.001674571
 604    5621    -0.032009132
 604     602    -0.001787056
 604     603     0.000408142
 604     604     2.055200000
 604     610    -0.000234578
 604     611     0.000762784
 604     612    -0.000370371
 604     613     0.001267612
 610    5620    -0.010464769
 610    5621    -0.000327788
 610     602     0.001549457
 610     603    -0.002132183
 610     604    -0.000234578
 610     610     1.985500000
 610     611     0.006309034
 610     612    -0.006270480
 610     613     0.000588159
 611    5620    -0.001391838
 611    5621     0.000151863
 611     602     0.000633922
 611     603     0.000542058
 611     604     0.000762784
 611     610     0.006309034
 611     611     2.002300001
 611     612    -0.016827090
 611     613     0.000898089
 612    5620     0.010411787
 612    5621    -0.006956129
 612     602    -0.002808027
 612     603    -0.000118961
 612     604    -0.000370371
 612     610    -0.006270480
 612     611    -0.016827090
 612     612     2.008000000
 612     613    -0.000271507
 613    5620    -0.006391908
 613    5621    -0.007204120
 613     602     0.000743354
 613     603    -0.003689588
 613     604     0.001267612
 613     610     0.000588159
 613     611     0.000898089
 613     612    -0.000271507
 613     613     2.008900000
