5620    5620     2.327499998
5620    5621     0.004924862
5620     602    -0.001688208
5620     603     0.006094486
5620     604    -0.001044148
5620     610     0.002022641
5620     611    -0.002794734
5620     612     0.013804184
5620     613    -0.010556126
5621    5620     0.004924862
5621    5621     2.367000003
5621     602    -0.002181111
5621     603    -0.029033888
5621     604     0.033194315
5621     610     0.002764404
5621     611    -0.000255566
5621     612     0.006799273
5621     613    -0.006676475
 602    5620    -0.001688208
 602    5621    -0.002181111
 602     602     1.834000002
 602     603     0.009176349
 602     604    -0.001791801
 602     610     0.002549761
 602     611    -0.000441670
 602     612     0.002792188
 602     613    -0.000131847
 603    5620     0.006094486
 603    5621    -0.029033888
 603     602     0.009176349
 603     603     1.894900000
 603     604    -0.001026648
 603     610    -0.002207852
 603     611    -0.000304762
 603     612    -0.000135195
 603     613     0.003468535
 604    5620    -0.001044148
 604    5621     0.033194315
 604     602    -0.001791801
 604     603    -0.001026648
 604     604     2.050100000
 604     610     0.001301598
 604     611    -0.000612600
 604     612     0.000026010
 604     613    -0.000914767
 610    5620     0.002022641
 610    5621     0.002764404
 610     602     0.002549761
 610     603    -0.002207852
 610     604     0.001301598
 610     610     2.000300000
 610     611    -0.007387559
 610     612     0.007536365
 610     613     0.000713839
 611    5620    -0.002794734
 611    5621    -0.000255566
 611     602    -0.000441670
 611     603    -0.000304762
 611     604    -0.000612600
 611     610    -0.007387559
 611     611     2.009800001
 611     612     0.015572845
 611     613    -0.000660171
 612    5620     0.013804184
 612    5621     0.006799273
 612     602     0.002792188
 612     603    -0.000135195
 612     604     0.000026010
 612     610     0.007536365
 612     611     0.015572845
 612     612     1.994100000
 612     613    -0.000188420
 613    5620    -0.010556126
 613    5621    -0.006676475
 613     602    -0.000131847
 613     603     0.003468535
 613     604    -0.000914767
 613     610     0.000713839
 613     611    -0.000660171
 613     612    -0.000188420
 613     613     2.006200000
