5620    5620     2.355199998
5620    5621    -0.004556943
5620     602     0.000965345
5620     603    -0.004668509
5620     604     0.001477160
5620     610    -0.005651050
5620     611    -0.004282266
5620     612     0.004730120
5620     613    -0.006165811
5621    5620    -0.004556943
5621    5621     2.220000003
5621     602     0.003644812
5621     603    -0.023279536
5621     604     0.028881721
5621     610     0.001726690
5621     611     0.000680889
5621     612    -0.007286104
5621     613    -0.006785277
 602    5620     0.000965345
 602    5621     0.003644812
 602     602     2.045900002
 602     603     0.008268309
 602     604     0.001277274
 602     610     0.001837832
 602     611    -0.001001501
 602     612     0.002275838
 602     613     0.000531033
 603    5620    -0.004668509
 603    5621    -0.023279536
 603     602     0.008268309
 603     603     1.927900000
 603     604     0.000878102
 603     610     0.001844587
 603     611    -0.000258398
 603     612    -0.000070633
 603     613    -0.003428122
 604    5620     0.001477160
 604    5621     0.028881721
 604     602     0.001277274
 604     603     0.000878102
 604     604     2.080200000
 604     610     0.000972714
 604     611     0.000739339
 604     612     0.000012976
 604     613     0.001032845
 610    5620    -0.005651050
 610    5621     0.001726690
 610     602     0.001837832
 610     603     0.001844587
 610     604     0.000972714
 610     610     2.072400000
 610     611    -0.007596311
 610     612     0.007858825
 610     613    -0.000553430
 611    5620    -0.004282266
 611    5621     0.000680889
 611     602    -0.001001501
 611     603    -0.000258398
 611     604     0.000739339
 611     610    -0.007596311
 611     611     1.999900001
 611     612    -0.021267114
 611     613     0.000773089
 612    5620     0.004730120
 612    5621    -0.007286104
 612     602     0.002275838
 612     603    -0.000070633
 612     604     0.000012976
 612     610     0.007858825
 612     611    -0.021267114
 612     612     2.052400000
 612     613     0.000225109
 613    5620    -0.006165811
 613    5621    -0.006785277
 613     602     0.000531033
 613     603    -0.003428122
 613     604     0.001032845
 613     610    -0.000553430
 613     611     0.000773089
 613     612     0.000225109
 613     613     2.012100000
