5620    5620     2.470399998
5620    5621     0.002374813
5620     602    -0.000893457
5620     603     0.006674149
5620     604     0.001578561
5620     610    -0.002755802
5620     611    -0.002856038
5620     612    -0.012204612
5620     613    -0.007605223
5621    5620     0.002374813
5621    5621     2.204800003
5621     602    -0.002262715
5621     603     0.017797681
5621     604    -0.036320130
5621     610    -0.002956372
5621     611     0.000230423
5621     612    -0.006810336
5621     613     0.005625002
 602    5620    -0.000893457
 602    5621    -0.002262715
 602     602     1.953000002
 602     603     0.006630936
 602     604     0.001819620
 602     610    -0.002307403
 602     611    -0.000412465
 602     612    -0.002456169
 602     613    -0.000656404
 603    5620     0.006674149
 603    5621     0.017797681
 603     602     0.006630936
 603     603     1.870500000
 603     604    -0.000147035
 603     610     0.002186154
 603     611    -0.000404790
 603     612     0.000038003
 603     613    -0.004535253
 604    5620     0.001578561
 604    5621    -0.036320130
 604     602     0.001819620
 604     603    -0.000147035
 604     604     1.958100000
 604     610     0.001609920
 604     611    -0.000953583
 604     612     0.000592680
 604     613     0.001514253
 610    5620    -0.002755802
 610    5621    -0.002956372
 610     602    -0.002307403
 610     603     0.002186154
 610     604     0.001609920
 610     610     2.064400000
 610     611    -0.006355737
 610     612     0.004227911
 610     613    -0.000370469
 611    5620    -0.002856038
 611    5621     0.000230423
 611     602    -0.000412465
 611     603    -0.000404790
 611     604    -0.000953583
 611     610    -0.006355737
 611     611     1.971300001
 611     612     0.018143134
 611     613     0.000698727
 612    5620    -0.012204612
 612    5621    -0.006810336
 612     602    -0.002456169
 612     603     0.000038003
 612     604     0.000592680
 612     610     0.004227911
 612     611     0.018143134
 612     612     2.123000000
 612     613    -0.000115054
 613    5620    -0.007605223
 613    5621     0.005625002
 613     602    -0.000656404
 613     603    -0.004535253
 613     604     0.001514253
 613     610    -0.000370469
 613     611     0.000698727
 613     612    -0.000115054
 613     613     2.079800000
