5620    5620     2.477899998
5620    5621    -0.003687081
5620     602    -0.001370412
5620     603     0.005922285
5620     604     0.000284447
5620     610     0.002185404
5620     611     0.002352095
5620     612    -0.008196357
5620     613     0.007669217
5621    5620    -0.003687081
5621    5621     2.299900003
5621     602    -0.000386521
5621     603    -0.022802596
5621     604     0.031779982
5621     610     0.001871015
5621     611    -0.000481335
5621     612    -0.006600144
5621     613     0.007456433
 602    5620    -0.001370412
 602    5621    -0.000386521
 602     602     1.923400002
 602     603     0.005520644
 602     604    -0.001598255
 602     610    -0.001911846
 602     611     0.000138275
 602     612     0.002362917
 602     613    -0.000434265
 603    5620     0.005922285
 603    5621    -0.022802596
 603     602     0.005520644
 603     603     1.966400000
 603     604    -0.000106946
 603     610     0.001889196
 603     611     0.000230914
 603     612    -0.000109299
 603     613     0.004226533
 604    5620     0.000284447
 604    5621     0.031779982
 604     602    -0.001598255
 604     603    -0.000106946
 604     604     2.062200000
 604     610     0.000989278
 604     611    -0.000693165
 604     612     0.000147808
 604     613    -0.001273857
 610    5620     0.002185404
 610    5621     0.001871015
 610     602    -0.001911846
 610     603     0.001889196
 610     604     0.000989278
 610     610     2.004900000
 610     611     0.006678138
 610     612     0.003028173
 610     613    -0.000494705
 611    5620     0.002352095
 611    5621    -0.000481335
 611     602     0.000138275
 611     603     0.000230914
 611     604    -0.000693165
 611     610     0.006678138
 611     611     2.030500001
 611     612     0.018053960
 611     613    -0.000684243
 612    5620    -0.008196357
 612    5621    -0.006600144
 612     602     0.002362917
 612     603    -0.000109299
 612     604     0.000147808
 612     610     0.003028173
 612     611     0.018053960
 612     612     2.070400000
 612     613    -0.000238353
 613    5620     0.007669217
 613    5621     0.007456433
 613     602    -0.000434265
 613     603     0.004226533
 613     604    -0.001273857
 613     610    -0.000494705
 613     611    -0.000684243
 613     612    -0.000238353
 613     613     1.944100000
