5620    5620     2.469899998
5620    5621     0.006034733
5620     602    -0.001220147
5620     603    -0.005650521
5620     604     0.003678091
5620     610    -0.000415914
5620     611     0.000163355
5620     612    -0.018012553
5620     613    -0.006437246
5621    5620     0.006034733
5621    5621     2.333800003
5621     602    -0.002472677
5621     603    -0.021976648
5621     604    -0.029301949
5621     610     0.003171257
5621     611    -0.000114069
5621     612     0.008422766
5621     613     0.009415434
 602    5620    -0.001220147
 602    5621    -0.002472677
 602     602     1.931700002
 602     603     0.008629339
 602     604    -0.001653363
 602     610     0.002070986
 602     611     0.000659011
 602     612    -0.002993931
 602     613    -0.000695986
 603    5620    -0.005650521
 603    5621    -0.021976648
 603     602     0.008629339
 603     603     1.974900000
 603     604    -0.000388670
 603     610     0.001896271
 603     611    -0.000392077
 603     612    -0.000176646
 603     613    -0.004513842
 604    5620     0.003678091
 604    5621    -0.029301949
 604     602    -0.001653363
 604     603    -0.000388670
 604     604     2.041700000
 604     610     0.001294148
 604     611     0.001092981
 604     612    -0.001865242
 604     613    -0.001507190
 610    5620    -0.000415914
 610    5621     0.003171257
 610     602     0.002070986
 610     603     0.001896271
 610     604     0.001294148
 610     610     2.062900000
 610     611    -0.006189006
 610     612    -0.003797462
 610     613    -0.000413460
 611    5620     0.000163355
 611    5621    -0.000114069
 611     602     0.000659011
 611     603    -0.000392077
 611     604     0.001092981
 611     610    -0.006189006
 611     611     2.010300001
 611     612     0.020246366
 611     613     0.000939742
 612    5620    -0.018012553
 612    5621     0.008422766
 612     602    -0.002993931
 612     603    -0.000176646
 612     604    -0.001865242
 612     610    -0.003797462
 612     611     0.020246366
 612     612     2.018300000
 612     613    -0.000142777
 613    5620    -0.006437246
 613    5621     0.009415434
 613     602    -0.000695986
 613     603    -0.004513842
 613     604    -0.001507190
 613     610    -0.000413460
 613     611     0.000939742
 613     612    -0.000142777
 613     613     1.986700000
