5620    5620     2.383899998
5620    5621     0.004316532
5620     602    -0.002618576
5620     603    -0.005470436
5620     604    -0.001370983
5620     610    -0.003290497
5620     611    -0.000957543
5620     612     0.011955415
5620     613    -0.008777870
5621    5620     0.004316532
5621    5621     2.330500003
5621     602    -0.006098074
5621     603     0.020287268
5621     604     0.030518743
5621     610     0.002350538
5621     611    -0.000207286
5621     612    -0.007719570
5621     613     0.007691732
 602    5620    -0.002618576
 602    5621    -0.006098074
 602     602     1.945800002
 602     603     0.005437436
 602     604     0.001153846
 602     610    -0.002380420
 602     611     0.001213862
 602     612     0.002226091
 602     613     0.000697872
 603    5620    -0.005470436
 603    5621     0.020287268
 603     602     0.005437436
 603     603     2.014700000
 603     604     0.000563455
 603     610    -0.001945864
 603     611     0.000475071
 603     612    -0.000108829
 603     613    -0.003371858
 604    5620    -0.001370983
 604    5621     0.030518743
 604     602     0.001153846
 604     603     0.000563455
 604     604     2.036100000
 604     610    -0.001396762
 604     611    -0.000671541
 604     612     0.000239542
 604     613    -0.001107038
 610    5620    -0.003290497
 610    5621     0.002350538
 610     602    -0.002380420
 610     603    -0.001945864
 610     604    -0.001396762
 610     610     2.005000000
 610     611    -0.005254576
 610     612    -0.002367474
 610     613     0.000521405
 611    5620    -0.000957543
 611    5621    -0.000207286
 611     602     0.001213862
 611     603     0.000475071
 611     604    -0.000671541
 611     610    -0.005254576
 611     611     2.040200001
 611     612     0.016359996
 611     613    -0.000850371
 612    5620     0.011955415
 612    5621    -0.007719570
 612     602     0.002226091
 612     603    -0.000108829
 612     604     0.000239542
 612     610    -0.002367474
 612     611     0.016359996
 612     612     2.065500000
 612     613    -0.000307005
 613    5620    -0.008777870
 613    5621     0.007691732
 613     602     0.000697872
 613     603    -0.003371858
 613     604    -0.001107038
 613     610     0.000521405
 613     611    -0.000850371
 613     612    -0.000307005
 613     613     1.992200000
