5620    5620     2.349599998
5620    5621     0.007128755
5620     602    -0.000662684
5620     603     0.005031533
5620     604    -0.002213680
5620     610     0.009621000
5620     611     0.001608185
5620     612     0.015522159
5620     613    -0.004345981
5621    5620     0.007128755
5621    5621     2.248700003
5621     602     0.000837075
5621     603    -0.022800766
5621     604     0.032573497
5621     610    -0.000541538
5621     611    -0.000186630
5621     612     0.007958832
5621     613    -0.007066771
 602    5620    -0.000662684
 602    5621     0.000837075
 602     602     1.899800002
 602     603     0.007370363
 602     604     0.001662082
 602     610     0.001315287
 602     611     0.000035149
 602     612    -0.002776021
 602     613     0.001010534
 603    5620     0.005031533
 603    5621    -0.022800766
 603     602     0.007370363
 603     603     1.865100000
 603     604    -0.000823141
 603     610     0.001938789
 603     611     0.000542737
 603     612     0.000067604
 603     613     0.003591179
 604    5620    -0.002213680
 604    5621     0.032573497
 604     602     0.001662082
 604     603    -0.000823141
 604     604     2.063100000
 604     610    -0.000795842
 604     611     0.000707669
 604     612    -0.000008364
 604     613    -0.001137947
 610    5620     0.009621000
 610    5621    -0.000541538
 610     602     0.001315287
 610     603     0.001938789
 610     604    -0.000795842
 610     610     1.982300000
 610     611    -0.006681062
 610     612    -0.009244860
 610     613    -0.000512605
 611    5620     0.001608185
 611    5621    -0.000186630
 611     602     0.000035149
 611     603     0.000542737
 611     604     0.000707669
 611     610    -0.006681062
 611     611     1.951600001
 611     612     0.020804657
 611     613    -0.000815246
 612    5620     0.015522159
 612    5621     0.007958832
 612     602    -0.002776021
 612     603     0.000067604
 612     604    -0.000008364
 612     610    -0.009244860
 612     611     0.020804657
 612     612     2.007400000
 612     613    -0.000070373
 613    5620    -0.004345981
 613    5621    -0.007066771
 613     602     0.001010534
 613     603     0.003591179
 613     604    -0.001137947
 613     610    -0.000512605
 613     611    -0.000815246
 613     612    -0.000070373
 613     613     2.049200000
