5620    5620     2.366199998
5620    5621     0.004037240
5620     602     0.001204716
5620     603     0.005744425
5620     604     0.002390387
5620     610     0.005388987
5620     611     0.001355484
5620     612     0.003345110
5620     613     0.006186401
5621    5620     0.004037240
5621    5621     2.247400003
5621     602     0.000522614
5621     603    -0.018654159
5621     604    -0.027477400
5621     610    -0.001728215
5621     611     0.000087126
5621     612    -0.007194180
5621     613     0.008306695
 602    5620     0.001204716
 602    5621     0.000522614
 602     602     1.914500002
 602     603    -0.005554574
 602     604    -0.001274812
 602     610     0.001905263
 602     611     0.000632914
 602     612    -0.002385642
 602     613    -0.000450677
 603    5620     0.005744425
 603    5621    -0.018654159
 603     602    -0.005554574
 603     603     1.945900000
 603     604     0.000290511
 603     610    -0.002043508
 603     611     0.000245898
 603     612     0.000146445
 603     613     0.003595647
 604    5620     0.002390387
 604    5621    -0.027477400
 604     602    -0.001274812
 604     603     0.000290511
 604     604     2.099900000
 604     610    -0.000963155
 604     611    -0.000725703
 604     612     0.000774412
 604     613    -0.001076453
 610    5620     0.005388987
 610    5621    -0.001728215
 610     602     0.001905263
 610     603    -0.002043508
 610     604    -0.000963155
 610     610     2.025000000
 610     611    -0.006380026
 610     612     0.007291217
 610     613    -0.000526827
 611    5620     0.001355484
 611    5621     0.000087126
 611     602     0.000632914
 611     603     0.000245898
 611     604    -0.000725703
 611     610    -0.006380026
 611     611     2.103600001
 611     612     0.015304522
 611     613     0.000686670
 612    5620     0.003345110
 612    5621    -0.007194180
 612     602    -0.002385642
 612     603     0.000146445
 612     604     0.000774412
 612     610     0.007291217
 612     611     0.015304522
 612     612     2.000500000
 612     613     0.000240268
 613    5620     0.006186401
 613    5621     0.008306695
 613     602    -0.000450677
 613     603     0.003595647
 613     604    -0.001076453
 613     610    -0.000526827
 613     611     0.000686670
 613     612     0.000240268
 613     613     2.078100000
