5620    5620     2.245099998
5620    5621    -0.006476060
5620     602    -0.001434332
5620     603     0.006181795
5620     604     0.001211845
5620     610     0.001906218
5620     611    -0.002679563
5620     612     0.011316036
5620     613    -0.005332708
5621    5620    -0.006476060
5621    5621     2.437500003
5621     602     0.000504333
5621     603    -0.025982965
5621     604    -0.035142776
5621     610     0.002035947
5621     611    -0.000401746
5621     612     0.007171258
5621     613     0.007594295
 602    5620    -0.001434332
 602    5621     0.000504333
 602     602     2.033600002
 602     603    -0.005502008
 602     604    -0.001617971
 602     610    -0.002126744
 602     611    -0.000570212
 602     612    -0.002373531
 602     613     0.000359219
 603    5620     0.006181795
 603    5621    -0.025982965
 603     602    -0.005502008
 603     603     1.901100000
 603     604     0.000335733
 603     610    -0.002292434
 603     611    -0.000353326
 603     612    -0.000220973
 603     613     0.004350354
 604    5620     0.001211845
 604    5621    -0.035142776
 604     602    -0.001617971
 604     603     0.000335733
 604     604     2.028000000
 604     610    -0.001556232
 604     611     0.000358424
 604     612     0.001089683
 604     613    -0.001043925
 610    5620     0.001906218
 610    5621     0.002035947
 610     602    -0.002126744
 610     603    -0.002292434
 610     604    -0.001556232
 610     610     2.026200000
 610     611    -0.006939525
 610     612    -0.004682079
 610     613     0.000571646
 611    5620    -0.002679563
 611    5621    -0.000401746
 611     602    -0.000570212
 611     603    -0.000353326
 611     604     0.000358424
 611     610    -0.006939525
 611     611     2.074200001
 611     612     0.016838068
 611     613     0.000702590
 612    5620     0.011316036
 612    5621     0.007171258
 612     602    -0.002373531
 612     603    -0.000220973
 612     604     0.001089683
 612     610    -0.004682079
 612     611     0.016838068
 612     612     2.106900000
 612     613    -0.000168979
 613    5620    -0.005332708
 613    5621     0.007594295
 613     602     0.000359219
 613     603     0.004350354
 613     604    -0.001043925
 613     610     0.000571646
 613     611     0.000702590
 613     612    -0.000168979
 613     613     2.054300000
