5620    5620     2.426299998
5620    5621     0.005734517
5620     602    -0.001746804
5620     603     0.005150740
5620     604    -0.002744816
5620     610     0.005876674
5620     611    -0.002729940
5620     612    -0.015815716
5620     613    -0.004721502
5621    5620     0.005734517
5621    5621     2.403000003
5621     602     0.005379853
5621     603    -0.006294695
5621     604     0.032054115
5621     610    -0.000493274
5621     611     0.000297447
5621     612    -0.008026800
5621     613    -0.007139204
 602    5620    -0.001746804
 602    5621     0.005379853
 602     602     1.972500002
 602     603     0.000097106
 602     604    -0.001045266
 602     610    -0.001634093
 602     611    -0.000833990
 602     612     0.002209352
 602     613     0.000134814
 603    5620     0.005150740
 603    5621    -0.006294695
 603     602     0.000097106
 603     603     1.972200000
 603     604    -0.001023068
 603     610     0.001847286
 603     611    -0.000499562
 603     612    -0.000396205
 603     613    -0.004239485
 604    5620    -0.002744816
 604    5621     0.032054115
 604     602    -0.001045266
 604     603    -0.001023068
 604     604     2.098600000
 604     610     0.000257071
 604     611    -0.000775086
 604     612     0.000763595
 604     613    -0.001447878
 610    5620     0.005876674
 610    5621    -0.000493274
 610     602    -0.001634093
 610     603     0.001847286
 610     604     0.000257071
 610     610     2.078400000
 610     611    -0.005939040
 610     612     0.008558447
 610     613     0.000458165
 611    5620    -0.002729940
 611    5621     0.000297447
 611     602    -0.000833990
 611     603    -0.000499562
 611     604    -0.000775086
 611     610    -0.005939040
 611     611     2.012400001
 611     612    -0.015686818
 611     613    -0.000861071
 612    5620    -0.015815716
 612    5621    -0.008026800
 612     602     0.002209352
 612     603    -0.000396205
 612     604     0.000763595
 612     610     0.008558447
 612     611    -0.015686818
 612     612     1.975400000
 612     613     0.000131365
 613    5620    -0.004721502
 613    5621    -0.007139204
 613     602     0.000134814
 613     603    -0.004239485
 613     604    -0.001447878
 613     610     0.000458165
 613     611    -0.000861071
 613     612     0.000131365
 613     613     2.076800000
