5620    5620     2.386699998
5620    5621     0.004711121
5620     602     0.001543107
5620     603    -0.005611611
5620     604    -0.001068353
5620     610    -0.003235985
5620     611    -0.003045051
5620     612    -0.009921233
5620     613     0.004985734
5621    5620     0.004711121
5621    5621     2.250700003
5621     602    -0.000786310
5621     603    -0.029342349
5621     604    -0.035812386
5621     610     0.002977129
5621     611     0.000341389
5621     612     0.006596610
5621     613     0.007714499
 602    5620     0.001543107
 602    5621    -0.000786310
 602     602     1.914100002
 602     603    -0.009181826
 602     604    -0.001669690
 602     610    -0.002504169
 602     611     0.001045814
 602     612    -0.002668099
 602     613    -0.000525080
 603    5620    -0.005611611
 603    5621    -0.029342349
 603     602    -0.009181826
 603     603     1.947700000
 603     604    -0.001239507
 603     610    -0.002254020
 603     611    -0.000251402
 603     612    -0.000125787
 603     613     0.003625530
 604    5620    -0.001068353
 604    5621    -0.035812386
 604     602    -0.001669690
 604     603    -0.001239507
 604     604     2.014200000
 604     610     0.002138994
 604     611    -0.000504745
 604     612     0.001165564
 604     613     0.001108896
 610    5620    -0.003235985
 610    5621     0.002977129
 610     602    -0.002504169
 610     603    -0.002254020
 610     604     0.002138994
 610     610     1.967100000
 610     611    -0.008159925
 610     612    -0.009116532
 610     613     0.000450414
 611    5620    -0.003045051
 611    5621     0.000341389
 611     602     0.001045814
 611     603    -0.000251402
 611     604    -0.000504745
 611     610    -0.008159925
 611     611     2.058900001
 611     612    -0.016969472
 611     613     0.000618329
 612    5620    -0.009921233
 612    5621     0.006596610
 612     602    -0.002668099
 612     603    -0.000125787
 612     604     0.001165564
 612     610    -0.009116532
 612     611    -0.016969472
 612     612     2.048100000
 612     613     0.000157950
 613    5620     0.004985734
 613    5621     0.007714499
 613     602    -0.000525080
 613     603     0.003625530
 613     604     0.001108896
 613     610     0.000450414
 613     611     0.000618329
 613     612     0.000157950
 613     613     2.032600000
