5620    5620     2.297399998
5620    5621     0.002057674
5620     602     0.001278633
5620     603     0.006334678
5620     604    -0.002801473
5620     610    -0.000594904
5620     611     0.001760181
5620     612    -0.004452738
5620     613    -0.008064415
5621    5620     0.002057674
5621    5621     2.458200003
5621     602     0.004312752
5621     603     0.020511911
5621     604    -0.030336537
5621     610    -0.001400634
5621     611    -0.000385723
5621     612    -0.007253507
5621     613    -0.006510739
 602    5620     0.001278633
 602    5621     0.004312752
 602     602     1.902300002
 602     603    -0.007784943
 602     604    -0.001749614
 602     610     0.001676766
 602     611     0.000319948
 602     612     0.002780954
 602     613     0.000600284
 603    5620     0.006334678
 603    5621     0.020511911
 603     602    -0.007784943
 603     603     1.857000000
 603     604    -0.000900621
 603     610     0.001791814
 603     611    -0.000362483
 603     612    -0.000004953
 603     613    -0.004634975
 604    5620    -0.002801473
 604    5621    -0.030336537
 604     602    -0.001749614
 604     603    -0.000900621
 604     604     2.152900000
 604     610     0.001050820
 604     611    -0.000358001
 604     612    -0.000774469
 604     613    -0.001074273
 610    5620    -0.000594904
 610    5621    -0.001400634
 610     602     0.001676766
 610     603     0.001791814
 610     604     0.001050820
 610     610     2.106200000
 610     611     0.005653869
 610     612     0.005950034
 610     613     0.000528577
 611    5620     0.001760181
 611    5621    -0.000385723
 611     602     0.000319948
 611     603    -0.000362483
 611     604    -0.000358001
 611     610     0.005653869
 611     611     2.053800001
 611     612     0.017873217
 611     613    -0.000800642
 612    5620    -0.004452738
 612    5621    -0.007253507
 612     602     0.002780954
 612     603    -0.000004953
 612     604    -0.000774469
 612     610     0.005950034
 612     611     0.017873217
 612     612     2.016300000
 612     613     0.000350381
 613    5620    -0.008064415
 613    5621    -0.006510739
 613     602     0.000600284
 613     603    -0.004634975
 613     604    -0.001074273
 613     610     0.000528577
 613     611    -0.000800642
 613     612     0.000350381
 613     613     1.979100000
