5620    5620     2.386899998
5620    5621     0.004312735
5620     602    -0.002287534
5620     603    -0.006176705
5620     604     0.001009508
5620     610    -0.000499009
5620     611    -0.000961869
5620     612    -0.002774527
5620     613     0.005164863
5621    5620     0.004312735
5621    5621     2.304400003
5621     602    -0.003569907
5621     603     0.022105458
5621     604     0.030030320
5621     610     0.003204573
5621     611     0.000055734
5621     612     0.008013324
5621     613     0.006491814
 602    5620    -0.002287534
 602    5621    -0.003569907
 602     602     2.010900002
 602     603     0.001641973
 602     604     0.000996482
 602     610    -0.002290992
 602     611     0.000846611
 602     612    -0.002323840
 602     613     0.000054423
 603    5620    -0.006176705
 603    5621     0.022105458
 603     602     0.001641973
 603     603     1.901900000
 603     604     0.000234773
 603     610     0.002183887
 603     611     0.000437572
 603     612     0.000278475
 603     613    -0.004074358
 604    5620     0.001009508
 604    5621     0.030030320
 604     602     0.000996482
 604     603     0.000234773
 604     604     2.007700000
 604     610    -0.001804515
 604     611     0.000566881
 604     612    -0.000102142
 604     613     0.001157056
 610    5620    -0.000499009
 610    5621     0.003204573
 610     602    -0.002290992
 610     603     0.002183887
 610     604    -0.001804515
 610     610     2.037100000
 610     611    -0.006245123
 610     612     0.005632891
 610     613    -0.000364134
 611    5620    -0.000961869
 611    5621     0.000055734
 611     602     0.000846611
 611     603     0.000437572
 611     604     0.000566881
 611     610    -0.006245123
 611     611     2.129300001
 611     612     0.021375785
 611     613    -0.000701569
 612    5620    -0.002774527
 612    5621     0.008013324
 612     602    -0.002323840
 612     603     0.000278475
 612     604    -0.000102142
 612     610     0.005632891
 612     611     0.021375785
 612     612     2.004100000
 612     613     0.000279177
 613    5620     0.005164863
 613    5621     0.006491814
 613     602     0.000054423
 613     603    -0.004074358
 613     604     0.001157056
 613     610    -0.000364134
 613     611    -0.000701569
 613     612     0.000279177
 613     613     2.097600000
