5620    5620     2.493499998
5620    5621     0.004780060
5620     602     0.002168758
5620     603     0.005160515
5620     604    -0.002398061
5620     610     0.007953196
5620     611     0.000414310
5620     612     0.003511778
5620     613    -0.008962464
5621    5620     0.004780060
5621    5621     2.303100003
5621     602     0.006531404
5621     603     0.022033087
5621     604    -0.036270863
5621     610     0.001274196
5621     611     0.000576980
5621     612     0.007000503
5621     613    -0.006277813
 602    5620     0.002168758
 602    5621     0.006531404
 602     602     1.953500002
 602     603    -0.007743279
 602     604     0.001466121
 602     610    -0.002266514
 602     611    -0.001451929
 602     612     0.002134569
 602     613    -0.000455291
 603    5620     0.005160515
 603    5621     0.022033087
 603     602    -0.007743279
 603     603     1.861500000
 603     604     0.000795640
 603     610    -0.002118920
 603     611    -0.000731535
 603     612     0.000192790
 603     613     0.003301375
 604    5620    -0.002398061
 604    5621    -0.036270863
 604     602     0.001466121
 604     603     0.000795640
 604     604     2.034200000
 604     610    -0.000648402
 604     611     0.000955505
 604     612     0.000616295
 604     613     0.001214442
 610    5620     0.007953196
 610    5621     0.001274196
 610     602    -0.002266514
 610     603    -0.002118920
 610     604    -0.000648402
 610     610     1.992100000
 610     611     0.005905155
 610     612    -0.004934653
 610     613    -0.000710313
 611    5620     0.000414310
 611    5621     0.000576980
 611     602    -0.001451929
 611     603    -0.000731535
 611     604     0.000955505
 611     610     0.005905155
 611     611     1.965000001
 611     612     0.010342426
 611     613    -0.001068518
 612    5620     0.003511778
 612    5621     0.007000503
 612     602     0.002134569
 612     603     0.000192790
 612     604     0.000616295
 612     610    -0.004934653
 612     611     0.010342426
 612     612     2.041300000
 612     613    -0.000520111
 613    5620    -0.008962464
 613    5621    -0.006277813
 613     602    -0.000455291
 613     603     0.003301375
 613     604     0.001214442
 613     610    -0.000710313
 613     611    -0.001068518
 613     612    -0.000520111
 613     613     1.986400000
