5620    5620     2.394499998
5620    5621    -0.007162895
5620     602    -0.000234832
5620     603     0.006591151
5620     604    -0.001126946
5620     610    -0.002671780
5620     611    -0.001163767
5620     612     0.020860239
5620     613     0.006047135
5621    5620    -0.007162895
5621    5621     2.531300003
5621     602     0.000795606
5621     603     0.017340787
5621     604     0.030760959
5621     610     0.002319181
5621     611    -0.000020647
5621     612     0.007079277
5621     613    -0.009604090
 602    5620    -0.000234832
 602    5621     0.000795606
 602     602     1.925000002
 602     603     0.008158755
 602     604     0.001782508
 602     610    -0.001827379
 602     611     0.000014952
 602     612    -0.002939116
 602     613     0.001368605
 603    5620     0.006591151
 603    5621     0.017340787
 603     602     0.008158755
 603     603     1.897600000
 603     604     0.000163972
 603     610    -0.002239985
 603     611     0.000636917
 603     612    -0.000007421
 603     613    -0.005302977
 604    5620    -0.001126946
 604    5621     0.030760959
 604     602     0.001782508
 604     603     0.000163972
 604     604     2.003700000
 604     610    -0.001274598
 604     611     0.000473565
 604     612     0.000788019
 604     613    -0.001155277
 610    5620    -0.002671780
 610    5621     0.002319181
 610     602    -0.001827379
 610     603    -0.002239985
 610     604    -0.001274598
 610     610     1.997300000
 610     611    -0.006710393
 610     612     0.006322161
 610     613    -0.000510981
 611    5620    -0.001163767
 611    5621    -0.000020647
 611     602     0.000014952
 611     603     0.000636917
 611     604     0.000473565
 611     610    -0.006710393
 611     611     2.009300001
 611     612    -0.019515847
 611     613     0.000963473
 612    5620     0.020860239
 612    5621     0.007079277
 612     602    -0.002939116
 612     603    -0.000007421
 612     604     0.000788019
 612     610     0.006322161
 612     611    -0.019515847
 612     612     2.001500000
 612     613    -0.000097851
 613    5620     0.006047135
 613    5621    -0.009604090
 613     602     0.001368605
 613     603    -0.005302977
 613     604    -0.001155277
 613     610    -0.000510981
 613     611     0.000963473
 613     612    -0.000097851
 613     613     1.942300000
