5620    5620     2.392099998
5620    5621     0.003115135
5620     602    -0.001542420
5620     603     0.005405160
5620     604     0.001085681
5620     610    -0.000818377
5620     611     0.002607497
5620     612     0.002463002
5620     613    -0.002906418
5621    5620     0.003115135
5621    5621     2.415300003
5621     602     0.007209193
5621     603    -0.000910994
5621     604    -0.028646012
5621     610    -0.003105126
5621     611    -0.000160442
5621     612    -0.006922343
5621     613     0.005977877
 602    5620    -0.001542420
 602    5621     0.007209193
 602     602     1.991700002
 602     603    -0.002026262
 602     604     0.001153699
 602     610    -0.002280201
 602     611     0.000699428
 602     612    -0.002183981
 602     613    -0.000326421
 603    5620     0.005405160
 603    5621    -0.000910994
 603     602    -0.002026262
 603     603     1.947500000
 603     604     0.000734267
 603     610    -0.002015789
 603     611    -0.000204358
 603     612     0.000426274
 603     613    -0.003567951
 604    5620     0.001085681
 604    5621    -0.028646012
 604     602     0.001153699
 604     603     0.000734267
 604     604     2.013300000
 604     610     0.001522255
 604     611     0.000496845
 604     612    -0.000050201
 604     613    -0.001133505
 610    5620    -0.000818377
 610    5621    -0.003105126
 610     602    -0.002280201
 610     603    -0.002015789
 610     604     0.001522255
 610     610     1.993000000
 610     611    -0.005797470
 610     612    -0.002791181
 610     613    -0.000242329
 611    5620     0.002607497
 611    5621    -0.000160442
 611     602     0.000699428
 611     603    -0.000204358
 611     604     0.000496845
 611     610    -0.005797470
 611     611     2.038300001
 611     612     0.016024380
 611     613     0.000576840
 612    5620     0.002463002
 612    5621    -0.006922343
 612     602    -0.002183981
 612     603     0.000426274
 612     604    -0.000050201
 612     610    -0.002791181
 612     611     0.016024380
 612     612     2.047900000
 612     613     0.000155858
 613    5620    -0.002906418
 613    5621     0.005977877
 613     602    -0.000326421
 613     603    -0.003567951
 613     604    -0.001133505
 613     610    -0.000242329
 613     611     0.000576840
 613     612     0.000155858
 613     613     2.046600000
