5620    5620     2.283699998
5620    5621    -0.005708223
5620     602     0.000701954
5620     603    -0.006843519
5620     604    -0.002106220
5620     610    -0.001002645
5620     611     0.001219245
5620     612     0.016624821
5620     613    -0.003952566
5621    5620    -0.005708223
5621    5621     2.274400003
5621     602    -0.002508303
5621     603    -0.031993233
5621     604    -0.028396764
5621     610     0.002418432
5621     611    -0.000452775
5621     612    -0.008259069
5621     613     0.009971213
 602    5620     0.000701954
 602    5621    -0.002508303
 602     602     1.937600002
 602     603     0.007286890
 602     604     0.001426555
 602     610    -0.001826605
 602     611    -0.000642214
 602     612     0.002610690
 602     613     0.001065532
 603    5620    -0.006843519
 603    5621    -0.031993233
 603     602     0.007286890
 603     603     1.867400000
 603     604    -0.001237077
 603     610    -0.002406340
 603     611     0.000391926
 603     612     0.000417428
 603     613    -0.005236991
 604    5620    -0.002106220
 604    5621    -0.028396764
 604     602     0.001426555
 604     603    -0.001237077
 604     604     2.123200000
 604     610    -0.001345837
 604     611     0.000758871
 604     612    -0.000258006
 604     613     0.001282645
 610    5620    -0.001002645
 610    5621     0.002418432
 610     602    -0.001826605
 610     603    -0.002406340
 610     604    -0.001345837
 610     610     2.029800000
 610     611     0.007166856
 610     612     0.006994461
 610     613     0.000487044
 611    5620     0.001219245
 611    5621    -0.000452775
 611     602    -0.000642214
 611     603     0.000391926
 611     604     0.000758871
 611     610     0.007166856
 611     611     1.964800001
 611     612    -0.018155425
 611     613     0.000916182
 612    5620     0.016624821
 612    5621    -0.008259069
 612     602     0.002610690
 612     603     0.000417428
 612     604    -0.000258006
 612     610     0.006994461
 612     611    -0.018155425
 612     612     2.014700000
 612     613    -0.000382765
 613    5620    -0.003952566
 613    5621     0.009971213
 613     602     0.001065532
 613     603    -0.005236991
 613     604     0.001282645
 613     610     0.000487044
 613     611     0.000916182
 613     612    -0.000382765
 613     613     1.938200000
