5620    5620     2.351499998
5620    5621     0.005668177
5620     602     0.001928369
5620     603    -0.005349371
5620     604    -0.000721346
5620     610    -0.001709102
5620     611     0.001308639
5620     612    -0.006179421
5620     613     0.008608500
5621    5620     0.005668177
5621    5621     2.266500003
5621     602     0.002777131
5621     603    -0.027310325
5621     604    -0.032432761
5621     610     0.003153428
5621     611    -0.000348924
5621     612    -0.006337131
5621     613    -0.008252675
 602    5620     0.001928369
 602    5621     0.002777131
 602     602     1.897900002
 602     603    -0.009467517
 602     604     0.001679469
 602     610    -0.002592528
 602     611    -0.000672901
 602     612     0.002522947
 602     613     0.000072685
 603    5620    -0.005349371
 603    5621    -0.027310325
 603     602    -0.009467517
 603     603     1.946700000
 603     604     0.000861659
 603     610     0.002019743
 603     611    -0.000456975
 603     612     0.000097895
 603     613     0.003703424
 604    5620    -0.000721346
 604    5621    -0.032432761
 604     602     0.001679469
 604     603     0.000861659
 604     604     2.043000000
 604     610     0.001947181
 604     611     0.000422886
 604     612     0.000767560
 604     613     0.000875172
 610    5620    -0.001709102
 610    5621     0.003153428
 610     602    -0.002592528
 610     603     0.002019743
 610     604     0.001947181
 610     610     2.056500000
 610     611    -0.005901523
 610     612     0.002020535
 610     613     0.000490085
 611    5620     0.001308639
 611    5621    -0.000348924
 611     602    -0.000672901
 611     603    -0.000456975
 611     604     0.000422886
 611     610    -0.005901523
 611     611     2.064800001
 611     612     0.015776598
 611     613    -0.000893016
 612    5620    -0.006179421
 612    5621    -0.006337131
 612     602     0.002522947
 612     603     0.000097895
 612     604     0.000767560
 612     610     0.002020535
 612     611     0.015776598
 612     612     2.090700000
 612     613    -0.000352381
 613    5620     0.008608500
 613    5621    -0.008252675
 613     602     0.000072685
 613     603     0.003703424
 613     604     0.000875172
 613     610     0.000490085
 613     611    -0.000893016
 613     612    -0.000352381
 613     613     1.950800000
