5620    5620     2.644699998
5620    5621     0.002760458
5620     602     0.000768297
5620     603    -0.006115192
5620     604     0.000071369
5620     610    -0.002615493
5620     611    -0.001764299
5620     612     0.005404858
5620     613    -0.005790232
5621    5620     0.002760458
5621    5621     2.291300003
5621     602    -0.002766634
5621     603    -0.016574612
5621     604    -0.031426061
5621     610     0.002254257
5621     611     0.000066193
5621     612     0.008011341
5621     613     0.006725780
 602    5620     0.000768297
 602    5621    -0.002766634
 602     602     1.987600002
 602     603     0.007864563
 602     604    -0.001746133
 602     610     0.001414515
 602     611    -0.000386522
 602     612     0.002713820
 602     613     0.001504635
 603    5620    -0.006115192
 603    5621    -0.016574612
 603     602     0.007864563
 603     603     1.887900000
 603     604    -0.000183254
 603     610    -0.002387912
 603     611    -0.000544934
 603     612    -0.000311305
 603     613    -0.004166415
 604    5620     0.000071369
 604    5621    -0.031426061
 604     602    -0.001746133
 604     603    -0.000183254
 604     604     2.069000000
 604     610     0.001246629
 604     611    -0.000584884
 604     612     0.000029853
 604     613     0.001049381
 610    5620    -0.002615493
 610    5621     0.002254257
 610     602     0.001414515
 610     603    -0.002387912
 610     604     0.001246629
 610     610     2.065800000
 610     611    -0.006390387
 610     612    -0.004322450
 610     613    -0.000560148
 611    5620    -0.001764299
 611    5621     0.000066193
 611     602    -0.000386522
 611     603    -0.000544934
 611     604    -0.000584884
 611     610    -0.006390387
 611     611     2.070800001
 611     612     0.017279855
 611     613    -0.000997269
 612    5620     0.005404858
 612    5621     0.008011341
 612     602     0.002713820
 612     603    -0.000311305
 612     604     0.000029853
 612     610    -0.004322450
 612     611     0.017279855
 612     612     2.078600000
 612     613     0.000301045
 613    5620    -0.005790232
 613    5621     0.006725780
 613     602     0.001504635
 613     603    -0.004166415
 613     604     0.001049381
 613     610    -0.000560148
 613     611    -0.000997269
 613     612     0.000301045
 613     613     1.970900000
