5620    5620     2.408699998
5620    5621     0.005852423
5620     602     0.000190246
5620     603     0.005682140
5620     604    -0.001478012
5620     610    -0.003879295
5620     611     0.002895089
5620     612    -0.007388920
5620     613    -0.006201048
5621    5620     0.005852423
5621    5621     2.360700003
5621     602    -0.000633562
5621     603     0.021848263
5621     604     0.029111026
5621     610     0.002336713
5621     611     0.000551338
5621     612     0.006886496
5621     613     0.006039559
 602    5620     0.000190246
 602    5621    -0.000633562
 602     602     1.921000002
 602     603    -0.011168929
 602     604     0.001703337
 602     610    -0.001674927
 602     611    -0.000180117
 602     612    -0.002653666
 602     613     0.001030002
 603    5620     0.005682140
 603    5621     0.021848263
 603     602    -0.011168929
 603     603     1.903900000
 603     604     0.000546972
 603     610    -0.002047564
 603     611    -0.000327892
 603     612    -0.000002119
 603     613     0.003175127
 604    5620    -0.001478012
 604    5621     0.029111026
 604     602     0.001703337
 604     603     0.000546972
 604     604     2.062800000
 604     610     0.001135961
 604     611    -0.000724346
 604     612     0.000187390
 604     613     0.000927436
 610    5620    -0.003879295
 610    5621     0.002336713
 610     602    -0.001674927
 610     603    -0.002047564
 610     604     0.001135961
 610     610     2.065100000
 610     611     0.006477531
 610     612     0.003292429
 610     613    -0.000372683
 611    5620     0.002895089
 611    5621     0.000551338
 611     602    -0.000180117
 611     603    -0.000327892
 611     604    -0.000724346
 611     610     0.006477531
 611     611     2.012200001
 611     612     0.020065653
 611     613     0.000601903
 612    5620    -0.007388920
 612    5621     0.006886496
 612     602    -0.002653666
 612     603    -0.000002119
 612     604     0.000187390
 612     610     0.003292429
 612     611     0.020065653
 612     612     2.048800000
 612     613     0.000173899
 613    5620    -0.006201048
 613    5621     0.006039559
 613     602     0.001030002
 613     603     0.003175127
 613     604     0.000927436
 613     610    -0.000372683
 613     611     0.000601903
 613     612     0.000173899
 613     613     1.996700000
