5620    5620     2.547399998
5620    5621    -0.005579394
5620     602     0.002031376
5620     603     0.006247743
5620     604    -0.000081091
5620     610    -0.000492520
5620     611     0.000988058
5620     612     0.001425788
5620     613     0.008874106
5621    5620    -0.005579394
5621    5621     2.525500003
5621     602     0.002505783
5621     603    -0.015363538
5621     604    -0.031785222
5621     610    -0.000751025
5621     611     0.000097658
5621     612    -0.005404762
5621     613     0.005871765
 602    5620     0.002031376
 602    5621     0.002505783
 602     602     1.973800002
 602     603     0.005739288
 602     604     0.001705277
 602     610     0.001930062
 602     611     0.000915954
 602     612    -0.002124542
 602     613     0.000016330
 603    5620     0.006247743
 603    5621    -0.015363538
 603     602     0.005739288
 603     603     1.939300000
 603     604    -0.000039548
 603     610     0.002197719
 603     611    -0.000482926
 603     612    -0.000378854
 603     613     0.003815821
 604    5620    -0.000081091
 604    5621    -0.031785222
 604     602     0.001705277
 604     603    -0.000039548
 604     604     1.958900000
 604     610     0.001075800
 604     611     0.000686239
 604     612     0.000422560
 604     613    -0.001065238
 610    5620    -0.000492520
 610    5621    -0.000751025
 610     602     0.001930062
 610     603     0.002197719
 610     604     0.001075800
 610     610     2.027700000
 610     611    -0.006181577
 610     612     0.003860665
 610     613     0.000651077
 611    5620     0.000988058
 611    5621     0.000097658
 611     602     0.000915954
 611     603    -0.000482926
 611     604     0.000686239
 611     610    -0.006181577
 611     611     2.070400001
 611     612     0.014338054
 611     613    -0.000804160
 612    5620     0.001425788
 612    5621    -0.005404762
 612     602    -0.002124542
 612     603    -0.000378854
 612     604     0.000422560
 612     610     0.003860665
 612     611     0.014338054
 612     612     1.999900000
 612     613     0.000455486
 613    5620     0.008874106
 613    5621     0.005871765
 613     602     0.000016330
 613     603     0.003815821
 613     604    -0.001065238
 613     610     0.000651077
 613     611    -0.000804160
 613     612     0.000455486
 613     613     1.999500000
