5620    5620     2.425999998
5620    5621     0.004357203
5620     602    -0.000533445
5620     603    -0.005717343
5620     604     0.000799315
5620     610    -0.002227373
5620     611    -0.000231376
5620     612    -0.000288642
5620     613     0.002598199
5621    5620     0.004357203
5621    5621     2.476000003
5621     602    -0.000302396
5621     603     0.007484960
5621     604    -0.034710235
5621     610     0.001405922
5621     611     0.000188804
5621     612    -0.007625996
5621     613     0.008678971
 602    5620    -0.000533445
 602    5621    -0.000302396
 602     602     2.017200002
 602     603    -0.005916591
 602     604    -0.001894726
 602     610    -0.001051360
 602     611    -0.000306180
 602     612    -0.002717749
 602     613     0.001580611
 603    5620    -0.005717343
 603    5621     0.007484960
 603     602    -0.005916591
 603     603     1.936400000
 603     604     0.000854805
 603     610     0.001995897
 603     611    -0.000551901
 603     612    -0.000438926
 603     613     0.004327701
 604    5620     0.000799315
 604    5621    -0.034710235
 604     602    -0.001894726
 604     603     0.000854805
 604     604     1.990400000
 604     610    -0.001227631
 604     611    -0.000827599
 604     612     0.000241345
 604     613     0.001588197
 610    5620    -0.002227373
 610    5621     0.001405922
 610     602    -0.001051360
 610     603     0.001995897
 610     604    -0.001227631
 610     610     2.060500000
 610     611     0.006836929
 610     612     0.009385651
 610     613     0.000378912
 611    5620    -0.000231376
 611    5621     0.000188804
 611     602    -0.000306180
 611     603    -0.000551901
 611     604    -0.000827599
 611     610     0.006836929
 611     611     1.956900001
 611     612    -0.020168888
 611     613    -0.000892718
 612    5620    -0.000288642
 612    5621    -0.007625996
 612     602    -0.002717749
 612     603    -0.000438926
 612     604     0.000241345
 612     610     0.009385651
 612     611    -0.020168888
 612     612     2.009100000
 612     613     0.000034009
 613    5620     0.002598199
 613    5621     0.008678971
 613     602     0.001580611
 613     603     0.004327701
 613     604     0.001588197
 613     610     0.000378912
 613     611    -0.000892718
 613     612     0.000034009
 613     613     1.954500000
