5620    5620     2.331499998
5620    5621    -0.003423879
5620     602     0.002073394
5620     603    -0.005399792
5620     604     0.000585316
5620     610    -0.002806666
5620     611    -0.000711306
5620     612    -0.000779306
5620     613     0.007702227
5621    5620    -0.003423879
5621    5621     2.223800003
5621     602     0.002447592
5621     603     0.020991966
5621     604     0.032074529
5621     610    -0.002293621
5621     611    -0.000693459
5621     612    -0.007264315
5621     613    -0.006504303
 602    5620     0.002073394
 602    5621     0.002447592
 602     602     1.848400002
 602     603     0.008553582
 602     604     0.001479076
 602     610    -0.002371617
 602     611     0.001068584
 602     612    -0.002679011
 602     613     0.000076442
 603    5620    -0.005399792
 603    5621     0.020991966
 603     602     0.008553582
 603     603     1.958200000
 603     604    -0.000354541
 603     610    -0.002236986
 603     611    -0.000531644
 603     612    -0.000039725
 603     613    -0.002990848
 604    5620     0.000585316
 604    5621     0.032074529
 604     602     0.001479076
 604     603    -0.000354541
 604     604     2.087100000
 604     610     0.001461275
 604     611    -0.000565804
 604     612    -0.000161601
 604     613     0.000981252
 610    5620    -0.002806666
 610    5621    -0.002293621
 610     602    -0.002371617
 610     603    -0.002236986
 610     604     0.001461275
 610     610     1.991900000
 610     611     0.006665130
 610     612    -0.009264302
 610     613     0.000620348
 611    5620    -0.000711306
 611    5621    -0.000693459
 611     602     0.001068584
 611     603    -0.000531644
 611     604    -0.000565804
 611     610     0.006665130
 611     611     1.999000001
 611     612     0.017562470
 611     613    -0.000976231
 612    5620    -0.000779306
 612    5621    -0.007264315
 612     602    -0.002679011
 612     603    -0.000039725
 612     604    -0.000161601
 612     610    -0.009264302
 612     611     0.017562470
 612     612     2.077200000
 612     613     0.000181545
 613    5620     0.007702227
 613    5621    -0.006504303
 613     602     0.000076442
 613     603    -0.002990848
 613     604     0.000981252
 613     610     0.000620348
 613     611    -0.000976231
 613     612     0.000181545
 613     613     2.052600000
