5620    5620     2.460099998
5620    5621     0.006347776
5620     602    -0.000123244
5620     603     0.005366106
5620     604    -0.001611967
5620     610     0.008947988
5620     611    -0.002304209
5620     612    -0.018396848
5620     613    -0.007048890
5621    5620     0.006347776
5621    5621     2.404300003
5621     602    -0.003748097
5621     603     0.029482333
5621     604    -0.030025867
5621     610     0.002802484
5621     611    -0.000453964
5621     612    -0.005685396
5621     613     0.008057656
 602    5620    -0.000123244
 602    5621    -0.003748097
 602     602     1.999400002
 602     603    -0.009484352
 602     604     0.001391152
 602     610     0.001566674
 602     611     0.000201246
 602     612     0.001989337
 602     613     0.001094347
 603    5620     0.005366106
 603    5621     0.029482333
 603     602    -0.009484352
 603     603     1.950700000
 603     604     0.000665748
 603     610    -0.002490167
 603     611     0.000596645
 603     612    -0.000159459
 603     613    -0.003886240
 604    5620    -0.001611967
 604    5621    -0.030025867
 604     602     0.001391152
 604     603     0.000665748
 604     604     2.090700000
 604     610    -0.001868582
 604     611     0.000291439
 604     612    -0.001206192
 604     613     0.000772451
 610    5620     0.008947988
 610    5621     0.002802484
 610     602     0.001566674
 610     603    -0.002490167
 610     604    -0.001868582
 610     610     2.022600000
 610     611     0.006159854
 610     612    -0.006815602
 610     613     0.000541508
 611    5620    -0.002304209
 611    5621    -0.000453964
 611     602     0.000201246
 611     603     0.000596645
 611     604     0.000291439
 611     610     0.006159854
 611     611     2.110000001
 611     612    -0.015292812
 611     613    -0.000853848
 612    5620    -0.018396848
 612    5621    -0.005685396
 612     602     0.001989337
 612     603    -0.000159459
 612     604    -0.001206192
 612     610    -0.006815602
 612     611    -0.015292812
 612     612     2.127400000
 612     613    -0.000012803
 613    5620    -0.007048890
 613    5621     0.008057656
 613     602     0.001094347
 613     603    -0.003886240
 613     604     0.000772451
 613     610     0.000541508
 613     611    -0.000853848
 613     612    -0.000012803
 613     613     1.950600000
