5620    5620     2.442499998
5620    5621     0.003682538
5620     602    -0.001837959
5620     603     0.004882897
5620     604    -0.001119561
5620     610    -0.006797082
5620     611    -0.000655837
5620     612    -0.001096857
5620     613     0.006859068
5621    5620     0.003682538
5621    5621     2.267600003
5621     602     0.002453427
5621     603    -0.018323527
5621     604    -0.030887136
5621     610    -0.000609816
5621     611    -0.000542747
5621     612     0.008226433
5621     613    -0.007502492
 602    5620    -0.001837959
 602    5621     0.002453427
 602     602     1.946000002
 602     603    -0.007350606
 602     604     0.001324639
 602     610     0.002204431
 602     611     0.000425864
 602     612     0.002539703
 602     613    -0.000017187
 603    5620     0.004882897
 603    5621    -0.018323527
 603     602    -0.007350606
 603     603     1.954100000
 603     604    -0.000568701
 603     610     0.002104371
 603     611    -0.000400256
 603     612     0.000127135
 603     613    -0.002931319
 604    5620    -0.001119561
 604    5621    -0.030887136
 604     602     0.001324639
 604     603    -0.000568701
 604     604     2.117700000
 604     610    -0.000669913
 604     611     0.000560720
 604     612     0.000033700
 604     613    -0.000941218
 610    5620    -0.006797082
 610    5621    -0.000609816
 610     602     0.002204431
 610     603     0.002104371
 610     604    -0.000669913
 610     610     1.951100000
 610     611    -0.006862136
 610     612    -0.003275804
 610     613    -0.000699225
 611    5620    -0.000655837
 611    5621    -0.000542747
 611     602     0.000425864
 611     603    -0.000400256
 611     604     0.000560720
 611     610    -0.006862136
 611     611     2.045300001
 611     612     0.016828267
 611     613    -0.000756498
 612    5620    -0.001096857
 612    5621     0.008226433
 612     602     0.002539703
 612     603     0.000127135
 612     604     0.000033700
 612     610    -0.003275804
 612     611     0.016828267
 612     612     1.933900000
 612     613    -0.000288186
 613    5620     0.006859068
 613    5621    -0.007502492
 613     602    -0.000017187
 613     603    -0.002931319
 613     604    -0.000941218
 613     610    -0.000699225
 613     611    -0.000756498
 613     612    -0.000288186
 613     613     1.999300000
