5620    5620     2.269299998
5620    5621     0.003852337
5620     602     0.001008538
5620     603     0.006181761
5620     604     0.000632598
5620     610     0.003612027
5620     611    -0.001482942
5620     612     0.016813399
5620     613     0.007545385
5621    5620     0.003852337
5621    5621     2.446800003
5621     602     0.006205157
5621     603     0.020211594
5621     604     0.031182909
5621     610     0.002261091
5621     611    -0.000314342
5621     612    -0.007271892
5621     613    -0.006903655
 602    5620     0.001008538
 602    5621     0.006205157
 602     602     1.966100002
 602     603    -0.007355290
 602     604     0.001760762
 602     610     0.002130378
 602     611     0.000267588
 602     612     0.002734792
 602     613     0.000522850
 603    5620     0.006181761
 603    5621     0.020211594
 603     602    -0.007355290
 603     603     1.889600000
 603     604     0.000793633
 603     610    -0.002348537
 603     611    -0.000329947
 603     612    -0.000165837
 603     613     0.003967037
 604    5620     0.000632598
 604    5621     0.031182909
 604     602     0.001760762
 604     603     0.000793633
 604     604     2.036400000
 604     610    -0.001252124
 604     611     0.000530604
 604     612    -0.000172851
 604     613     0.001037103
 610    5620     0.003612027
 610    5621     0.002261091
 610     602     0.002130378
 610     603    -0.002348537
 610     604    -0.001252124
 610     610     1.970600000
 610     611    -0.006520231
 610     612     0.006399576
 610     613    -0.000628118
 611    5620    -0.001482942
 611    5621    -0.000314342
 611     602     0.000267588
 611     603    -0.000329947
 611     604     0.000530604
 611     610    -0.006520231
 611     611     2.086800001
 611     612     0.018647641
 611     613    -0.000811379
 612    5620     0.016813399
 612    5621    -0.007271892
 612     602     0.002734792
 612     603    -0.000165837
 612     604    -0.000172851
 612     610     0.006399576
 612     611     0.018647641
 612     612     2.019600000
 612     613     0.000037110
 613    5620     0.007545385
 613    5621    -0.006903655
 613     602     0.000522850
 613     603     0.003967037
 613     604     0.001037103
 613     610    -0.000628118
 613     611    -0.000811379
 613     612     0.000037110
 613     613     1.946300000
