5620    5620     2.325299998
5620    5621     0.005223499
5620     602    -0.000117102
5620     603    -0.006291774
5620     604    -0.003101942
5620     610     0.011410467
5620     611     0.002101919
5620     612    -0.011813574
5620     613    -0.007113790
5621    5620     0.005223499
5621    5621     2.379500003
5621     602     0.000395894
5621     603    -0.025285225
5621     604     0.035981067
5621     610    -0.000642192
5621     611     0.000535821
5621     612     0.006455993
5621     613     0.006970155
 602    5620    -0.000117102
 602    5621     0.000395894
 602     602     1.939800002
 602     603    -0.011907497
 602     604    -0.002012369
 602     610     0.001161723
 602     611    -0.000455797
 602     612    -0.002603177
 602     613     0.001111653
 603    5620    -0.006291774
 603    5621    -0.025285225
 603     602    -0.011907497
 603     603     1.890800000
 603     604    -0.001358041
 603     610    -0.002120209
 603     611     0.000439242
 603     612     0.000046046
 603     613    -0.003855355
 604    5620    -0.003101942
 604    5621     0.035981067
 604     602    -0.002012369
 604     603    -0.001358041
 604     604     2.062200000
 604     610    -0.001220542
 604     611     0.000354570
 604     612    -0.001190624
 604     613     0.000919285
 610    5620     0.011410467
 610    5621    -0.000642192
 610     602     0.001161723
 610     603    -0.002120209
 610     604    -0.001220542
 610     610     1.998500000
 610     611     0.006779752
 610     612    -0.005574527
 610     613     0.000614124
 611    5620     0.002101919
 611    5621     0.000535821
 611     602    -0.000455797
 611     603     0.000439242
 611     604     0.000354570
 611     610     0.006779752
 611     611     2.019100001
 611     612     0.015898211
 611     613    -0.000704782
 612    5620    -0.011813574
 612    5621     0.006455993
 612     602    -0.002603177
 612     603     0.000046046
 612     604    -0.001190624
 612     610    -0.005574527
 612     611     0.015898211
 612     612     2.117000000
 612     613    -0.000214434
 613    5620    -0.007113790
 613    5621     0.006970155
 613     602     0.001111653
 613     603    -0.003855355
 613     604     0.000919285
 613     610     0.000614124
 613     611    -0.000704782
 613     612    -0.000214434
 613     613     2.011900000
