5620    5620     2.248399998
5620    5621    -0.004343135
5620     602    -0.000185055
5620     603     0.006598106
5620     604     0.001811738
5620     610     0.000090748
5620     611     0.001318635
5620     612     0.004904990
5620     613    -0.007818049
5621    5620    -0.004343135
5621    5621     2.417400003
5621     602    -0.001320088
5621     603    -0.022450557
5621     604    -0.023315375
5621     610    -0.002837935
5621     611     0.000455011
5621     612     0.007263854
5621     613    -0.005638977
 602    5620    -0.000185055
 602    5621    -0.001320088
 602     602     2.019000002
 602     603    -0.012184482
 602     604     0.001387905
 602     610     0.001568423
 602     611    -0.000420525
 602     612    -0.002354238
 602     613    -0.000931327
 603    5620     0.006598106
 603    5621    -0.022450557
 603     602    -0.012184482
 603     603     1.885100000
 603     604     0.001086205
 603     610    -0.002570785
 603     611     0.000409520
 603     612    -0.000047163
 603     613    -0.003253812
 604    5620     0.001811738
 604    5621    -0.023315375
 604     602     0.001387905
 604     603     0.001086205
 604     604     2.060500000
 604     610    -0.001795541
 604     611    -0.000534766
 604     612    -0.000134269
 604     613     0.000745732
 610    5620     0.000090748
 610    5621    -0.002837935
 610     602     0.001568423
 610     603    -0.002570785
 610     604    -0.001795541
 610     610     2.042600000
 610     611    -0.006066468
 610     612    -0.004857874
 610     613    -0.000501499
 611    5620     0.001318635
 611    5621     0.000455011
 611     602    -0.000420525
 611     603     0.000409520
 611     604    -0.000534766
 611     610    -0.006066468
 611     611     2.054900001
 611     612     0.017977135
 611     613    -0.000625824
 612    5620     0.004904990
 612    5621     0.007263854
 612     602    -0.002354238
 612     603    -0.000047163
 612     604    -0.000134269
 612     610    -0.004857874
 612     611     0.017977135
 612     612     1.983100000
 612     613     0.000341441
 613    5620    -0.007818049
 613    5621    -0.005638977
 613     602    -0.000931327
 613     603    -0.003253812
 613     604     0.000745732
 613     610    -0.000501499
 613     611    -0.000625824
 613     612     0.000341441
 613     613     1.978400000
