5620    5620     2.525899998
5620    5621     0.005257331
5620     602    -0.000938204
5620     603    -0.005857860
5620     604    -0.001431158
5620     610    -0.001463969
5620     611     0.001995490
5620     612     0.013467134
5620     613     0.007785664
5621    5620     0.005257331
5621    5621     2.215000003
5621     602     0.002065737
5621     603    -0.019760606
5621     604    -0.028233331
5621     610     0.002198217
5621     611    -0.000285329
5621     612     0.006710308
5621     613    -0.007273852
 602    5620    -0.000938204
 602    5621     0.002065737
 602     602     1.981900002
 602     603     0.005760517
 602     604     0.001380200
 602     610     0.002013252
 602     611     0.000285026
 602     612    -0.002358448
 602     613    -0.000496820
 603    5620    -0.005857860
 603    5621    -0.019760606
 603     602     0.005760517
 603     603     1.886200000
 603     604    -0.000243533
 603     610    -0.002293381
 603     611     0.000606884
 603     612    -0.000102130
 603     613    -0.004405391
 604    5620    -0.001431158
 604    5621    -0.028233331
 604     602     0.001380200
 604     603    -0.000243533
 604     604     2.061800000
 604     610    -0.001414020
 604     611     0.000334233
 604     612    -0.000800148
 604     613    -0.000730497
 610    5620    -0.001463969
 610    5621     0.002198217
 610     602     0.002013252
 610     603    -0.002293381
 610     604    -0.001414020
 610     610     1.969000000
 610     611    -0.005927684
 610     612     0.008150774
 610     613     0.000511125
 611    5620     0.001995490
 611    5621    -0.000285329
 611     602     0.000285026
 611     603     0.000606884
 611     604     0.000334233
 611     610    -0.005927684
 611     611     2.096900001
 611     612     0.016218632
 611     613     0.000875620
 612    5620     0.013467134
 612    5621     0.006710308
 612     602    -0.002358448
 612     603    -0.000102130
 612     604    -0.000800148
 612     610     0.008150774
 612     611     0.016218632
 612     612     2.120600000
 612     613    -0.000106555
 613    5620     0.007785664
 613    5621    -0.007273852
 613     602    -0.000496820
 613     603    -0.004405391
 613     604    -0.000730497
 613     610     0.000511125
 613     611     0.000875620
 613     612    -0.000106555
 613     613     2.029900000
