5620    5620     2.238499998
5620    5621     0.004290676
5620     602    -0.000315261
5620     603     0.007141055
5620     604     0.001748728
5620     610    -0.003540350
5620     611     0.002713100
5620     612    -0.005552554
5620     613    -0.005853258
5621    5620     0.004290676
5621    5621     2.316700003
5621     602    -0.007714584
5621     603     0.026178274
5621     604    -0.030206757
5621     610     0.002426627
5621     611     0.000078375
5621     612     0.006836394
5621     613     0.007410253
 602    5620    -0.000315261
 602    5621    -0.007714584
 602     602     1.958600002
 602     603     0.006693905
 602     604     0.001647131
 602     610     0.001512898
 602     611    -0.000300472
 602     612     0.002678681
 602     613    -0.001470507
 603    5620     0.007141055
 603    5621     0.026178274
 603     602     0.006693905
 603     603     1.873600000
 603     604     0.000010046
 603     610    -0.002234830
 603     611    -0.000340813
 603     612     0.000534909
 603     613    -0.004706097
 604    5620     0.001748728
 604    5621    -0.030206757
 604     602     0.001647131
 604     603     0.000010046
 604     604     2.105300000
 604     610    -0.001011539
 604     611    -0.000633945
 604     612    -0.000661608
 604     613    -0.001159782
 610    5620    -0.003540350
 610    5621     0.002426627
 610     602     0.001512898
 610     603    -0.002234830
 610     604    -0.001011539
 610     610     2.053100000
 610     611    -0.006056638
 610     612     0.000327019
 610     613    -0.000429723
 611    5620     0.002713100
 611    5621     0.000078375
 611     602    -0.000300472
 611     603    -0.000340813
 611     604    -0.000633945
 611     610    -0.006056638
 611     611     2.043200001
 611     612    -0.018776910
 611     613     0.000592145
 612    5620    -0.005552554
 612    5621     0.006836394
 612     602     0.002678681
 612     603     0.000534909
 612     604    -0.000661608
 612     610     0.000327019
 612     611    -0.018776910
 612     612     2.113300000
 612     613     0.000398422
 613    5620    -0.005853258
 613    5621     0.007410253
 613     602    -0.001470507
 613     603    -0.004706097
 613     604    -0.001159782
 613     610    -0.000429723
 613     611     0.000592145
 613     612     0.000398422
 613     613     2.026000000
