5620    5620     2.334499998
5620    5621    -0.005334673
5620     602    -0.000959856
5620     603    -0.006075300
5620     604     0.001469268
5620     610     0.002847646
5620     611     0.001099206
5620     612    -0.003236498
5620     613    -0.004681694
5621    5620    -0.005334673
5621    5621     2.375400003
5621     602     0.001861958
5621     603    -0.021320234
5621     604    -0.030592655
5621     610     0.001836384
5621     611     0.000078829
5621     612     0.005631999
5621     613     0.008629627
 602    5620    -0.000959856
 602    5621     0.001861958
 602     602     2.004500002
 602     603     0.007678798
 602     604     0.001704891
 602     610    -0.001642530
 602     611     0.000182253
 602     612     0.002392962
 602     613    -0.001253852
 603    5620    -0.006075300
 603    5621    -0.021320234
 603     602     0.007678798
 603     603     1.941600000
 603     604     0.000344299
 603     610    -0.002278129
 603     611     0.000503029
 603     612    -0.000270559
 603     613     0.004601676
 604    5620     0.001469268
 604    5621    -0.030592655
 604     602     0.001704891
 604     603     0.000344299
 604     604     2.065600000
 604     610     0.001006409
 604     611     0.000427560
 604     612     0.000882636
 604     613     0.001193025
 610    5620     0.002847646
 610    5621     0.001836384
 610     602    -0.001642530
 610     603    -0.002278129
 610     604     0.001006409
 610     610     2.046700000
 610     611    -0.007132583
 610     612     0.000165973
 610     613    -0.000470316
 611    5620     0.001099206
 611    5621     0.000078829
 611     602     0.000182253
 611     603     0.000503029
 611     604     0.000427560
 611     610    -0.007132583
 611     611     1.924300001
 611     612    -0.018427868
 611     613     0.000899991
 612    5620    -0.003236498
 612    5621     0.005631999
 612     602     0.002392962
 612     603    -0.000270559
 612     604     0.000882636
 612     610     0.000165973
 612     611    -0.018427868
 612     612     2.129700000
 612     613     0.000196059
 613    5620    -0.004681694
 613    5621     0.008629627
 613     602    -0.001253852
 613     603     0.004601676
 613     604     0.001193025
 613     610    -0.000470316
 613     611     0.000899991
 613     612     0.000196059
 613     613     1.978400000
