5620    5620     2.336099998
5620    5621    -0.006169656
5620     602    -0.000825564
5620     603    -0.005526290
5620     604    -0.003887586
5620     610     0.005214688
5620     611    -0.000467908
5620     612     0.016516236
5620     613     0.006487353
5621    5620    -0.006169656
5621    5621     2.356100003
5621     602    -0.002269371
5621     603     0.024494735
5621     604    -0.029711084
5621     610    -0.001495809
5621     611    -0.000004855
5621     612    -0.008048504
5621     613    -0.006208297
 602    5620    -0.000825564
 602    5621    -0.002269371
 602     602     2.010500002
 602     603    -0.007076861
 602     604     0.001331579
 602     610    -0.001864151
 602     611    -0.000416122
 602     612     0.002510454
 602     613     0.000751513
 603    5620    -0.005526290
 603    5621     0.024494735
 603     602    -0.007076861
 603     603     1.912600000
 603     604     0.000779056
 603     610     0.002142512
 603     611     0.000433687
 603     612     0.000192389
 603     613    -0.003456687
 604    5620    -0.003887586
 604    5621    -0.029711084
 604     602     0.001331579
 604     603     0.000779056
 604     604     2.079600000
 604     610    -0.000783329
 604     611     0.000813811
 604     612    -0.000939548
 604     613     0.001272146
 610    5620     0.005214688
 610    5621    -0.001495809
 610     602    -0.001864151
 610     603     0.002142512
 610     604    -0.000783329
 610     610     2.022000000
 610     611    -0.006768302
 610     612    -0.009868458
 610     613     0.000549154
 611    5620    -0.000467908
 611    5621    -0.000004855
 611     602    -0.000416122
 611     603     0.000433687
 611     604     0.000813811
 611     610    -0.006768302
 611     611     2.017000001
 611     612    -0.019007595
 611     613    -0.000878818
 612    5620     0.016516236
 612    5621    -0.008048504
 612     602     0.002510454
 612     603     0.000192389
 612     604    -0.000939548
 612     610    -0.009868458
 612     611    -0.019007595
 612     612     2.042800000
 612     613     0.000095344
 613    5620     0.006487353
 613    5621    -0.006208297
 613     602     0.000751513
 613     603    -0.003456687
 613     604     0.001272146
 613     610     0.000549154
 613     611    -0.000878818
 613     612     0.000095344
 613     613     2.071500000
