5620    5620     2.213499998
5620    5621     0.005089512
5620     602    -0.000246657
5620     603     0.006016838
5620     604     0.003194608
5620     610    -0.003772790
5620     611     0.003840223
5620     612    -0.011220829
5620     613    -0.009279382
5621    5620     0.005089512
5621    5621     2.201900003
5621     602     0.005369507
5621     603     0.021310197
5621     604     0.032827465
5621     610    -0.001473445
5621     611     0.000697313
5621     612    -0.007643525
5621     613     0.007478843
 602    5620    -0.000246657
 602    5621     0.005369507
 602     602     1.908400002
 602     603    -0.008370020
 602     604     0.002193524
 602     610     0.001263824
 602     611    -0.000389088
 602     612    -0.002865028
 602     613    -0.001681820
 603    5620     0.006016838
 603    5621     0.021310197
 603     602    -0.008370020
 603     603     1.930100000
 603     604    -0.000431840
 603     610    -0.001571893
 603     611     0.000309264
 603     612     0.000166393
 603     613     0.004235583
 604    5620     0.003194608
 604    5621     0.032827465
 604     602     0.002193524
 604     603    -0.000431840
 604     604     2.051200000
 604     610    -0.001022570
 604     611     0.000675612
 604     612    -0.000259930
 604     613    -0.001145134
 610    5620    -0.003772790
 610    5621    -0.001473445
 610     602     0.001263824
 610     603    -0.001571893
 610     604    -0.001022570
 610     610     2.079100000
 610     611    -0.005530651
 610     612     0.002184125
 610     613     0.000523485
 611    5620     0.003840223
 611    5621     0.000697313
 611     602    -0.000389088
 611     603     0.000309264
 611     604     0.000675612
 611     610    -0.005530651
 611     611     2.041300001
 611     612    -0.015284471
 611     613    -0.000669494
 612    5620    -0.011220829
 612    5621    -0.007643525
 612     602    -0.002865028
 612     603     0.000166393
 612     604    -0.000259930
 612     610     0.002184125
 612     611    -0.015284471
 612     612     2.111900000
 612     613     0.000262928
 613    5620    -0.009279382
 613    5621     0.007478843
 613     602    -0.001681820
 613     603     0.004235583
 613     604    -0.001145134
 613     610     0.000523485
 613     611    -0.000669494
 613     612     0.000262928
 613     613     1.993000000
