5620    5620     2.275099998
5620    5621    -0.005087936
5620     602     0.001701512
5620     603    -0.005399385
5620     604     0.001510426
5620     610     0.004374320
5620     611     0.004766939
5620     612    -0.015033676
5620     613    -0.004575894
5621    5620    -0.005087936
5621    5621     2.408100003
5621     602     0.000579526
5621     603    -0.017181142
5621     604    -0.028557212
5621     610     0.003008785
5621     611    -0.000669697
5621     612     0.007253262
5621     613    -0.008039939
 602    5620     0.001701512
 602    5621     0.000579526
 602     602     1.914300002
 602     603     0.007741718
 602     604     0.001367910
 602     610    -0.002753283
 602     611     0.000915438
 602     612     0.002824875
 602     613    -0.000445031
 603    5620    -0.005399385
 603    5621    -0.017181142
 603     602     0.007741718
 603     603     1.903100000
 603     604    -0.000336752
 603     610    -0.001976265
 603     611    -0.000235408
 603     612    -0.000075510
 603     613     0.004058164
 604    5620     0.001510426
 604    5621    -0.028557212
 604     602     0.001367910
 604     603    -0.000336752
 604     604     2.075000000
 604     610     0.001677908
 604     611     0.000599354
 604     612    -0.000110789
 604     613     0.001072278
 610    5620     0.004374320
 610    5621     0.003008785
 610     602    -0.002753283
 610     603    -0.001976265
 610     604     0.001677908
 610     610     1.977700000
 610     611     0.007778017
 610     612     0.005932818
 610     613    -0.000384830
 611    5620     0.004766939
 611    5621    -0.000669697
 611     602     0.000915438
 611     603    -0.000235408
 611     604     0.000599354
 611     610     0.007778017
 611     611     1.917200001
 611     612     0.018860429
 611     613     0.000697719
 612    5620    -0.015033676
 612    5621     0.007253262
 612     602     0.002824875
 612     603    -0.000075510
 612     604    -0.000110789
 612     610     0.005932818
 612     611     0.018860429
 612     612     2.026100000
 612     613     0.000117604
 613    5620    -0.004575894
 613    5621    -0.008039939
 613     602    -0.000445031
 613     603     0.004058164
 613     604     0.001072278
 613     610    -0.000384830
 613     611     0.000697719
 613     612     0.000117604
 613     613     2.103300000
