5620    5620     2.316399998
5620    5621    -0.004459781
5620     602     0.002200164
5620     603     0.006226300
5620     604     0.000663265
5620     610     0.002700650
5620     611     0.003715681
5620     612    -0.000981644
5620     613    -0.009116156
5621    5620    -0.004459781
5621    5621     2.378500003
5621     602    -0.004209214
5621     603    -0.011282298
5621     604    -0.028510953
5621     610     0.001068055
5621     611    -0.000511559
5621     612     0.006812991
5621     613    -0.006018554
 602    5620     0.002200164
 602    5621    -0.004209214
 602     602     1.946000002
 602     603     0.002492755
 602     604    -0.001431697
 602     610     0.001897742
 602     611     0.000367017
 602     612     0.002610692
 602     613     0.000089387
 603    5620     0.006226300
 603    5621    -0.011282298
 603     602     0.002492755
 603     603     1.932800000
 603     604    -0.000597072
 603     610     0.002061180
 603     611     0.000245342
 603     612     0.000643758
 603     613     0.003895099
 604    5620     0.000663265
 604    5621    -0.028510953
 604     602    -0.001431697
 604     603    -0.000597072
 604     604     2.027400000
 604     610     0.000878787
 604     611     0.000365478
 604     612     0.000716641
 604     613    -0.000784172
 610    5620     0.002700650
 610    5621     0.001068055
 610     602     0.001897742
 610     603     0.002061180
 610     604     0.000878787
 610     610     2.090800000
 610     611    -0.006958974
 610     612    -0.004927810
 610     613    -0.000676772
 611    5620     0.003715681
 611    5621    -0.000511559
 611     602     0.000367017
 611     603     0.000245342
 611     604     0.000365478
 611     610    -0.006958974
 611     611     2.051100001
 611     612    -0.019276120
 611     613    -0.000585759
 612    5620    -0.000981644
 612    5621     0.006812991
 612     602     0.002610692
 612     603     0.000643758
 612     604     0.000716641
 612     610    -0.004927810
 612     611    -0.019276120
 612     612     2.053000000
 612     613    -0.000600899
 613    5620    -0.009116156
 613    5621    -0.006018554
 613     602     0.000089387
 613     603     0.003895099
 613     604    -0.000784172
 613     610    -0.000676772
 613     611    -0.000585759
 613     612    -0.000600899
 613     613     1.922400000
