5620    5620     2.249899998
5620    5621     0.004667937
5620     602    -0.000121989
5620     603    -0.005494382
5620     604     0.000471110
5620     610    -0.006763799
5620     611     0.001989142
5620     612    -0.009929664
5620     613     0.007789290
5621    5620     0.004667937
5621    5621     2.370500003
5621     602    -0.000719563
5621     603    -0.013719513
5621     604     0.028119252
5621     610    -0.001649691
5621     611     0.000416305
5621     612    -0.006754149
5621     613    -0.007458702
 602    5620    -0.000121989
 602    5621    -0.000719563
 602     602     1.971800002
 602     603     0.007579604
 602     604     0.001599834
 602     610     0.001301783
 602     611    -0.000170594
 602     612     0.002619772
 602     613    -0.001120335
 603    5620    -0.005494382
 603    5621    -0.013719513
 603     602     0.007579604
 603     603     1.889000000
 603     604    -0.000022861
 603     610    -0.001831741
 603     611    -0.000477495
 603     612     0.000217913
 603     613    -0.003553173
 604    5620     0.000471110
 604    5621     0.028119252
 604     602     0.001599834
 604     603    -0.000022861
 604     604     2.098900000
 604     610     0.000706616
 604     611    -0.000542324
 604     612    -0.000194121
 604     613     0.000968725
 610    5620    -0.006763799
 610    5621    -0.001649691
 610     602     0.001301783
 610     603    -0.001831741
 610     604     0.000706616
 610     610     2.083900000
 610     611     0.005689967
 610     612    -0.004340929
 610     613    -0.000584116
 611    5620     0.001989142
 611    5621     0.000416305
 611     602    -0.000170594
 611     603    -0.000477495
 611     604    -0.000542324
 611     610     0.005689967
 611     611     2.030500001
 611     612     0.015719761
 611     613     0.000938013
 612    5620    -0.009929664
 612    5621    -0.006754149
 612     602     0.002619772
 612     603     0.000217913
 612     604    -0.000194121
 612     610    -0.004340929
 612     611     0.015719761
 612     612     2.046500000
 612     613    -0.000248898
 613    5620     0.007789290
 613    5621    -0.007458702
 613     602    -0.001120335
 613     603    -0.003553173
 613     604     0.000968725
 613     610    -0.000584116
 613     611     0.000938013
 613     612    -0.000248898
 613     613     1.916900000
