5620    5620     2.314099998
5620    5621    -0.006338536
5620     602     0.000241424
5620     603     0.005682808
5620     604    -0.000346695
5620     610    -0.005466440
5620     611    -0.000112515
5620     612     0.016187629
5620     613     0.006061860
5621    5620    -0.006338536
5621    5621     2.416700003
5621     602    -0.004252883
5621     603    -0.025610364
5621     604     0.031312973
5621     610    -0.001127330
5621     611    -0.000441618
5621     612    -0.007891212
5621     613    -0.010780327
 602    5620     0.000241424
 602    5621    -0.004252883
 602     602     2.012400002
 602     603    -0.010435498
 602     604    -0.001736205
 602     610    -0.001122039
 602     611     0.000131544
 602     612     0.002672007
 602     613    -0.001662572
 603    5620     0.005682808
 603    5621    -0.025610364
 603     602    -0.010435498
 603     603     1.923900000
 603     604     0.000792406
 603     610    -0.002289293
 603     611    -0.000677898
 603     612    -0.000177638
 603     613    -0.004626865
 604    5620    -0.000346695
 604    5621     0.031312973
 604     602    -0.001736205
 604     603     0.000792406
 604     604     2.015000000
 604     610     0.000894321
 604     611    -0.000776249
 604     612    -0.000295025
 604     613     0.001273119
 610    5620    -0.005466440
 610    5621    -0.001127330
 610     602    -0.001122039
 610     603    -0.002289293
 610     604     0.000894321
 610     610     1.972000000
 610     611    -0.007563964
 610     612     0.010843936
 610     613     0.000743444
 611    5620    -0.000112515
 611    5621    -0.000441618
 611     602     0.000131544
 611     603    -0.000677898
 611     604    -0.000776249
 611     610    -0.007563964
 611     611     1.967900001
 611     612    -0.018938777
 611     613    -0.001209527
 612    5620     0.016187629
 612    5621    -0.007891212
 612     602     0.002672007
 612     603    -0.000177638
 612     604    -0.000295025
 612     610     0.010843936
 612     611    -0.018938777
 612     612     1.993900000
 612     613     0.000114715
 613    5620     0.006061860
 613    5621    -0.010780327
 613     602    -0.001662572
 613     603    -0.004626865
 613     604     0.001273119
 613     610     0.000743444
 613     611    -0.001209527
 613     612     0.000114715
 613     613     1.945200000
