5620    5620     2.340699998
5620    5621    -0.006416290
5620     602    -0.000752405
5620     603     0.005267909
5620     604    -0.001847895
5620     610     0.000897178
5620     611     0.001621381
5620     612     0.010037016
5620     613     0.006012001
5621    5620    -0.006416290
5621    5621     2.339800003
5621     602     0.005675749
5621     603     0.021249668
5621     604    -0.032400119
5621     610    -0.003248056
5621     611    -0.000025442
5621     612    -0.007385722
5621     613    -0.008086220
 602    5620    -0.000752405
 602    5621     0.005675749
 602     602     1.919000002
 602     603     0.011338806
 602     604    -0.002000911
 602     610     0.002189923
 602     611    -0.000087836
 602     612     0.002952647
 602     613     0.001135257
 603    5620     0.005267909
 603    5621     0.021249668
 603     602     0.011338806
 603     603     1.985600000
 603     604     0.000141802
 603     610    -0.001901157
 603     611    -0.000355357
 603     612    -0.000071459
 603     613     0.003581186
 604    5620    -0.001847895
 604    5621    -0.032400119
 604     602    -0.002000911
 604     603     0.000141802
 604     604     2.099700000
 604     610    -0.001897852
 604     611     0.000723468
 604     612     0.000193790
 604     613    -0.001114473
 610    5620     0.000897178
 610    5621    -0.003248056
 610     602     0.002189923
 610     603    -0.001901157
 610     604    -0.001897852
 610     610     2.047200000
 610     611    -0.006433375
 610     612     0.004713428
 610     613    -0.000400899
 611    5620     0.001621381
 611    5621    -0.000025442
 611     602    -0.000087836
 611     603    -0.000355357
 611     604     0.000723468
 611     610    -0.006433375
 611     611     2.104000001
 611     612    -0.016703735
 611     613    -0.000695767
 612    5620     0.010037016
 612    5621    -0.007385722
 612     602     0.002952647
 612     603    -0.000071459
 612     604     0.000193790
 612     610     0.004713428
 612     611    -0.016703735
 612     612     2.026600000
 612     613     0.000029076
 613    5620     0.006012001
 613    5621    -0.008086220
 613     602     0.001135257
 613     603     0.003581186
 613     604    -0.001114473
 613     610    -0.000400899
 613     611    -0.000695767
 613     612     0.000029076
 613     613     2.033200000
