5620    5620     2.332199998
5620    5621     0.008538203
5620     602    -0.000066957
5620     603    -0.005645362
5620     604     0.002516803
5620     610    -0.002698599
5620     611    -0.001769612
5620     612     0.010422502
5620     613    -0.007334845
5621    5620     0.008538203
5621    5621     2.496900003
5621     602     0.001546065
5621     603     0.023202154
5621     604    -0.031848120
5621     610    -0.002354685
5621     611     0.000637036
5621     612    -0.007018002
5621     613    -0.009136812
 602    5620    -0.000066957
 602    5621     0.001546065
 602     602     1.969200002
 602     603    -0.010807331
 602     604     0.001728640
 602     610    -0.001541355
 602     611     0.000456295
 602     612     0.002426317
 602     613    -0.001437737
 603    5620    -0.005645362
 603    5621     0.023202154
 603     602    -0.010807331
 603     603     1.956000000
 603     604    -0.000689059
 603     610     0.002506252
 603     611     0.000293995
 603     612    -0.000084469
 603     613    -0.004285015
 604    5620     0.002516803
 604    5621    -0.031848120
 604     602     0.001728640
 604     603    -0.000689059
 604     604     2.039500000
 604     610     0.001198737
 604     611    -0.000659708
 604     612    -0.000359861
 604     613    -0.001266145
 610    5620    -0.002698599
 610    5621    -0.002354685
 610     602    -0.001541355
 610     603     0.002506252
 610     604     0.001198737
 610     610     1.979600000
 610     611    -0.006922085
 610     612     0.005664165
 610     613     0.000694786
 611    5620    -0.001769612
 611    5621     0.000637036
 611     602     0.000456295
 611     603     0.000293995
 611     604    -0.000659708
 611     610    -0.006922085
 611     611     2.111900001
 611     612    -0.018427762
 611     613     0.000634501
 612    5620     0.010422502
 612    5621    -0.007018002
 612     602     0.002426317
 612     603    -0.000084469
 612     604    -0.000359861
 612     610     0.005664165
 612     611    -0.018427762
 612     612     1.966300000
 612     613     0.000074364
 613    5620    -0.007334845
 613    5621    -0.009136812
 613     602    -0.001437737
 613     603    -0.004285015
 613     604    -0.001266145
 613     610     0.000694786
 613     611     0.000634501
 613     612     0.000074364
 613     613     1.947600000
