5620    5620     2.281999998
5620    5621    -0.005317414
5620     602    -0.001415760
5620     603     0.006864208
5620     604    -0.000435595
5620     610     0.003622511
5620     611    -0.002223922
5620     612     0.001246640
5620     613     0.008399369
5621    5620    -0.005317414
5621    5621     2.385000003
5621     602     0.001305114
5621     603    -0.018034999
5621     604    -0.027790698
5621     610     0.003919667
5621     611    -0.000529942
5621     612    -0.006229099
5621     613     0.007081581
 602    5620    -0.001415760
 602    5621     0.001305114
 602     602     1.990200002
 602     603    -0.007920238
 602     604     0.001553654
 602     610     0.002761545
 602     611     0.000106960
 602     612     0.002608772
 602     613     0.000409710
 603    5620     0.006864208
 603    5621    -0.018034999
 603     602    -0.007920238
 603     603     1.937100000
 603     604     0.000198889
 603     610    -0.002562725
 603     611    -0.000343972
 603     612     0.000310463
 603     613    -0.004397312
 604    5620    -0.000435595
 604    5621    -0.027790698
 604     602     0.001553654
 604     603     0.000198889
 604     604     2.064400000
 604     610     0.002212177
 604     611     0.000540373
 604     612    -0.000085676
 604     613    -0.000992092
 610    5620     0.003622511
 610    5621     0.003919667
 610     602     0.002761545
 610     603    -0.002562725
 610     604     0.002212177
 610     610     1.993400000
 610     611     0.008161707
 610     612    -0.004648713
 610     613     0.000553541
 611    5620    -0.002223922
 611    5621    -0.000529942
 611     602     0.000106960
 611     603    -0.000343972
 611     604     0.000540373
 611     610     0.008161707
 611     611     2.058500001
 611     612    -0.019928746
 611     613     0.000637230
 612    5620     0.001246640
 612    5621    -0.006229099
 612     602     0.002608772
 612     603     0.000310463
 612     604    -0.000085676
 612     610    -0.004648713
 612     611    -0.019928746
 612     612     2.053300000
 612     613     0.000369561
 613    5620     0.008399369
 613    5621     0.007081581
 613     602     0.000409710
 613     603    -0.004397312
 613     604    -0.000992092
 613     610     0.000553541
 613     611     0.000637230
 613     612     0.000369561
 613     613     1.951000000
