5620    5620     2.414499998
5620    5621     0.003082722
5620     602    -0.001014569
5620     603    -0.005875524
5620     604     0.001952283
5620     610     0.006773151
5620     611    -0.003370709
5620     612     0.014696119
5620     613    -0.003812650
5621    5620     0.003082722
5621    5621     2.505100003
5621     602     0.001726724
5621     603     0.017572978
5621     604     0.025392440
5621     610    -0.002316077
5621     611     0.001064415
5621     612    -0.007056800
5621     613    -0.006582590
 602    5620    -0.001014569
 602    5621     0.001726724
 602     602     1.940800002
 602     603     0.010000902
 602     604    -0.001444953
 602     610     0.002199432
 602     611     0.000066165
 602     612     0.002770146
 602     613     0.001107820
 603    5620    -0.005875524
 603    5621     0.017572978
 603     602     0.010000902
 603     603     1.931600000
 603     604     0.000901624
 603     610    -0.002149210
 603     611    -0.000276431
 603     612     0.000083213
 603     613    -0.005128558
 604    5620     0.001952283
 604    5621     0.025392440
 604     602    -0.001444953
 604     603     0.000901624
 604     604     2.082100000
 604     610     0.001263287
 604     611    -0.000584326
 604     612     0.000129257
 604     613    -0.001279457
 610    5620     0.006773151
 610    5621    -0.002316077
 610     602     0.002199432
 610     603    -0.002149210
 610     604     0.001263287
 610     610     2.070000000
 610     611    -0.006207117
 610     612     0.003200999
 610     613    -0.000272811
 611    5620    -0.003370709
 611    5621     0.001064415
 611     602     0.000066165
 611     603    -0.000276431
 611     604    -0.000584326
 611     610    -0.006207117
 611     611     2.093800001
 611     612     0.019730758
 611     613     0.000677088
 612    5620     0.014696119
 612    5621    -0.007056800
 612     602     0.002770146
 612     603     0.000083213
 612     604     0.000129257
 612     610     0.003200999
 612     611     0.019730758
 612     612     2.034000000
 612     613     0.000070694
 613    5620    -0.003812650
 613    5621    -0.006582590
 613     602     0.001107820
 613     603    -0.005128558
 613     604    -0.001279457
 613     610    -0.000272811
 613     611     0.000677088
 613     612     0.000070694
 613     613     1.995100000
