5620    5620     2.390499998
5620    5621     0.004768777
5620     602    -0.001260039
5620     603    -0.005441586
5620     604     0.000710860
5620     610     0.001836764
5620     611    -0.000145421
5620     612    -0.012202643
5620     613     0.007299760
5621    5620     0.004768777
5621    5621     2.451500003
5621     602    -0.003815252
5621     603    -0.018585982
5621     604     0.029548607
5621     610     0.001398103
5621     611     0.000624459
5621     612     0.008267012
5621     613     0.008172173
 602    5620    -0.001260039
 602    5621    -0.003815252
 602     602     2.008400002
 602     603    -0.004896286
 602     604    -0.001287091
 602     610    -0.001830807
 602     611     0.000580345
 602     612     0.002609975
 602     613    -0.000092846
 603    5620    -0.005441586
 603    5621    -0.018585982
 603     602    -0.004896286
 603     603     1.992600000
 603     604     0.001113187
 603     610     0.002122526
 603     611    -0.000376166
 603     612    -0.000291028
 603     613    -0.003623167
 604    5620     0.000710860
 604    5621     0.029548607
 604     602    -0.001287091
 604     603     0.001113187
 604     604     2.023300000
 604     610     0.000996737
 604     611     0.000636764
 604     612    -0.000091658
 604     613    -0.001076865
 610    5620     0.001836764
 610    5621     0.001398103
 610     602    -0.001830807
 610     603     0.002122526
 610     604     0.000996737
 610     610     1.935700000
 610     611     0.006904438
 610     612     0.011596956
 610     613    -0.000729324
 611    5620    -0.000145421
 611    5621     0.000624459
 611     602     0.000580345
 611     603    -0.000376166
 611     604     0.000636764
 611     610     0.006904438
 611     611     2.029800001
 611     612    -0.017270768
 611     613    -0.000933713
 612    5620    -0.012202643
 612    5621     0.008267012
 612     602     0.002609975
 612     603    -0.000291028
 612     604    -0.000091658
 612     610     0.011596956
 612     611    -0.017270768
 612     612     2.017900000
 612     613     0.000129009
 613    5620     0.007299760
 613    5621     0.008172173
 613     602    -0.000092846
 613     603    -0.003623167
 613     604    -0.001076865
 613     610    -0.000729324
 613     611    -0.000933713
 613     612     0.000129009
 613     613     2.008400000
