5620    5620     2.207699998
5620    5621    -0.006686578
5620     602     0.002374670
5620     603     0.006263083
5620     604     0.001476622
5620     610     0.002704210
5620     611    -0.003181847
5620     612    -0.020923899
5620     613    -0.006812776
5621    5620    -0.006686578
5621    5621     2.368700003
5621     602     0.003042417
5621     603    -0.020881578
5621     604    -0.028036540
5621     610    -0.003540747
5621     611     0.000527034
5621     612     0.006679462
5621     613     0.008064725
 602    5620     0.002374670
 602    5621     0.003042417
 602     602     1.915300002
 602     603    -0.005465380
 602     604    -0.001383780
 602     610     0.002489607
 602     611     0.000805908
 602     612     0.002544997
 602     613    -0.000120807
 603    5620     0.006263083
 603    5621    -0.020881578
 603     602    -0.005465380
 603     603     1.914900000
 603     604     0.000589015
 603     610     0.002238144
 603     611    -0.000389367
 603     612     0.000161474
 603     613    -0.004362856
 604    5620     0.001476622
 604    5621    -0.028036540
 604     602    -0.001383780
 604     603     0.000589015
 604     604     2.034700000
 604     610    -0.002283006
 604     611    -0.000382615
 604     612    -0.001161910
 604     613    -0.000998549
 610    5620     0.002704210
 610    5621    -0.003540747
 610     602     0.002489607
 610     603     0.002238144
 610     604    -0.002283006
 610     610     1.963800000
 610     611     0.007145861
 610     612     0.007060091
 610     613     0.000406739
 611    5620    -0.003181847
 611    5621     0.000527034
 611     602     0.000805908
 611     603    -0.000389367
 611     604    -0.000382615
 611     610     0.007145861
 611     611     2.036300001
 611     612     0.019173789
 611     613     0.000895515
 612    5620    -0.020923899
 612    5621     0.006679462
 612     602     0.002544997
 612     603     0.000161474
 612     604    -0.001161910
 612     610     0.007060091
 612     611     0.019173789
 612     612     2.059400000
 612     613    -0.000095078
 613    5620    -0.006812776
 613    5621     0.008064725
 613     602    -0.000120807
 613     603    -0.004362856
 613     604    -0.000998549
 613     610     0.000406739
 613     611     0.000895515
 613     612    -0.000095078
 613     613     1.999900000
