5620    5620     2.413699998
5620    5621     0.003557932
5620     602    -0.002055538
5620     603     0.004594100
5620     604    -0.001712952
5620     610     0.000755041
5620     611    -0.004418221
5620     612     0.010593362
5620     613    -0.005846006
5621    5620     0.003557932
5621    5621     2.421400003
5621     602    -0.004182003
5621     603     0.028765774
5621     604     0.032870725
5621     610    -0.003790666
5621     611    -0.000529365
5621     612     0.007152956
5621     613    -0.007584500
 602    5620    -0.002055538
 602    5621    -0.004182003
 602     602     1.924400002
 602     603     0.010576046
 602     604    -0.001227422
 602     610     0.002380069
 602     611    -0.000433824
 602     612     0.002412128
 602     613     0.000261940
 603    5620     0.004594100
 603    5621     0.028765774
 603     602     0.010576046
 603     603     1.923400000
 603     604     0.001120655
 603     610    -0.002256757
 603     611     0.000136606
 603     612     0.000386052
 603     613     0.003459364
 604    5620    -0.001712952
 604    5621     0.032870725
 604     602    -0.001227422
 604     603     0.001120655
 604     604     2.098300000
 604     610    -0.001804620
 604     611    -0.000694766
 604     612     0.000225952
 604     613    -0.001187411
 610    5620     0.000755041
 610    5621    -0.003790666
 610     602     0.002380069
 610     603    -0.002256757
 610     604    -0.001804620
 610     610     1.948200000
 610     611     0.007074442
 610     612     0.003680848
 610     613    -0.000462777
 611    5620    -0.004418221
 611    5621    -0.000529365
 611     602    -0.000433824
 611     603     0.000136606
 611     604    -0.000694766
 611     610     0.007074442
 611     611     2.072400001
 611     612    -0.020259917
 611     613     0.000465129
 612    5620     0.010593362
 612    5621     0.007152956
 612     602     0.002412128
 612     603     0.000386052
 612     604     0.000225952
 612     610     0.003680848
 612     611    -0.020259917
 612     612     2.066200000
 612     613     0.000057436
 613    5620    -0.005846006
 613    5621    -0.007584500
 613     602     0.000261940
 613     603     0.003459364
 613     604    -0.001187411
 613     610    -0.000462777
 613     611     0.000465129
 613     612     0.000057436
 613     613     2.015400000
