5620    5620     2.427799998
5620    5621     0.006517277
5620     602    -0.000513410
5620     603     0.005611468
5620     604     0.001652529
5620     610     0.002439257
5620     611    -0.000343680
5620     612     0.007679093
5620     613     0.002761424
5621    5620     0.006517277
5621    5621     2.286000003
5621     602    -0.004047872
5621     603     0.024433328
5621     604    -0.023237223
5621     610    -0.003363165
5621     611    -0.000735244
5621     612     0.007807241
5621     613     0.010828084
 602    5620    -0.000513410
 602    5621    -0.004047872
 602     602     1.931400002
 602     603     0.010494878
 602     604     0.001452239
 602     610    -0.002129822
 602     611     0.000068677
 602     612     0.003148646
 602     613     0.001526631
 603    5620     0.005611468
 603    5621     0.024433328
 603     602     0.010494878
 603     603     1.926400000
 603     604     0.000971619
 603     610    -0.002099958
 603     611     0.000516558
 603     612    -0.000112647
 603     613    -0.004563705
 604    5620     0.001652529
 604    5621    -0.023237223
 604     602     0.001452239
 604     603     0.000971619
 604     604     2.115800000
 604     610    -0.001473980
 604     611    -0.000578569
 604     612     0.000024836
 604     613     0.001007139
 610    5620     0.002439257
 610    5621    -0.003363165
 610     602    -0.002129822
 610     603    -0.002099958
 610     604    -0.001473980
 610     610     2.003000000
 610     611    -0.006044295
 610     612     0.002633919
 610     613    -0.000321282
 611    5620    -0.000343680
 611    5621    -0.000735244
 611     602     0.000068677
 611     603     0.000516558
 611     604    -0.000578569
 611     610    -0.006044295
 611     611     2.044600001
 611     612    -0.019329252
 611     613    -0.000955691
 612    5620     0.007679093
 612    5621     0.007807241
 612     602     0.003148646
 612     603    -0.000112647
 612     604     0.000024836
 612     610     0.002633919
 612     611    -0.019329252
 612     612     2.008900000
 612     613     0.000141679
 613    5620     0.002761424
 613    5621     0.010828084
 613     602     0.001526631
 613     603    -0.004563705
 613     604     0.001007139
 613     610    -0.000321282
 613     611    -0.000955691
 613     612     0.000141679
 613     613     1.967000000
