5620    5620     2.442699998
5620    5621    -0.007342590
5620     602    -0.001393585
5620     603    -0.005892797
5620     604    -0.001642086
5620     610    -0.004771763
5620     611    -0.001381175
5620     612     0.010310107
5620     613    -0.006095167
5621    5620    -0.007342590
5621    5621     2.431600003
5621     602    -0.000367161
5621     603     0.027598964
5621     604     0.032155908
5621     610     0.001035727
5621     611     0.000078044
5621     612    -0.006738762
5621     613    -0.008430330
 602    5620    -0.001393585
 602    5621    -0.000367161
 602     602     1.951400002
 602     603    -0.007725298
 602     604     0.001501434
 602     610    -0.001755626
 602     611     0.000520953
 602     612    -0.002253174
 602     613    -0.000416341
 603    5620    -0.005892797
 603    5621     0.027598964
 603     602    -0.007725298
 603     603     1.884800000
 603     604     0.000976496
 603     610    -0.002127200
 603     611     0.000533519
 603     612    -0.000053037
 603     613    -0.004491131
 604    5620    -0.001642086
 604    5621     0.032155908
 604     602     0.001501434
 604     603     0.000976496
 604     604     2.061800000
 604     610     0.000729239
 604     611    -0.000672338
 604     612     0.000035142
 604     613     0.001193501
 610    5620    -0.004771763
 610    5621     0.001035727
 610     602    -0.001755626
 610     603    -0.002127200
 610     604     0.000729239
 610     610     2.030900000
 610     611    -0.006414343
 610     612     0.004468385
 610     613    -0.000537155
 611    5620    -0.001381175
 611    5621     0.000078044
 611     602     0.000520953
 611     603     0.000533519
 611     604    -0.000672338
 611     610    -0.006414343
 611     611     2.036800001
 611     612    -0.016920098
 611     613     0.000905282
 612    5620     0.010310107
 612    5621    -0.006738762
 612     602    -0.002253174
 612     603    -0.000053037
 612     604     0.000035142
 612     610     0.004468385
 612     611    -0.016920098
 612     612     2.076200000
 612     613     0.000152393
 613    5620    -0.006095167
 613    5621    -0.008430330
 613     602    -0.000416341
 613     603    -0.004491131
 613     604     0.001193501
 613     610    -0.000537155
 613     611     0.000905282
 613     612     0.000152393
 613     613     2.011000000
