5620    5620     2.478399998
5620    5621     0.003098330
5620     602    -0.000148279
5620     603     0.005954155
5620     604    -0.000498404
5620     610    -0.001593165
5620     611     0.003526290
5620     612     0.003200363
5620     613    -0.006380841
5621    5620     0.003098330
5621    5621     2.342100003
5621     602     0.000591956
5621     603     0.015807811
5621     604     0.031278732
5621     610     0.000141046
5621     611    -0.000820734
5621     612    -0.007768645
5621     613    -0.006997153
 602    5620    -0.000148279
 602    5621     0.000591956
 602     602     1.985000002
 602     603    -0.007608049
 602     604     0.001534069
 602     610    -0.000887910
 602     611    -0.000126374
 602     612     0.002587797
 602     613     0.000909638
 603    5620     0.005954155
 603    5621     0.015807811
 603     602    -0.007608049
 603     603     1.912100000
 603     604     0.000369871
 603     610     0.002022784
 603     611     0.000029258
 603     612     0.000288916
 603     613    -0.003752804
 604    5620    -0.000498404
 604    5621     0.031278732
 604     602     0.001534069
 604     603     0.000369871
 604     604     2.014200000
 604     610    -0.000355910
 604     611    -0.000487688
 604     612     0.000596693
 604     613     0.001069655
 610    5620    -0.001593165
 610    5621     0.000141046
 610     602    -0.000887910
 610     603     0.002022784
 610     604    -0.000355910
 610     610     2.058600000
 610     611     0.006469404
 610     612     0.005276045
 610     613    -0.000638082
 611    5620     0.003526290
 611    5621    -0.000820734
 611     602    -0.000126374
 611     603     0.000029258
 611     604    -0.000487688
 611     610     0.006469404
 611     611     2.045000001
 611     612    -0.021184069
 611     613     0.000349053
 612    5620     0.003200363
 612    5621    -0.007768645
 612     602     0.002587797
 612     603     0.000288916
 612     604     0.000596693
 612     610     0.005276045
 612     611    -0.021184069
 612     612     2.059400000
 612     613    -0.000302432
 613    5620    -0.006380841
 613    5621    -0.006997153
 613     602     0.000909638
 613     603    -0.003752804
 613     604     0.001069655
 613     610    -0.000638082
 613     611     0.000349053
 613     612    -0.000302432
 613     613     2.034600000
