5620    5620     2.336599998
5620    5621     0.003789185
5620     602    -0.001031356
5620     603     0.005650458
5620     604    -0.000577713
5620     610     0.002091943
5620     611    -0.001821296
5620     612    -0.011249678
5620     613     0.005358544
5621    5620     0.003789185
5621    5621     2.640200003
5621     602    -0.005472338
5621     603     0.009340049
5621     604    -0.024271804
5621     610     0.000240265
5621     611     0.001300275
5621     612     0.006838036
5621     613    -0.007116837
 602    5620    -0.001031356
 602    5621    -0.005472338
 602     602     2.009400002
 602     603    -0.008283332
 602     604    -0.001408421
 602     610    -0.001601842
 602     611     0.000319356
 602     612     0.002381152
 602     613    -0.000724220
 603    5620     0.005650458
 603    5621     0.009340049
 603     602    -0.008283332
 603     603     1.969600000
 603     604     0.000437789
 603     610     0.002093884
 603     611    -0.000358190
 603     612    -0.000155009
 603     613    -0.004194729
 604    5620    -0.000577713
 604    5621    -0.024271804
 604     602    -0.001408421
 604     603     0.000437789
 604     604     2.054300000
 604     610    -0.000666381
 604     611     0.000650176
 604     612    -0.000223547
 604     613     0.001211051
 610    5620     0.002091943
 610    5621     0.000240265
 610     602    -0.001601842
 610     603     0.002093884
 610     604    -0.000666381
 610     610     1.996000000
 610     611     0.007104024
 610     612     0.007684708
 610     613    -0.000587429
 611    5620    -0.001821296
 611    5621     0.001300275
 611     602     0.000319356
 611     603    -0.000358190
 611     604     0.000650176
 611     610     0.007104024
 611     611     2.056500001
 611     612    -0.019357774
 611     613    -0.000779893
 612    5620    -0.011249678
 612    5621     0.006838036
 612     602     0.002381152
 612     603    -0.000155009
 612     604    -0.000223547
 612     610     0.007684708
 612     611    -0.019357774
 612     612     2.045400000
 612     613     0.000122134
 613    5620     0.005358544
 613    5621    -0.007116837
 613     602    -0.000724220
 613     603    -0.004194729
 613     604     0.001211051
 613     610    -0.000587429
 613     611    -0.000779893
 613     612     0.000122134
 613     613     2.013800000
