5620    5620     2.367699998
5620    5621     0.007168804
5620     602     0.000550917
5620     603    -0.005470981
5620     604    -0.005049732
5620     610    -0.003196297
5620     611    -0.002084705
5620     612    -0.011836163
5620     613    -0.008669887
5621    5620     0.007168804
5621    5621     2.201200003
5621     602     0.006120169
5621     603    -0.031798043
5621     604     0.034309602
5621     610     0.003204191
5621     611    -0.000232312
5621     612     0.007393291
5621     613     0.008691295
 602    5620     0.000550917
 602    5621     0.006120169
 602     602     2.009900002
 602     603     0.009398051
 602     604    -0.001744217
 602     610    -0.001513399
 602     611     0.000159066
 602     612    -0.002442308
 602     613     0.001479676
 603    5620    -0.005470981
 603    5621    -0.031798043
 603     602     0.009398051
 603     603     1.887100000
 603     604     0.001253701
 603     610     0.002228342
 603     611     0.000257790
 603     612     0.000345232
 603     613    -0.003785332
 604    5620    -0.005049732
 604    5621     0.034309602
 604     602    -0.001744217
 604     603     0.001253701
 604     604     2.036200000
 604     610     0.001296980
 604     611    -0.000903417
 604     612     0.001356907
 604     613    -0.001399217
 610    5620    -0.003196297
 610    5621     0.003204191
 610     602    -0.001513399
 610     603     0.002228342
 610     604     0.001296980
 610     610     1.975300000
 610     611    -0.005921272
 610     612     0.006928610
 610     613    -0.000553544
 611    5620    -0.002084705
 611    5621    -0.000232312
 611     602     0.000159066
 611     603     0.000257790
 611     604    -0.000903417
 611     610    -0.005921272
 611     611     2.023300001
 611     612    -0.016039796
 611     613     0.000756212
 612    5620    -0.011836163
 612    5621     0.007393291
 612     602    -0.002442308
 612     603     0.000345232
 612     604     0.001356907
 612     610     0.006928610
 612     611    -0.016039796
 612     612     2.044800000
 612     613    -0.000064366
 613    5620    -0.008669887
 613    5621     0.008691295
 613     602     0.001479676
 613     603    -0.003785332
 613     604    -0.001399217
 613     610    -0.000553544
 613     611     0.000756212
 613     612    -0.000064366
 613     613     2.004900000
