5620    5620     2.379199998
5620    5621     0.001657919
5620     602    -0.000180032
5620     603    -0.006052227
5620     604     0.002074499
5620     610    -0.002265198
5620     611     0.000446625
5620     612     0.001209370
5620     613    -0.004696686
5621    5620     0.001657919
5621    5621     2.438700003
5621     602    -0.003907343
5621     603     0.023917508
5621     604    -0.027612971
5621     610    -0.002403637
5621     611     0.000234918
5621     612    -0.006676831
5621     613    -0.007233503
 602    5620    -0.000180032
 602    5621    -0.003907343
 602     602     1.954200002
 602     603    -0.010573834
 602     604     0.001802352
 602     610     0.001662508
 602     611    -0.000164989
 602     612     0.002628760
 602     613     0.000995483
 603    5620    -0.006052227
 603    5621     0.023917508
 603     602    -0.010573834
 603     603     1.863700000
 603     604    -0.001813924
 603     610    -0.002171469
 603     611     0.000347777
 603     612    -0.000462480
 603     613     0.004001315
 604    5620     0.002074499
 604    5621    -0.027612971
 604     602     0.001802352
 604     603    -0.001813924
 604     604     2.038800000
 604     610    -0.000988149
 604     611     0.000867436
 604     612     0.000994657
 604     613     0.001247467
 610    5620    -0.002265198
 610    5621    -0.002403637
 610     602     0.001662508
 610     603    -0.002171469
 610     604    -0.000988149
 610     610     2.047300000
 610     611    -0.005421349
 610     612     0.006471079
 610     613     0.000375863
 611    5620     0.000446625
 611    5621     0.000234918
 611     602    -0.000164989
 611     603     0.000347777
 611     604     0.000867436
 611     610    -0.005421349
 611     611     1.981900001
 611     612    -0.016891340
 611     613    -0.000729204
 612    5620     0.001209370
 612    5621    -0.006676831
 612     602     0.002628760
 612     603    -0.000462480
 612     604     0.000994657
 612     610     0.006471079
 612     611    -0.016891340
 612     612     2.085400000
 612     613     0.000010688
 613    5620    -0.004696686
 613    5621    -0.007233503
 613     602     0.000995483
 613     603     0.004001315
 613     604     0.001247467
 613     610     0.000375863
 613     611    -0.000729204
 613     612     0.000010688
 613     613     2.021900000
