5620    5620     2.286699998
5620    5621    -0.006009489
5620     602    -0.000485901
5620     603    -0.006988051
5620     604    -0.001232749
5620     610     0.001273390
5620     611     0.002644184
5620     612     0.002603981
5620     613    -0.005501116
5621    5620    -0.006009489
5621    5621     2.487900003
5621     602    -0.004669395
5621     603    -0.022373386
5621     604     0.028244220
5621     610    -0.000625636
5621     611    -0.000577956
5621     612     0.007161173
5621     613    -0.007558482
 602    5620    -0.000485901
 602    5621    -0.004669395
 602     602     1.981100002
 602     603     0.009398766
 602     604     0.001587222
 602     610    -0.001162632
 602     611    -0.000418546
 602     612     0.002747312
 602     613    -0.001193415
 603    5620    -0.006988051
 603    5621    -0.022373386
 603     602     0.009398766
 603     603     1.897000000
 603     604     0.000103883
 603     610     0.002247535
 603     611    -0.000340958
 603     612    -0.000435716
 603     613     0.004118987
 604    5620    -0.001232749
 604    5621     0.028244220
 604     602     0.001587222
 604     603     0.000103883
 604     604     2.050600000
 604     610    -0.000484581
 604     611     0.000513063
 604     612     0.000008199
 604     613     0.000868030
 610    5620     0.001273390
 610    5621    -0.000625636
 610     602    -0.001162632
 610     603     0.002247535
 610     604    -0.000484581
 610     610     2.032500000
 610     611     0.007615613
 610     612    -0.002933372
 610     613     0.000496975
 611    5620     0.002644184
 611    5621    -0.000577956
 611     602    -0.000418546
 611     603    -0.000340958
 611     604     0.000513063
 611     610     0.007615613
 611     611     2.020900001
 611     612    -0.022938911
 611     613     0.000649873
 612    5620     0.002603981
 612    5621     0.007161173
 612     602     0.002747312
 612     603    -0.000435716
 612     604     0.000008199
 612     610    -0.002933372
 612     611    -0.022938911
 612     612     2.112500000
 612     613     0.000339441
 613    5620    -0.005501116
 613    5621    -0.007558482
 613     602    -0.001193415
 613     603     0.004118987
 613     604     0.000868030
 613     610     0.000496975
 613     611     0.000649873
 613     612     0.000339441
 613     613     2.065500000
