5620    5620     2.485599998
5620    5621    -0.005103344
5620     602     0.001128273
5620     603    -0.005452357
5620     604     0.000097402
5620     610     0.000114185
5620     611    -0.001995925
5620     612    -0.000296587
5620     613     0.006623984
5621    5620    -0.005103344
5621    5621     2.404400003
5621     602    -0.002135581
5621     603     0.027893295
5621     604    -0.037411331
5621     610     0.002355589
5621     611    -0.000279968
5621     612    -0.007193879
5621     613    -0.007866745
 602    5620     0.001128273
 602    5621    -0.002135581
 602     602     1.931900002
 602     603     0.008236362
 602     604     0.002236640
 602     610     0.001714748
 602     611     0.000216970
 602     612    -0.003143240
 602     613     0.000671578
 603    5620    -0.005452357
 603    5621     0.027893295
 603     602     0.008236362
 603     603     1.938000000
 603     604    -0.000786381
 603     610     0.001966256
 603     611     0.000335162
 603     612     0.000354888
 603     613    -0.003630562
 604    5620     0.000097402
 604    5621    -0.037411331
 604     602     0.002236640
 604     603    -0.000786381
 604     604     1.981300000
 604     610     0.001329537
 604     611    -0.000552498
 604     612     0.000672299
 604     613     0.000957596
 610    5620     0.000114185
 610    5621     0.002355589
 610     602     0.001714748
 610     603     0.001966256
 610     604     0.001329537
 610     610     2.093800000
 610     611     0.006078384
 610     612    -0.002326730
 610     613    -0.000559961
 611    5620    -0.001995925
 611    5621    -0.000279968
 611     602     0.000216970
 611     603     0.000335162
 611     604    -0.000552498
 611     610     0.006078384
 611     611     2.069100001
 611     612     0.018702773
 611     613    -0.000720890
 612    5620    -0.000296587
 612    5621    -0.007193879
 612     602    -0.003143240
 612     603     0.000354888
 612     604     0.000672299
 612     610    -0.002326730
 612     611     0.018702773
 612     612     2.035000000
 612     613     0.000574950
 613    5620     0.006623984
 613    5621    -0.007866745
 613     602     0.000671578
 613     603    -0.003630562
 613     604     0.000957596
 613     610    -0.000559961
 613     611    -0.000720890
 613     612     0.000574950
 613     613     2.032000000
