5620    5620     2.160799998
5620    5621    -0.008776190
5620     602    -0.002122403
5620     603    -0.006152454
5620     604    -0.000932614
5620     610     0.006340586
5620     611    -0.002854141
5620     612     0.019371426
5620     613     0.004626562
5621    5620    -0.008776190
5621    5621     2.290300003
5621     602     0.002996158
5621     603     0.020933096
5621     604     0.035052662
5621     610     0.000790929
5621     611    -0.000778045
5621     612    -0.008071754
5621     613    -0.008523059
 602    5620    -0.002122403
 602    5621     0.002996158
 602     602     1.956700002
 602     603     0.004471384
 602     604    -0.001563405
 602     610     0.001889849
 602     611     0.000111705
 602     612    -0.002723711
 602     613    -0.000537759
 603    5620    -0.006152454
 603    5621     0.020933096
 603     602     0.004471384
 603     603     1.970300000
 603     604    -0.000348871
 603     610    -0.001997492
 603     611     0.000297070
 603     612     0.000137931
 603     613     0.004366018
 604    5620    -0.000932614
 604    5621     0.035052662
 604     602    -0.001563405
 604     603    -0.000348871
 604     604     2.003900000
 604     610     0.000882328
 604     611     0.000503260
 604     612    -0.000647037
 604     613    -0.001181595
 610    5620     0.006340586
 610    5621     0.000790929
 610     602     0.001889849
 610     603    -0.001997492
 610     604     0.000882328
 610     610     2.073800000
 610     611    -0.006784900
 610     612     0.007109828
 610     613    -0.000455627
 611    5620    -0.002854141
 611    5621    -0.000778045
 611     602     0.000111705
 611     603     0.000297070
 611     604     0.000503260
 611     610    -0.006784900
 611     611     2.012100001
 611     612     0.017683895
 611     613     0.000743863
 612    5620     0.019371426
 612    5621    -0.008071754
 612     602    -0.002723711
 612     603     0.000137931
 612     604    -0.000647037
 612     610     0.007109828
 612     611     0.017683895
 612     612     2.059300000
 612     613    -0.000125462
 613    5620     0.004626562
 613    5621    -0.008523059
 613     602    -0.000537759
 613     603     0.004366018
 613     604    -0.001181595
 613     610    -0.000455627
 613     611     0.000743863
 613     612    -0.000125462
 613     613     2.028900000
