5620    5620     2.331699998
5620    5621     0.007286719
5620     602     0.002354703
5620     603     0.006506021
5620     604     0.001954446
5620     610     0.006977275
5620     611     0.002574872
5620     612    -0.018689899
5620     613     0.001820634
5621    5620     0.007286719
5621    5621     2.337100003
5621     602    -0.004382405
5621     603    -0.024121512
5621     604    -0.028702034
5621     610     0.002264108
5621     611    -0.000193910
5621     612    -0.007638021
5621     613    -0.009954114
 602    5620     0.002354703
 602    5621    -0.004382405
 602     602     1.922500002
 602     603    -0.002612458
 602     604     0.001413995
 602     610    -0.002107470
 602     611    -0.000641577
 602     612     0.003064346
 602     613    -0.000504722
 603    5620     0.006506021
 603    5621    -0.024121512
 603     602    -0.002612458
 603     603     1.853200000
 603     604     0.000657628
 603     610    -0.002002584
 603     611     0.000370538
 603     612    -0.000109509
 603     613     0.005698694
 604    5620     0.001954446
 604    5621    -0.028702034
 604     602     0.001413995
 604     603     0.000657628
 604     604     2.118900000
 604     610    -0.000844298
 604     611    -0.000485357
 604     612     0.000100642
 604     613    -0.001218738
 610    5620     0.006977275
 610    5621     0.002264108
 610     602    -0.002107470
 610     603    -0.002002584
 610     604    -0.000844298
 610     610     1.992600000
 610     611    -0.005323813
 610     612     0.006400312
 610     613    -0.000357470
 611    5620     0.002574872
 611    5621    -0.000193910
 611     602    -0.000641577
 611     603     0.000370538
 611     604    -0.000485357
 611     610    -0.005323813
 611     611     2.090700001
 611     612    -0.015191570
 611     613     0.000767369
 612    5620    -0.018689899
 612    5621    -0.007638021
 612     602     0.003064346
 612     603    -0.000109509
 612     604     0.000100642
 612     610     0.006400312
 612     611    -0.015191570
 612     612     2.055900000
 612     613    -0.000114997
 613    5620     0.001820634
 613    5621    -0.009954114
 613     602    -0.000504722
 613     603     0.005698694
 613     604    -0.001218738
 613     610    -0.000357470
 613     611     0.000767369
 613     612    -0.000114997
 613     613     2.035100000
