5620    5620     2.437499998
5620    5621    -0.005657424
5620     602     0.001303630
5620     603    -0.004968225
5620     604     0.001062554
5620     610     0.003485060
5620     611     0.003693456
5620     612    -0.014639634
5620     613     0.006481333
5621    5620    -0.005657424
5621    5621     2.215900003
5621     602     0.004277425
5621     603     0.021462127
5621     604     0.035267834
5621     610    -0.002331981
5621     611    -0.000095820
5621     612     0.006529349
5621     613     0.009278291
 602    5620     0.001303630
 602    5621     0.004277425
 602     602     1.943600002
 602     603     0.009631005
 602     604     0.001832015
 602     610     0.002035783
 602     611     0.000517079
 602     612    -0.002575593
 602     613     0.000549808
 603    5620    -0.004968225
 603    5621     0.021462127
 603     602     0.009631005
 603     603     1.971700000
 603     604    -0.000355641
 603     610    -0.001887998
 603     611     0.000252968
 603     612    -0.000038061
 603     613    -0.003780036
 604    5620     0.001062554
 604    5621     0.035267834
 604     602     0.001832015
 604     603    -0.000355641
 604     604     2.065100000
 604     610     0.000768404
 604     611    -0.000754053
 604     612     0.000491247
 604     613     0.001269393
 610    5620     0.003485060
 610    5621    -0.002331981
 610     602     0.002035783
 610     603    -0.001887998
 610     604     0.000768404
 610     610     2.080800000
 610     611    -0.006137772
 610     612     0.004721799
 610     613     0.000505999
 611    5620     0.003693456
 611    5621    -0.000095820
 611     602     0.000517079
 611     603     0.000252968
 611     604    -0.000754053
 611     610    -0.006137772
 611     611     1.997300001
 611     612    -0.016878836
 611     613    -0.000634007
 612    5620    -0.014639634
 612    5621     0.006529349
 612     602    -0.002575593
 612     603    -0.000038061
 612     604     0.000491247
 612     610     0.004721799
 612     611    -0.016878836
 612     612     2.090900000
 612     613    -0.000033787
 613    5620     0.006481333
 613    5621     0.009278291
 613     602     0.000549808
 613     603    -0.003780036
 613     604     0.001269393
 613     610     0.000505999
 613     611    -0.000634007
 613     612    -0.000033787
 613     613     1.986200000
