5620    5620     2.407499998
5620    5621    -0.005813870
5620     602     0.002243528
5620     603    -0.005705473
5620     604    -0.000121912
5620     610    -0.007900430
5620     611    -0.002613057
5620     612     0.011770661
5620     613    -0.007890397
5621    5620    -0.005813870
5621    5621     2.460900003
5621     602     0.006712513
5621     603    -0.019254417
5621     604     0.032988920
5621     610     0.001349514
5621     611     0.000205808
5621     612    -0.007080844
5621     613     0.007586986
 602    5620     0.002243528
 602    5621     0.006712513
 602     602     1.980300002
 602     603    -0.006086636
 602     604     0.001434337
 602     610     0.002147022
 602     611     0.000810141
 602     612     0.002327080
 602     613     0.000127259
 603    5620    -0.005705473
 603    5621    -0.019254417
 603     602    -0.006086636
 603     603     1.972100000
 603     604    -0.000329943
 603     610    -0.002100676
 603     611    -0.000276910
 603     612     0.000204963
 603     613    -0.003861694
 604    5620    -0.000121912
 604    5621     0.032988920
 604     602     0.001434337
 604     603    -0.000329943
 604     604     2.076300000
 604     610    -0.000624214
 604     611     0.000625396
 604     612    -0.000059945
 604     613     0.001084641
 610    5620    -0.007900430
 610    5621     0.001349514
 610     602     0.002147022
 610     603    -0.002100676
 610     604    -0.000624214
 610     610     2.008000000
 610     611    -0.006993401
 610     612    -0.003994328
 610     613     0.000732640
 611    5620    -0.002613057
 611    5621     0.000205808
 611     602     0.000810141
 611     603    -0.000276910
 611     604     0.000625396
 611     610    -0.006993401
 611     611     2.061700001
 611     612    -0.015952819
 611     613     0.000691434
 612    5620     0.011770661
 612    5621    -0.007080844
 612     602     0.002327080
 612     603     0.000204963
 612     604    -0.000059945
 612     610    -0.003994328
 612     611    -0.015952819
 612     612     2.013200000
 612     613    -0.000430501
 613    5620    -0.007890397
 613    5621     0.007586986
 613     602     0.000127259
 613     603    -0.003861694
 613     604     0.001084641
 613     610     0.000732640
 613     611     0.000691434
 613     612    -0.000430501
 613     613     1.962000000
