5620    5620     2.340499998
5620    5621    -0.007384616
5620     602     0.001182345
5620     603     0.006934139
5620     604     0.003143927
5620     610     0.001874780
5620     611     0.001234568
5620     612    -0.010694742
5620     613     0.005896067
5621    5620    -0.007384616
5621    5621     2.390900003
5621     602    -0.004398709
5621     603     0.020515459
5621     604    -0.031081607
5621     610     0.002781794
5621     611     0.000375867
5621     612    -0.006498593
5621     613     0.007698878
 602    5620     0.001182345
 602    5621    -0.004398709
 602     602     1.969100002
 602     603    -0.004559440
 602     604    -0.001503850
 602     610     0.002160763
 602     611     0.000085481
 602     612     0.002606319
 602     613     0.000844040
 603    5620     0.006934139
 603    5621     0.020515459
 603     602    -0.004559440
 603     603     1.879300000
 603     604    -0.000200361
 603     610     0.002654663
 603     611     0.000329593
 603     612    -0.000292759
 603     613    -0.005079266
 604    5620     0.003143927
 604    5621    -0.031081607
 604     602    -0.001503850
 604     603    -0.000200361
 604     604     2.076900000
 604     610     0.001895101
 604     611    -0.000678743
 604     612     0.000120283
 604     613    -0.001152203
 610    5620     0.001874780
 610    5621     0.002781794
 610     602     0.002160763
 610     603     0.002654663
 610     604     0.001895101
 610     610     2.012800000
 610     611     0.006461729
 610     612    -0.006659439
 610     613    -0.000433606
 611    5620     0.001234568
 611    5621     0.000375867
 611     602     0.000085481
 611     603     0.000329593
 611     604    -0.000678743
 611     610     0.006461729
 611     611     2.044700001
 611     612    -0.018617082
 611     613     0.000732634
 612    5620    -0.010694742
 612    5621    -0.006498593
 612     602     0.002606319
 612     603    -0.000292759
 612     604     0.000120283
 612     610    -0.006659439
 612     611    -0.018617082
 612     612     1.999700000
 612     613     0.000231917
 613    5620     0.005896067
 613    5621     0.007698878
 613     602     0.000844040
 613     603    -0.005079266
 613     604    -0.001152203
 613     610    -0.000433606
 613     611     0.000732634
 613     612     0.000231917
 613     613     1.969700000
