5620    5620     2.351199998
5620    5621     0.005904179
5620     602    -0.002340700
5620     603     0.005139490
5620     604    -0.002155327
5620     610    -0.000398423
5620     611     0.003068696
5620     612    -0.001666013
5620     613    -0.007309645
5621    5620     0.005904179
5621    5621     2.308000003
5621     602    -0.007259047
5621     603    -0.023322103
5621     604    -0.030214562
5621     610     0.003033692
5621     611    -0.000212778
5621     612    -0.006454747
5621     613     0.007574701
 602    5620    -0.002340700
 602    5621    -0.007259047
 602     602     1.925000002
 602     603    -0.008725839
 602     604    -0.001535628
 602     610    -0.002250647
 602     611     0.001340872
 602     612    -0.002267708
 602     613     0.000089225
 603    5620     0.005139490
 603    5621    -0.023322103
 603     602    -0.008725839
 603     603     1.907000000
 603     604     0.001275598
 603     610    -0.001783892
 603     611    -0.000216739
 603     612     0.000057312
 603     613     0.003130302
 604    5620    -0.002155327
 604    5621    -0.030214562
 604     602    -0.001535628
 604     603     0.001275598
 604     604     1.969500000
 604     610     0.001651489
 604     611     0.000691373
 604     612    -0.000402002
 604     613     0.001134199
 610    5620    -0.000398423
 610    5621     0.003033692
 610     602    -0.002250647
 610     603    -0.001783892
 610     604     0.001651489
 610     610     2.064700000
 610     611    -0.005632703
 610     612    -0.000898412
 610     613    -0.000417991
 611    5620     0.003068696
 611    5621    -0.000212778
 611     602     0.001340872
 611     603    -0.000216739
 611     604     0.000691373
 611     610    -0.005632703
 611     611     2.030600001
 611     612     0.019742236
 611     613     0.000720313
 612    5620    -0.001666013
 612    5621    -0.006454747
 612     602    -0.002267708
 612     603     0.000057312
 612     604    -0.000402002
 612     610    -0.000898412
 612     611     0.019742236
 612     612     2.106900000
 612     613    -0.000419213
 613    5620    -0.007309645
 613    5621     0.007574701
 613     602     0.000089225
 613     603     0.003130302
 613     604     0.001134199
 613     610    -0.000417991
 613     611     0.000720313
 613     612    -0.000419213
 613     613     2.073700000
