5620    5620     2.489899998
5620    5621     0.002817109
5620     602     0.002739166
5620     603    -0.005143527
5620     604    -0.001216353
5620     610    -0.001638846
5620     611    -0.000282528
5620     612    -0.003664754
5620     613     0.006367201
5621    5620     0.002817109
5621    5621     2.333400003
5621     602    -0.004929007
5621     603    -0.022445567
5621     604     0.029728380
5621     610    -0.002577708
5621     611     0.000213980
5621     612    -0.005647067
5621     613    -0.004953389
 602    5620     0.002739166
 602    5621    -0.004929007
 602     602     1.934600002
 602     603     0.006429976
 602     604     0.001152059
 602     610    -0.002402886
 602     611     0.001351104
 602     612     0.002156728
 602     613    -0.000344407
 603    5620    -0.005143527
 603    5621    -0.022445567
 603     602     0.006429976
 603     603     1.960100000
 603     604     0.000696901
 603     610    -0.002086867
 603     611     0.000365080
 603     612    -0.000025411
 603     613     0.002561617
 604    5620    -0.001216353
 604    5621     0.029728380
 604     602     0.001152059
 604     603     0.000696901
 604     604     2.046900000
 604     610     0.001301090
 604     611    -0.000478325
 604     612     0.000619127
 604     613     0.000766010
 610    5620    -0.001638846
 610    5621    -0.002577708
 610     602    -0.002402886
 610     603    -0.002086867
 610     604     0.001301090
 610     610     1.997900000
 610     611    -0.006336745
 610     612     0.001998897
 610     613    -0.000415540
 611    5620    -0.000282528
 611    5621     0.000213980
 611     602     0.001351104
 611     603     0.000365080
 611     604    -0.000478325
 611     610    -0.006336745
 611     611     1.943300001
 611     612    -0.019853442
 611     613     0.000718297
 612    5620    -0.003664754
 612    5621    -0.005647067
 612     602     0.002156728
 612     603    -0.000025411
 612     604     0.000619127
 612     610     0.001998897
 612     611    -0.019853442
 612     612     2.085400000
 612     613    -0.000319169
 613    5620     0.006367201
 613    5621    -0.004953389
 613     602    -0.000344407
 613     603     0.002561617
 613     604     0.000766010
 613     610    -0.000415540
 613     611     0.000718297
 613     612    -0.000319169
 613     613     1.993400000
