5620    5620     2.339599998
5620    5621    -0.004826519
5620     602    -0.000005261
5620     603     0.004812924
5620     604     0.002408009
5620     610    -0.002303029
5620     611     0.003390217
5620     612     0.000596300
5620     613     0.006690328
5621    5620    -0.004826519
5621    5621     2.272200003
5621     602    -0.010388678
5621     603    -0.021197445
5621     604     0.028763415
5621     610     0.003235379
5621     611    -0.000102918
5621     612     0.007421340
5621     613    -0.009472338
 602    5620    -0.000005261
 602    5621    -0.010388678
 602     602     1.908800002
 602     603     0.010067823
 602     604    -0.001914626
 602     610     0.001729825
 602     611     0.000124024
 602     612    -0.003163351
 602     613    -0.001659748
 603    5620     0.004812924
 603    5621    -0.021197445
 603     602     0.010067823
 603     603     2.012800000
 603     604     0.000160768
 603     610     0.001656762
 603     611    -0.000197426
 603     612    -0.000236701
 603     613    -0.003665938
 604    5620     0.002408009
 604    5621     0.028763415
 604     602    -0.001914626
 604     603     0.000160768
 604     604     1.962100000
 604     610     0.001739953
 604     611    -0.000817715
 604     612    -0.000311461
 604     613    -0.001240570
 610    5620    -0.002303029
 610    5621     0.003235379
 610     602     0.001729825
 610     603     0.001656762
 610     604     0.001739953
 610     610     2.010700000
 610     611    -0.006667872
 610     612    -0.003325555
 610     613    -0.000485108
 611    5620     0.003390217
 611    5621    -0.000102918
 611     602     0.000124024
 611     603    -0.000197426
 611     604    -0.000817715
 611     610    -0.006667872
 611     611     2.004200001
 611     612     0.024422737
 611     613    -0.000689265
 612    5620     0.000596300
 612    5621     0.007421340
 612     602    -0.003163351
 612     603    -0.000236701
 612     604    -0.000311461
 612     610    -0.003325555
 612     611     0.024422737
 612     612     2.074600000
 612     613     0.000287858
 613    5620     0.006690328
 613    5621    -0.009472338
 613     602    -0.001659748
 613     603    -0.003665938
 613     604    -0.001240570
 613     610    -0.000485108
 613     611    -0.000689265
 613     612     0.000287858
 613     613     1.947600000
