5620    5620     2.387799998
5620    5621     0.005961116
5620     602     0.001240876
5620     603    -0.004985979
5620     604    -0.001729483
5620     610    -0.002820682
5620     611    -0.002922760
5620     612     0.014268182
5620     613     0.004600316
5621    5620     0.005961116
5621    5621     2.488100003
5621     602     0.001036234
5621     603     0.023592516
5621     604    -0.038447586
5621     610    -0.002242038
5621     611    -0.000023468
5621     612     0.007197618
5621     613    -0.008500636
 602    5620     0.001240876
 602    5621     0.001036234
 602     602     1.935100002
 602     603     0.008655539
 602     604    -0.002163300
 602     610     0.002010581
 602     611     0.000027072
 602     612     0.003123622
 602     613     0.001020337
 603    5620    -0.004985979
 603    5621     0.023592516
 603     602     0.008655539
 603     603     1.918600000
 603     604     0.000334218
 603     610    -0.001949816
 603     611     0.000274587
 603     612    -0.000119644
 603     613    -0.003780829
 604    5620    -0.001729483
 604    5621    -0.038447586
 604     602    -0.002163300
 604     603     0.000334218
 604     604     1.998300000
 604     610     0.001437335
 604     611    -0.000550839
 604     612    -0.000596503
 604     613    -0.001508624
 610    5620    -0.002820682
 610    5621    -0.002242038
 610     602     0.002010581
 610     603    -0.001949816
 610     604     0.001437335
 610     610     2.039300000
 610     611    -0.006122965
 610     612     0.007097448
 610     613     0.000383492
 611    5620    -0.002922760
 611    5621    -0.000023468
 611     602     0.000027072
 611     603     0.000274587
 611     604    -0.000550839
 611     610    -0.006122965
 611     611     1.972700001
 611     612    -0.018878002
 611     613     0.000601804
 612    5620     0.014268182
 612    5621     0.007197618
 612     602     0.003123622
 612     603    -0.000119644
 612     604    -0.000596503
 612     610     0.007097448
 612     611    -0.018878002
 612     612     2.050500000
 612     613     0.000003746
 613    5620     0.004600316
 613    5621    -0.008500636
 613     602     0.001020337
 613     603    -0.003780829
 613     604    -0.001508624
 613     610     0.000383492
 613     611     0.000601804
 613     612     0.000003746
 613     613     2.063900000
