5620    5620     2.278299998
5620    5621     0.005716677
5620     602     0.001945368
5620     603    -0.005055950
5620     604     0.002068491
5620     610    -0.007730471
5620     611     0.003306830
5620     612     0.024458613
5620     613    -0.005898121
5621    5620     0.005716677
5621    5621     2.318600003
5621     602     0.001864485
5621     603    -0.028439550
5621     604    -0.029239842
5621     610     0.002197481
5621     611     0.000074802
5621     612     0.007228045
5621     613     0.007593004
 602    5620     0.001945368
 602    5621     0.001864485
 602     602     1.927100002
 602     603    -0.011269430
 602     604    -0.001473166
 602     610    -0.002084328
 602     611    -0.000764938
 602     612     0.003070410
 602     613    -0.000482256
 603    5620    -0.005055950
 603    5621    -0.028439550
 603     602    -0.011269430
 603     603     1.943300000
 603     604     0.001136175
 603     610     0.001913373
 603     611    -0.000315586
 603     612    -0.000506759
 603     613    -0.003506088
 604    5620     0.002068491
 604    5621    -0.029239842
 604     602    -0.001473166
 604     603     0.001136175
 604     604     2.071900000
 604     610    -0.000712527
 604     611    -0.000686167
 604     612    -0.000499418
 604     613     0.001099992
 610    5620    -0.007730471
 610    5621     0.002197481
 610     602    -0.002084328
 610     603     0.001913373
 610     604    -0.000712527
 610     610     2.027200000
 610     611    -0.006734731
 610     612    -0.010012105
 610     613     0.000524443
 611    5620     0.003306830
 611    5621     0.000074802
 611     602    -0.000764938
 611     603    -0.000315586
 611     604    -0.000686167
 611     610    -0.006734731
 611     611     2.034400001
 611     612    -0.020119493
 611     613    -0.000734738
 612    5620     0.024458613
 612    5621     0.007228045
 612     602     0.003070410
 612     603    -0.000506759
 612     604    -0.000499418
 612     610    -0.010012105
 612     611    -0.020119493
 612     612     2.070000000
 612     613    -0.000048447
 613    5620    -0.005898121
 613    5621     0.007593004
 613     602    -0.000482256
 613     603    -0.003506088
 613     604     0.001099992
 613     610     0.000524443
 613     611    -0.000734738
 613     612    -0.000048447
 613     613     2.038400000
