5620    5620     2.374699998
5620    5621    -0.005448681
5620     602     0.000765536
5620     603    -0.005378575
5620     604    -0.002544853
5620     610    -0.005270830
5620     611    -0.002293294
5620     612    -0.016765926
5620     613    -0.007681750
5621    5620    -0.005448681
5621    5621     2.424300003
5621     602     0.000163145
5621     603    -0.016475166
5621     604    -0.032391682
5621     610     0.000479697
5621     611     0.000549722
5621     612    -0.006741248
5621     613    -0.008957299
 602    5620     0.000765536
 602    5621     0.000163145
 602     602     1.899300002
 602     603    -0.008815507
 602     604     0.002013742
 602     610    -0.001372047
 602     611    -0.000097290
 602     612    -0.002646477
 602     613     0.000971399
 603    5620    -0.005378575
 603    5621    -0.016475166
 603     602    -0.008815507
 603     603     1.922200000
 603     604    -0.000114633
 603     610    -0.002145974
 603     611    -0.000345180
 603     612    -0.000131218
 603     613    -0.004192326
 604    5620    -0.002544853
 604    5621    -0.032391682
 604     602     0.002013742
 604     603    -0.000114633
 604     604     1.995200000
 604     610     0.000258917
 604     611     0.000716377
 604     612     0.000066105
 604     613     0.001287530
 610    5620    -0.005270830
 610    5621     0.000479697
 610     602    -0.001372047
 610     603    -0.002145974
 610     604     0.000258917
 610     610     2.015900000
 610     611    -0.007954246
 610     612    -0.008848961
 610     613     0.000921512
 611    5620    -0.002293294
 611    5621     0.000549722
 611     602    -0.000097290
 611     603    -0.000345180
 611     604     0.000716377
 611     610    -0.007954246
 611     611     1.968000001
 611     612     0.021061778
 611     613     0.000875438
 612    5620    -0.016765926
 612    5621    -0.006741248
 612     602    -0.002646477
 612     603    -0.000131218
 612     604     0.000066105
 612     610    -0.008848961
 612     611     0.021061778
 612     612     2.068100000
 612     613     0.000138692
 613    5620    -0.007681750
 613    5621    -0.008957299
 613     602     0.000971399
 613     603    -0.004192326
 613     604     0.001287530
 613     610     0.000921512
 613     611     0.000875438
 613     612     0.000138692
 613     613     1.927500000
