5620    5620     2.273999998
5620    5621    -0.005383546
5620     602     0.001097222
5620     603     0.005695155
5620     604     0.001944214
5620     610    -0.005725697
5620     611     0.001111787
5620     612    -0.017513032
5620     613    -0.009562149
5621    5620    -0.005383546
5621    5621     2.625800003
5621     602    -0.005524224
5621     603    -0.018854901
5621     604    -0.033054418
5621     610    -0.002396462
5621     611    -0.000241514
5621     612    -0.006184091
5621     613    -0.007512027
 602    5620     0.001097222
 602    5621    -0.005524224
 602     602     1.946200002
 602     603    -0.009680909
 602     604     0.001747029
 602     610     0.002035193
 602     611    -0.000462062
 602     612    -0.002376828
 602     613    -0.000508223
 603    5620     0.005695155
 603    5621    -0.018854901
 603     602    -0.009680909
 603     603     1.873600000
 603     604     0.000874832
 603     610     0.002214887
 603     611     0.000543027
 603     612     0.000167223
 603     613     0.004095645
 604    5620     0.001944214
 604    5621    -0.033054418
 604     602     0.001747029
 604     603     0.000874832
 604     604     2.024000000
 604     610     0.001217873
 604     611    -0.000699032
 604     612     0.000146378
 604     613    -0.001260147
 610    5620    -0.005725697
 610    5621    -0.002396462
 610     602     0.002035193
 610     603     0.002214887
 610     604     0.001217873
 610     610     2.055000000
 610     611    -0.005547679
 610     612     0.005455497
 610     613     0.000665500
 611    5620     0.001111787
 611    5621    -0.000241514
 611     602    -0.000462062
 611     603     0.000543027
 611     604    -0.000699032
 611     610    -0.005547679
 611     611     2.076700001
 611     612    -0.013862933
 611     613    -0.000931676
 612    5620    -0.017513032
 612    5621    -0.006184091
 612     602    -0.002376828
 612     603     0.000167223
 612     604     0.000146378
 612     610     0.005455497
 612     611    -0.013862933
 612     612     2.085000000
 612     613     0.000113110
 613    5620    -0.009562149
 613    5621    -0.007512027
 613     602    -0.000508223
 613     603     0.004095645
 613     604    -0.001260147
 613     610     0.000665500
 613     611    -0.000931676
 613     612     0.000113110
 613     613     1.927600000
