5620    5620     2.375899998
5620    5621     0.001725958
5620     602     0.001120940
5620     603    -0.006270005
5620     604    -0.001425748
5620     610    -0.005356805
5620     611     0.000035857
5620     612    -0.003949070
5620     613    -0.010189284
5621    5620     0.001725958
5621    5621     2.247600003
5621     602    -0.002978123
5621     603    -0.026888585
5621     604     0.026439323
5621     610     0.000893141
5621     611    -0.000040470
5621     612    -0.007151557
5621     613    -0.005762010
 602    5620     0.001120940
 602    5621    -0.002978123
 602     602     1.972500002
 602     603     0.008130095
 602     604     0.001381543
 602     610     0.001651713
 602     611    -0.000501416
 602     612     0.002261250
 602     613     0.000116145
 603    5620    -0.006270005
 603    5621    -0.026888585
 603     602     0.008130095
 603     603     1.879700000
 603     604     0.001202318
 603     610    -0.002326475
 603     611    -0.000503684
 603     612    -0.000009589
 603     613    -0.003303769
 604    5620    -0.001425748
 604    5621     0.026439323
 604     602     0.001381543
 604     603     0.001202318
 604     604     2.122800000
 604     610    -0.000808985
 604     611    -0.000545842
 604     612     0.000226213
 604     613     0.000707415
 610    5620    -0.005356805
 610    5621     0.000893141
 610     602     0.001651713
 610     603    -0.002326475
 610     604    -0.000808985
 610     610     1.975200000
 610     611     0.006987919
 610     612     0.003592719
 610     613    -0.000969827
 611    5620     0.000035857
 611    5621    -0.000040470
 611     602    -0.000501416
 611     603    -0.000503684
 611     604    -0.000545842
 611     610     0.006987919
 611     611     2.062200001
 611     612     0.017035658
 611     613    -0.001026428
 612    5620    -0.003949070
 612    5621    -0.007151557
 612     602     0.002261250
 612     603    -0.000009589
 612     604     0.000226213
 612     610     0.003592719
 612     611     0.017035658
 612     612     2.130800000
 612     613    -0.000434827
 613    5620    -0.010189284
 613    5621    -0.005762010
 613     602     0.000116145
 613     603    -0.003303769
 613     604     0.000707415
 613     610    -0.000969827
 613     611    -0.001026428
 613     612    -0.000434827
 613     613     2.032400000
