5620    5620     2.368499998
5620    5621     0.006434056
5620     602    -0.000939750
5620     603    -0.006087223
5620     604     0.002348137
5620     610    -0.005728333
5620     611     0.002197702
5620     612    -0.008181784
5620     613    -0.009312761
5621    5620     0.006434056
5621    5621     2.202200003
5621     602     0.001506458
5621     603     0.026855705
5621     604     0.028432988
5621     610    -0.004545991
5621     611     0.000243530
5621     612     0.008473850
5621     613    -0.009303987
 602    5620    -0.000939750
 602    5621     0.001506458
 602     602     1.985000002
 602     603     0.008705285
 602     604    -0.001488226
 602     610    -0.002230783
 602     611     0.000705708
 602     612    -0.002925738
 602     613     0.000686379
 603    5620    -0.006087223
 603    5621     0.026855705
 603     602     0.008705285
 603     603     1.936200000
 603     604     0.000942574
 603     610    -0.002225866
 603     611    -0.000219284
 603     612     0.000147888
 603     613    -0.003744952
 604    5620     0.002348137
 604    5621     0.028432988
 604     602    -0.001488226
 604     603     0.000942574
 604     604     2.111400000
 604     610     0.001813520
 604     611     0.000724268
 604     612     0.000200277
 604     613    -0.000999816
 610    5620    -0.005728333
 610    5621    -0.004545991
 610     602    -0.002230783
 610     603    -0.002225866
 610     604     0.001813520
 610     610     2.018200000
 610     611     0.007624075
 610     612    -0.001869325
 610     613     0.000603188
 611    5620     0.002197702
 611    5621     0.000243530
 611     602     0.000705708
 611     603    -0.000219284
 611     604     0.000724268
 611     610     0.007624075
 611     611     1.958200001
 611     612    -0.023848293
 611     613    -0.000804451
 612    5620    -0.008181784
 612    5621     0.008473850
 612     602    -0.002925738
 612     603     0.000147888
 612     604     0.000200277
 612     610    -0.001869325
 612     611    -0.023848293
 612     612     2.077900000
 612     613    -0.000227547
 613    5620    -0.009312761
 613    5621    -0.009303987
 613     602     0.000686379
 613     603    -0.003744952
 613     604    -0.000999816
 613     610     0.000603188
 613     611    -0.000804451
 613     612    -0.000227547
 613     613     1.956300000
