5620    5620     2.402999998
5620    5621    -0.003517402
5620     602     0.000566934
5620     603    -0.005336583
5620     604     0.000410502
5620     610     0.001294957
5620     611    -0.000381797
5620     612    -0.009186001
5620     613    -0.007001574
5621    5620    -0.003517402
5621    5621     2.536400003
5621     602    -0.003772953
5621     603    -0.021397681
5621     604    -0.030029366
5621     610    -0.002612289
5621     611     0.000050934
5621     612     0.006991388
5621     613    -0.008066707
 602    5620     0.000566934
 602    5621    -0.003772953
 602     602     1.962600002
 602     603     0.008178670
 602     604     0.001641683
 602     610    -0.001532485
 602     611    -0.000603779
 602     612     0.002510229
 602     613     0.001551839
 603    5620    -0.005336583
 603    5621    -0.021397681
 603     602     0.008178670
 603     603     1.961700000
 603     604    -0.000675251
 603     610     0.002088529
 603     611    -0.000360005
 603     612    -0.000074019
 603     613    -0.003791022
 604    5620     0.000410502
 604    5621    -0.030029366
 604     602     0.001641683
 604     603    -0.000675251
 604     604     2.144900000
 604     610    -0.001352938
 604     611    -0.000611860
 604     612    -0.000032643
 604     613     0.001063127
 610    5620     0.001294957
 610    5621    -0.002612289
 610     602    -0.001532485
 610     603     0.002088529
 610     604    -0.001352938
 610     610     2.000300000
 610     611     0.006642190
 610     612    -0.004121642
 610     613    -0.000572821
 611    5620    -0.000381797
 611    5621     0.000050934
 611     602    -0.000603779
 611     603    -0.000360005
 611     604    -0.000611860
 611     610     0.006642190
 611     611     1.987400001
 611     612     0.018377692
 611     613    -0.000930092
 612    5620    -0.009186001
 612    5621     0.006991388
 612     602     0.002510229
 612     603    -0.000074019
 612     604    -0.000032643
 612     610    -0.004121642
 612     611     0.018377692
 612     612     2.093600000
 612     613     0.000146555
 613    5620    -0.007001574
 613    5621    -0.008066707
 613     602     0.001551839
 613     603    -0.003791022
 613     604     0.001063127
 613     610    -0.000572821
 613     611    -0.000930092
 613     612     0.000146555
 613     613     2.039900000
