5620    5620     2.478399998
5620    5621     0.004418768
5620     602    -0.002249915
5620     603     0.005560398
5620     604    -0.004103971
5620     610    -0.005148606
5620     611    -0.000335029
5620     612    -0.015201327
5620     613     0.004078656
5621    5620     0.004418768
5621    5621     2.312300003
5621     602    -0.004986482
5621     603    -0.025879825
5621     604    -0.032895850
5621     610    -0.000548393
5621     611    -0.000349894
5621     612     0.007966765
5621     613    -0.008585156
 602    5620    -0.002249915
 602    5621    -0.004986482
 602     602     1.903500002
 602     603    -0.009422101
 602     604    -0.001613781
 602     610     0.001909209
 602     611    -0.000859130
 602     612     0.002781822
 602     613     0.000221930
 603    5620     0.005560398
 603    5621    -0.025879825
 603     602    -0.009422101
 603     603     1.957400000
 603     604     0.001103926
 603     610     0.002080201
 603     611    -0.000442020
 603     612     0.000393380
 603     613    -0.004152551
 604    5620    -0.004103971
 604    5621    -0.032895850
 604     602    -0.001613781
 604     603     0.001103926
 604     604     2.069000000
 604     610     0.000279963
 604     611    -0.000957534
 604     612    -0.001537693
 604     613     0.001483486
 610    5620    -0.005148606
 610    5621    -0.000548393
 610     602     0.001909209
 610     603     0.002080201
 610     604     0.000279963
 610     610     2.015200000
 610     611    -0.005719772
 610     612    -0.007917413
 610     613     0.000497469
 611    5620    -0.000335029
 611    5621    -0.000349894
 611     602    -0.000859130
 611     603    -0.000442020
 611     604    -0.000957534
 611     610    -0.005719772
 611     611     2.066100001
 611     612    -0.017493233
 611     613    -0.000760709
 612    5620    -0.015201327
 612    5621     0.007966765
 612     602     0.002781822
 612     603     0.000393380
 612     604    -0.001537693
 612     610    -0.007917413
 612     611    -0.017493233
 612     612     2.046800000
 612     613     0.000108012
 613    5620     0.004078656
 613    5621    -0.008585156
 613     602     0.000221930
 613     603    -0.004152551
 613     604     0.001483486
 613     610     0.000497469
 613     611    -0.000760709
 613     612     0.000108012
 613     613     2.028300000
