5620    5620     2.283399998
5620    5621    -0.004366196
5620     602     0.002085033
5620     603     0.006120506
5620     604     0.002212603
5620     610     0.003324241
5620     611    -0.002610200
5620     612    -0.017161811
5620     613     0.009262917
5621    5620    -0.004366196
5621    5621     2.461100003
5621     602    -0.004321155
5621     603     0.014676616
5621     604     0.027292232
5621     610    -0.003294866
5621     611     0.000718832
5621     612     0.006282718
5621     613     0.005887585
 602    5620     0.002085033
 602    5621    -0.004321155
 602     602     1.885300002
 602     603     0.008275132
 602     604     0.001611233
 602     610    -0.002792046
 602     611     0.000167279
 602     612    -0.002618579
 602     613     0.000225449
 603    5620     0.006120506
 603    5621     0.014676616
 603     602     0.008275132
 603     603     1.913600000
 603     604    -0.000872536
 603     610    -0.002159442
 603     611    -0.000174982
 603     612    -0.000191117
 603     613     0.003994592
 604    5620     0.002212603
 604    5621     0.027292232
 604     602     0.001611233
 604     603    -0.000872536
 604     604     2.096900000
 604     610     0.001911240
 604     611     0.000704017
 604     612     0.000289524
 604     613    -0.001166961
 610    5620     0.003324241
 610    5621    -0.003294866
 610     602    -0.002792046
 610     603    -0.002159442
 610     604     0.001911240
 610     610     1.967100000
 610     611    -0.008314799
 610     612     0.005321973
 610     613    -0.000545772
 611    5620    -0.002610200
 611    5621     0.000718832
 611     602     0.000167279
 611     603    -0.000174982
 611     604     0.000704017
 611     610    -0.008314799
 611     611     2.006900001
 611     612     0.017728205
 611     613     0.000669504
 612    5620    -0.017161811
 612    5621     0.006282718
 612     602    -0.002618579
 612     603    -0.000191117
 612     604     0.000289524
 612     610     0.005321973
 612     611     0.017728205
 612     612     2.086200000
 612     613    -0.000104704
 613    5620     0.009262917
 613    5621     0.005887585
 613     602     0.000225449
 613     603     0.003994592
 613     604    -0.001166961
 613     610    -0.000545772
 613     611     0.000669504
 613     612    -0.000104704
 613     613     1.990000000
