5620    5620     2.380599998
5620    5621     0.003130458
5620     602     0.002017107
5620     603     0.005836415
5620     604     0.001197483
5620     610    -0.001291759
5620     611    -0.000015740
5620     612     0.008262834
5620     613    -0.005754565
5621    5620     0.003130458
5621    5621     2.418100003
5621     602    -0.003593516
5621     603     0.019788707
5621     604    -0.032706506
5621     610    -0.000692805
5621     611    -0.000322589
5621     612    -0.006334303
5621     613     0.008049237
 602    5620     0.002017107
 602    5621    -0.003593516
 602     602     1.923100002
 602     603     0.008430159
 602     604     0.001749233
 602     610    -0.002073448
 602     611     0.000465782
 602     612    -0.002717696
 602     613     0.000351602
 603    5620     0.005836415
 603    5621     0.019788707
 603     602     0.008430159
 603     603     1.952700000
 603     604    -0.000933639
 603     610    -0.002089738
 603     611    -0.000359617
 603     612    -0.000221395
 603     613     0.004508145
 604    5620     0.001197483
 604    5621    -0.032706506
 604     602     0.001749233
 604     603    -0.000933639
 604     604     1.995900000
 604     610     0.000905919
 604     611    -0.000486253
 604     612    -0.000588370
 604     613     0.001278698
 610    5620    -0.001291759
 610    5621    -0.000692805
 610     602    -0.002073448
 610     603    -0.002089738
 610     604     0.000905919
 610     610     2.046700000
 610     611     0.006002619
 610     612     0.007645646
 610     613    -0.000594223
 611    5620    -0.000015740
 611    5621    -0.000322589
 611     602     0.000465782
 611     603    -0.000359617
 611     604    -0.000486253
 611     610     0.006002619
 611     611     2.055800001
 611     612    -0.017530390
 611     613     0.000873309
 612    5620     0.008262834
 612    5621    -0.006334303
 612     602    -0.002717696
 612     603    -0.000221395
 612     604    -0.000588370
 612     610     0.007645646
 612     611    -0.017530390
 612     612     2.062200000
 612     613     0.000023912
 613    5620    -0.005754565
 613    5621     0.008049237
 613     602     0.000351602
 613     603     0.004508145
 613     604     0.001278698
 613     610    -0.000594223
 613     611     0.000873309
 613     612     0.000023912
 613     613     1.946200000
