5620    5620     2.395299998
5620    5621    -0.003807804
5620     602     0.001558536
5620     603    -0.006026568
5620     604     0.000599808
5620     610    -0.000175363
5620     611     0.001749335
5620     612    -0.006698190
5620     613     0.010863452
5621    5620    -0.003807804
5621    5621     2.440800003
5621     602    -0.001682417
5621     603    -0.020841013
5621     604    -0.034426002
5621     610     0.002075906
5621     611    -0.000007927
5621     612     0.006847527
5621     613    -0.004947832
 602    5620     0.001558536
 602    5621    -0.001682417
 602     602     1.947800002
 602     603    -0.007604626
 602     604    -0.001827447
 602     610    -0.002203208
 602     611    -0.000348080
 602     612     0.002702604
 602     613    -0.000177245
 603    5620    -0.006026568
 603    5621    -0.020841013
 603     602    -0.007604626
 603     603     1.905000000
 603     604    -0.000915925
 603     610     0.002356699
 603     611    -0.000301825
 603     612    -0.000009809
 603     613    -0.003318162
 604    5620     0.000599808
 604    5621    -0.034426002
 604     602    -0.001827447
 604     603    -0.000915925
 604     604     1.923900000
 604     610     0.001683954
 604     611    -0.000451916
 604     612     0.001339359
 604     613     0.000891918
 610    5620    -0.000175363
 610    5621     0.002075906
 610     602    -0.002203208
 610     603     0.002356699
 610     604     0.001683954
 610     610     2.051400000
 610     611     0.007233717
 610     612    -0.003826980
 610     613     0.000768251
 611    5620     0.001749335
 611    5621    -0.000007927
 611     602    -0.000348080
 611     603    -0.000301825
 611     604    -0.000451916
 611     610     0.007233717
 611     611     2.059800001
 611     612    -0.021039879
 611     613    -0.000734185
 612    5620    -0.006698190
 612    5621     0.006847527
 612     602     0.002702604
 612     603    -0.000009809
 612     604     0.001339359
 612     610    -0.003826980
 612     611    -0.021039879
 612     612     2.064900000
 612     613    -0.000401920
 613    5620     0.010863452
 613    5621    -0.004947832
 613     602    -0.000177245
 613     603    -0.003318162
 613     604     0.000891918
 613     610     0.000768251
 613     611    -0.000734185
 613     612    -0.000401920
 613     613     1.959300000
