5620    5620     2.269099998
5620    5621     0.004606465
5620     602    -0.000691960
5620     603    -0.006411328
5620     604     0.001803563
5620     610    -0.003670984
5620     611     0.005568213
5620     612     0.015558783
5620     613    -0.010340560
5621    5620     0.004606465
5621    5621     2.287600003
5621     602    -0.001232508
5621     603    -0.018696516
5621     604    -0.030475460
5621     610     0.002100162
5621     611     0.000804976
5621     612    -0.006576936
5621     613    -0.008361407
 602    5620    -0.000691960
 602    5621    -0.001232508
 602     602     1.924800002
 602     603     0.006204482
 602     604    -0.001435668
 602     610     0.001740739
 602     611    -0.000147257
 602     612     0.002204129
 602     613    -0.000528205
 603    5620    -0.006411328
 603    5621    -0.018696516
 603     602     0.006204482
 603     603     1.941800000
 603     604    -0.000060594
 603     610    -0.002134772
 603     611    -0.000050616
 603     612    -0.000101960
 603     613     0.004602370
 604    5620     0.001803563
 604    5621    -0.030475460
 604     602    -0.001435668
 604     603    -0.000060594
 604     604     1.983000000
 604     610    -0.001115146
 604     611     0.000574780
 604     612    -0.000119654
 604     613     0.001132403
 610    5620    -0.003670984
 610    5621     0.002100162
 610     602     0.001740739
 610     603    -0.002134772
 610     604    -0.001115146
 610     610     2.041200000
 610     611    -0.006821051
 610     612    -0.006476383
 610     613     0.000724487
 611    5620     0.005568213
 611    5621     0.000804976
 611     602    -0.000147257
 611     603    -0.000050616
 611     604     0.000574780
 611     610    -0.006821051
 611     611     2.057700001
 611     612    -0.013930350
 611     613    -0.000312092
 612    5620     0.015558783
 612    5621    -0.006576936
 612     602     0.002204129
 612     603    -0.000101960
 612     604    -0.000119654
 612     610    -0.006476383
 612     611    -0.013930350
 612     612     2.060700000
 612     613    -0.000134967
 613    5620    -0.010340560
 613    5621    -0.008361407
 613     602    -0.000528205
 613     603     0.004602370
 613     604     0.001132403
 613     610     0.000724487
 613     611    -0.000312092
 613     612    -0.000134967
 613     613     1.933300000
