5620    5620     2.557999998
5620    5621    -0.002355154
5620     602     0.000571018
5620     603     0.005742236
5620     604     0.000353610
5620     610     0.003404175
5620     611     0.001115906
5620     612     0.010232542
5620     613     0.006406340
5621    5620    -0.002355154
5621    5621     2.306000003
5621     602    -0.001334955
5621     603    -0.020281833
5621     604    -0.035146985
5621     610    -0.003839316
5621     611    -0.000095978
5621     612     0.007473110
5621     613     0.006319131
 602    5620     0.000571018
 602    5621    -0.001334955
 602     602     1.970600002
 602     603    -0.006269919
 602     604    -0.001769279
 602     610     0.001653949
 602     611     0.000325975
 602     612    -0.002337261
 602     613     0.001124731
 603    5620     0.005742236
 603    5621    -0.020281833
 603     602    -0.006269919
 603     603     1.966100000
 603     604    -0.000448841
 603     610    -0.002152933
 603     611    -0.000248381
 603     612     0.000324895
 603     613     0.003139117
 604    5620     0.000353610
 604    5621    -0.035146985
 604     602    -0.001769279
 604     603    -0.000448841
 604     604     2.083900000
 604     610     0.001730782
 604     611     0.000566299
 604     612     0.000228620
 604     613     0.001017021
 610    5620     0.003404175
 610    5621    -0.003839316
 610     602     0.001653949
 610     603    -0.002152933
 610     604     0.001730782
 610     610     1.994000000
 610     611     0.006097370
 610     612     0.008785659
 610     613     0.000395321
 611    5620     0.001115906
 611    5621    -0.000095978
 611     602     0.000325975
 611     603    -0.000248381
 611     604     0.000566299
 611     610     0.006097370
 611     611     2.073600001
 611     612     0.016357957
 611     613     0.000683078
 612    5620     0.010232542
 612    5621     0.007473110
 612     602    -0.002337261
 612     603     0.000324895
 612     604     0.000228620
 612     610     0.008785659
 612     611     0.016357957
 612     612     1.999100000
 612     613     0.000093859
 613    5620     0.006406340
 613    5621     0.006319131
 613     602     0.001124731
 613     603     0.003139117
 613     604     0.001017021
 613     610     0.000395321
 613     611     0.000683078
 613     612     0.000093859
 613     613     2.071200000
