5620    5620     2.503299998
5620    5621     0.002310266
5620     602    -0.001235330
5620     603    -0.005586142
5620     604     0.002185472
5620     610     0.003923375
5620     611    -0.000632189
5620     612     0.012476637
5620     613    -0.007476814
5621    5620     0.002310266
5621    5621     2.189800003
5621     602    -0.002072971
5621     603    -0.020247111
5621     604    -0.027039728
5621     610     0.002413537
5621     611     0.000070050
5621     612     0.007091095
5621     613     0.009082514
 602    5620    -0.001235330
 602    5621    -0.002072971
 602     602     1.921600002
 602     603     0.005540014
 602     604     0.001319472
 602     610     0.002509734
 602     611    -0.001061504
 602     612    -0.002491806
 602     613    -0.000423457
 603    5620    -0.005586142
 603    5621    -0.020247111
 603     602     0.005540014
 603     603     1.927900000
 603     604     0.000395159
 603     610    -0.002529052
 603     611    -0.000515239
 603     612    -0.000129551
 603     613     0.004357294
 604    5620     0.002185472
 604    5621    -0.027039728
 604     602     0.001319472
 604     603     0.000395159
 604     604     2.107000000
 604     610     0.001071596
 604     611    -0.000726392
 604     612     0.000475764
 604     613     0.001141821
 610    5620     0.003923375
 610    5621     0.002413537
 610     602     0.002509734
 610     603    -0.002529052
 610     604     0.001071596
 610     610     1.900000000
 610     611     0.007720616
 610     612     0.008370282
 610     613     0.000767095
 611    5620    -0.000632189
 611    5621     0.000070050
 611     602    -0.001061504
 611     603    -0.000515239
 611     604    -0.000726392
 611     610     0.007720616
 611     611     2.041800001
 611     612    -0.016329956
 611     613    -0.001105445
 612    5620     0.012476637
 612    5621     0.007091095
 612     602    -0.002491806
 612     603    -0.000129551
 612     604     0.000475764
 612     610     0.008370282
 612     611    -0.016329956
 612     612     2.066000000
 612     613     0.000034666
 613    5620    -0.007476814
 613    5621     0.009082514
 613     602    -0.000423457
 613     603     0.004357294
 613     604     0.001141821
 613     610     0.000767095
 613     611    -0.001105445
 613     612     0.000034666
 613     613     1.964200000
