5620    5620     2.455499998
5620    5621    -0.003971688
5620     602    -0.001082504
5620     603     0.005438850
5620     604    -0.001700749
5620     610    -0.004339773
5620     611    -0.000227123
5620     612    -0.004393324
5620     613    -0.006227000
5621    5620    -0.003971688
5621    5621     2.519800003
5621     602    -0.001157241
5621     603     0.016538815
5621     604     0.028710024
5621     610     0.000883556
5621     611    -0.000154628
5621     612     0.006816604
5621     613     0.007328244
 602    5620    -0.001082504
 602    5621    -0.001157241
 602     602     1.962300002
 602     603     0.007739117
 602     604    -0.001477337
 602     610     0.001497707
 602     611    -0.000360203
 602     612    -0.002423645
 602     613     0.000500086
 603    5620     0.005438850
 603    5621     0.016538815
 603     602     0.007739117
 603     603     1.902100000
 603     604     0.000141148
 603     610     0.001986287
 603     611    -0.000582548
 603     612     0.000268776
 603     613    -0.003757827
 604    5620    -0.001700749
 604    5621     0.028710024
 604     602    -0.001477337
 604     603     0.000141148
 604     604     2.059200000
 604     610     0.000543630
 604     611    -0.000722629
 604     612     0.000030304
 604     613    -0.001129744
 610    5620    -0.004339773
 610    5621     0.000883556
 610     602     0.001497707
 610     603     0.001986287
 610     604     0.000543630
 610     610     2.098100000
 610     611    -0.006121292
 610     612    -0.004213466
 610     613    -0.000572218
 611    5620    -0.000227123
 611    5621    -0.000154628
 611     602    -0.000360203
 611     603    -0.000582548
 611     604    -0.000722629
 611     610    -0.006121292
 611     611     1.890800001
 611     612     0.018478719
 611     613    -0.001134691
 612    5620    -0.004393324
 612    5621     0.006816604
 612     602    -0.002423645
 612     603     0.000268776
 612     604     0.000030304
 612     610    -0.004213466
 612     611     0.018478719
 612     612     2.065000000
 612     613     0.000347097
 613    5620    -0.006227000
 613    5621     0.007328244
 613     602     0.000500086
 613     603    -0.003757827
 613     604    -0.001129744
 613     610    -0.000572218
 613     611    -0.001134691
 613     612     0.000347097
 613     613     1.938900000
