5620    5620     2.240699998
5620    5621    -0.004372585
5620     602    -0.000136418
5620     603    -0.006987978
5620     604    -0.000084198
5620     610    -0.000274654
5620     611    -0.001160332
5620     612     0.009270943
5620     613    -0.008745087
5621    5620    -0.004372585
5621    5621     2.474600003
5621     602     0.003968402
5621     603     0.030752187
5621     604    -0.033448473
5621     610    -0.000907953
5621     611     0.000044291
5621     612    -0.007098847
5621     613    -0.007268377
 602    5620    -0.000136418
 602    5621     0.003968402
 602     602     1.983700002
 602     603    -0.008955657
 602     604    -0.001697390
 602     610     0.001173666
 602     611    -0.000179821
 602     612    -0.002865748
 602     613     0.000988433
 603    5620    -0.006987978
 603    5621     0.030752187
 603     602    -0.008955657
 603     603     1.811300000
 603     604    -0.001202159
 603     610    -0.002123699
 603     611     0.000232571
 603     612     0.000356979
 603     613    -0.004169459
 604    5620    -0.000084198
 604    5621    -0.033448473
 604     602    -0.001697390
 604     603    -0.001202159
 604     604     2.082000000
 604     610     0.000107297
 604     611    -0.000766333
 604     612     0.000572452
 604     613     0.001276368
 610    5620    -0.000274654
 610    5621    -0.000907953
 610     602     0.001173666
 610     603    -0.002123699
 610     604     0.000107297
 610     610     2.054400000
 610     611     0.006537910
 610     612    -0.008239689
 610     613     0.000707782
 611    5620    -0.001160332
 611    5621     0.000044291
 611     602    -0.000179821
 611     603     0.000232571
 611     604    -0.000766333
 611     610     0.006537910
 611     611     2.022700001
 611     612     0.019896729
 611     613    -0.000710855
 612    5620     0.009270943
 612    5621    -0.007098847
 612     602    -0.002865748
 612     603     0.000356979
 612     604     0.000572452
 612     610    -0.008239689
 612     611     0.019896729
 612     612     2.044100000
 612     613    -0.000105563
 613    5620    -0.008745087
 613    5621    -0.007268377
 613     602     0.000988433
 613     603    -0.004169459
 613     604     0.001276368
 613     610     0.000707782
 613     611    -0.000710855
 613     612    -0.000105563
 613     613     2.003900000
