5620    5620     2.369799998
5620    5621     0.005867287
5620     602    -0.000791322
5620     603     0.005793868
5620     604     0.000788576
5620     610     0.004789826
5620     611    -0.003897448
5620     612     0.014425520
5620     613    -0.008184608
5621    5620     0.005867287
5621    5621     2.327200003
5621     602    -0.002221162
5621     603     0.027320852
5621     604     0.029553932
5621     610    -0.002168769
5621     611    -0.000029783
5621     612    -0.007188127
5621     613    -0.007240245
 602    5620    -0.000791322
 602    5621    -0.002221162
 602     602     1.936700002
 602     603    -0.009109705
 602     604    -0.001705970
 602     610    -0.001430422
 602     611     0.000405268
 602     612     0.002826434
 602     613    -0.000898231
 603    5620     0.005793868
 603    5621     0.027320852
 603     602    -0.009109705
 603     603     1.903500000
 603     604     0.000483959
 603     610    -0.002119643
 603     611     0.000209595
 603     612    -0.000062909
 603     613    -0.003835123
 604    5620     0.000788576
 604    5621     0.029553932
 604     602    -0.001705970
 604     603     0.000483959
 604     604     2.090500000
 604     610     0.000980303
 604     611    -0.000508752
 604     612    -0.000273291
 604     613    -0.000902490
 610    5620     0.004789826
 610    5621    -0.002168769
 610     602    -0.001430422
 610     603    -0.002119643
 610     604     0.000980303
 610     610     2.059700000
 610     611     0.006322973
 610     612    -0.003743898
 610     613     0.000598152
 611    5620    -0.003897448
 611    5621    -0.000029783
 611     602     0.000405268
 611     603     0.000209595
 611     604    -0.000508752
 611     610     0.006322973
 611     611     2.071500001
 611     612    -0.018868813
 611     613     0.000520479
 612    5620     0.014425520
 612    5621    -0.007188127
 612     602     0.002826434
 612     603    -0.000062909
 612     604    -0.000273291
 612     610    -0.003743898
 612     611    -0.018868813
 612     612     2.084800000
 612     613     0.000260088
 613    5620    -0.008184608
 613    5621    -0.007240245
 613     602    -0.000898231
 613     603    -0.003835123
 613     604    -0.000902490
 613     610     0.000598152
 613     611     0.000520479
 613     612     0.000260088
 613     613     1.966100000
