5620    5620     2.384999998
5620    5621     0.005012026
5620     602    -0.000954807
5620     603     0.005831121
5620     604     0.000779292
5620     610     0.004099119
5620     611     0.002178703
5620     612    -0.017412577
5620     613    -0.008448501
5621    5620     0.005012026
5621    5621     2.655400003
5621     602    -0.000995210
5621     603    -0.023157121
5621     604     0.024233810
5621     610    -0.001949859
5621     611    -0.000084324
5621     612     0.005935040
5621     613    -0.006210305
 602    5620    -0.000954807
 602    5621    -0.000995210
 602     602     1.974900002
 602     603    -0.008978072
 602     604    -0.001249898
 602     610    -0.001789769
 602     611    -0.000258123
 602     612     0.002750608
 602     613     0.000543900
 603    5620     0.005831121
 603    5621    -0.023157121
 603     602    -0.008978072
 603     603     1.914800000
 603     604     0.001176233
 603     610    -0.002213619
 603     611    -0.000360292
 603     612    -0.000238014
 603     613    -0.003599520
 604    5620     0.000779292
 604    5621     0.024233810
 604     602    -0.001249898
 604     603     0.001176233
 604     604     2.114600000
 604     610     0.000977690
 604     611    -0.000394154
 604     612     0.000226763
 604     613     0.000744773
 610    5620     0.004099119
 610    5621    -0.001949859
 610     602    -0.001789769
 610     603    -0.002213619
 610     604     0.000977690
 610     610     2.018900000
 610     611     0.006630212
 610     612     0.008061962
 610     613    -0.000654557
 611    5620     0.002178703
 611    5621    -0.000084324
 611     602    -0.000258123
 611     603    -0.000360292
 611     604    -0.000394154
 611     610     0.006630212
 611     611     1.993100001
 611     612     0.021063808
 611     613     0.000802979
 612    5620    -0.017412577
 612    5621     0.005935040
 612     602     0.002750608
 612     603    -0.000238014
 612     604     0.000226763
 612     610     0.008061962
 612     611     0.021063808
 612     612     2.005000000
 612     613    -0.000201217
 613    5620    -0.008448501
 613    5621    -0.006210305
 613     602     0.000543900
 613     603    -0.003599520
 613     604     0.000744773
 613     610    -0.000654557
 613     611     0.000802979
 613     612    -0.000201217
 613     613     2.000300000
