5620    5620     2.395999998
5620    5621    -0.006229861
5620     602     0.001198729
5620     603    -0.006490830
5620     604    -0.002437034
5620     610     0.001394502
5620     611    -0.003197219
5620     612    -0.012474088
5620     613     0.008144355
5621    5620    -0.006229861
5621    5621     2.217800003
5621     602     0.002681387
5621     603    -0.019804570
5621     604     0.024107130
5621     610     0.002583982
5621     611     0.000865873
5621     612    -0.007042804
5621     613     0.008287048
 602    5620     0.001198729
 602    5621     0.002681387
 602     602     2.002000002
 602     603     0.010036195
 602     604     0.001294908
 602     610    -0.001848621
 602     611     0.000234545
 602     612     0.002593646
 602     613     0.000405103
 603    5620    -0.006490830
 603    5621    -0.019804570
 603     602     0.010036195
 603     603     1.844100000
 603     604    -0.000570150
 603     610    -0.002069974
 603     611    -0.000153822
 603     612    -0.000038608
 603     613     0.004016150
 604    5620    -0.002437034
 604    5621     0.024107130
 604     602     0.001294908
 604     603    -0.000570150
 604     604     2.111900000
 604     610     0.000803136
 604     611    -0.000618528
 604     612    -0.000704532
 604     613     0.000886034
 610    5620     0.001394502
 610    5621     0.002583982
 610     602    -0.001848621
 610     603    -0.002069974
 610     604     0.000803136
 610     610     2.037800000
 610     611    -0.006622949
 610     612     0.003890603
 610     613     0.000533242
 611    5620    -0.003197219
 611    5621     0.000865873
 611     602     0.000234545
 611     603    -0.000153822
 611     604    -0.000618528
 611     610    -0.006622949
 611     611     1.958500001
 611     612    -0.019459874
 611     613     0.000517342
 612    5620    -0.012474088
 612    5621    -0.007042804
 612     602     0.002593646
 612     603    -0.000038608
 612     604    -0.000704532
 612     610     0.003890603
 612     611    -0.019459874
 612     612     2.037100000
 612     613    -0.000173075
 613    5620     0.008144355
 613    5621     0.008287048
 613     602     0.000405103
 613     603     0.004016150
 613     604     0.000886034
 613     610     0.000533242
 613     611     0.000517342
 613     612    -0.000173075
 613     613     2.014700000
