5620    5620     2.404899998
5620    5621     0.002340581
5620     602    -0.000439901
5620     603    -0.005581955
5620     604    -0.002178453
5620     610     0.003756762
5620     611     0.000590844
5620     612     0.019284763
5620     613     0.007431171
5621    5620     0.002340581
5621    5621     2.191800003
5621     602    -0.002610316
5621     603     0.025968667
5621     604    -0.026592226
5621     610     0.001140845
5621     611     0.000292850
5621     612    -0.007005666
5621     613     0.007768943
 602    5620    -0.000439901
 602    5621    -0.002610316
 602     602     1.957400002
 602     603     0.011265708
 602     604     0.001486359
 602     610    -0.001489231
 602     611    -0.000530937
 602     612     0.002461560
 602     613     0.000706323
 603    5620    -0.005581955
 603    5621     0.025968667
 603     602     0.011265708
 603     603     1.851800000
 603     604    -0.001226352
 603     610    -0.001936011
 603     611    -0.000595204
 603     612    -0.000448182
 603     613    -0.004005825
 604    5620    -0.002178453
 604    5621    -0.026592226
 604     602     0.001486359
 604     603    -0.001226352
 604     604     2.111200000
 604     610    -0.000561995
 604     611    -0.000668046
 604     612     0.000162710
 604     613     0.001084292
 610    5620     0.003756762
 610    5621     0.001140845
 610     602    -0.001489231
 610     603    -0.001936011
 610     604    -0.000561995
 610     610     2.074100000
 610     611     0.006896486
 610     612    -0.006302304
 610     613    -0.000716313
 611    5620     0.000590844
 611    5621     0.000292850
 611     602    -0.000530937
 611     603    -0.000595204
 611     604    -0.000668046
 611     610     0.006896486
 611     611     2.016600001
 611     612     0.019932721
 611     613    -0.001150411
 612    5620     0.019284763
 612    5621    -0.007005666
 612     602     0.002461560
 612     603    -0.000448182
 612     604     0.000162710
 612     610    -0.006302304
 612     611     0.019932721
 612     612     2.083600000
 612     613    -0.000246430
 613    5620     0.007431171
 613    5621     0.007768943
 613     602     0.000706323
 613     603    -0.004005825
 613     604     0.001084292
 613     610    -0.000716313
 613     611    -0.001150411
 613     612    -0.000246430
 613     613     2.030800000
