5620    5620     2.399999998
5620    5621     0.007241653
5620     602    -0.001313196
5620     603    -0.005496832
5620     604    -0.000108685
5620     610     0.005896824
5620     611     0.000388898
5620     612    -0.004391784
5620     613    -0.008546642
5621    5620     0.007241653
5621    5621     2.528200003
5621     602     0.002423584
5621     603     0.025281702
5621     604    -0.030342803
5621     610     0.001328757
5621     611    -0.000286280
5621     612    -0.007053001
5621     613    -0.006755424
 602    5620    -0.001313196
 602    5621     0.002423584
 602     602     1.953400002
 602     603     0.007946424
 602     604    -0.001477869
 602     610     0.001706846
 602     611     0.000396704
 602     612     0.002430018
 602     613    -0.000368025
 603    5620    -0.005496832
 603    5621     0.025281702
 603     602     0.007946424
 603     603     1.885100000
 603     604    -0.001032238
 603     610    -0.002071237
 603     611    -0.000385812
 603     612    -0.000009652
 603     613     0.003425105
 604    5620    -0.000108685
 604    5621    -0.030342803
 604     602    -0.001477869
 604     603    -0.001032238
 604     604     1.966100000
 604     610     0.001272988
 604     611    -0.000422028
 604     612    -0.000886434
 604     613     0.000966244
 610    5620     0.005896824
 610    5621     0.001328757
 610     602     0.001706846
 610     603    -0.002071237
 610     604     0.001272988
 610     610     2.010400000
 610     611     0.006131591
 610     612    -0.005525815
 610     613     0.000667436
 611    5620     0.000388898
 611    5621    -0.000286280
 611     602     0.000396704
 611     603    -0.000385812
 611     604    -0.000422028
 611     610     0.006131591
 611     611     2.029500001
 611     612    -0.018588318
 611     613     0.000874022
 612    5620    -0.004391784
 612    5621    -0.007053001
 612     602     0.002430018
 612     603    -0.000009652
 612     604    -0.000886434
 612     610    -0.005525815
 612     611    -0.018588318
 612     612     2.109200000
 612     613    -0.000407337
 613    5620    -0.008546642
 613    5621    -0.006755424
 613     602    -0.000368025
 613     603     0.003425105
 613     604     0.000966244
 613     610     0.000667436
 613     611     0.000874022
 613     612    -0.000407337
 613     613     1.992800000
