5620    5620     2.639099998
5620    5621     0.005397412
5620     602     0.000541386
5620     603    -0.005588682
5620     604    -0.000487967
5620     610     0.001383332
5620     611     0.001642594
5620     612    -0.002343398
5620     613    -0.007791477
5621    5620     0.005397412
5621    5621     2.435700003
5621     602    -0.000666000
5621     603     0.033585891
5621     604    -0.026645015
5621     610    -0.000980326
5621     611    -0.001117947
5621     612    -0.006963615
5621     613    -0.007366559
 602    5620     0.000541386
 602    5621    -0.000666000
 602     602     1.936200002
 602     603    -0.016844827
 602     604    -0.001559227
 602     610     0.001228895
 602     611     0.000189082
 602     612    -0.002538494
 602     613     0.001071738
 603    5620    -0.005588682
 603    5621     0.033585891
 603     602    -0.016844827
 603     603     1.782800000
 603     604     0.001379347
 603     610    -0.001793380
 603     611     0.000071847
 603     612     0.000300135
 603     613    -0.004101917
 604    5620    -0.000487967
 604    5621    -0.026645015
 604     602    -0.001559227
 604     603     0.001379347
 604     604     2.085000000
 604     610    -0.000621818
 604     611    -0.000502339
 604     612    -0.000178240
 604     613     0.001011805
 610    5620     0.001383332
 610    5621    -0.000980326
 610     602     0.001228895
 610     603    -0.001793380
 610     604    -0.000621818
 610     610     2.054100000
 610     611    -0.006856882
 610     612     0.005569920
 610     613    -0.000599496
 611    5620     0.001642594
 611    5621    -0.001117947
 611     602     0.000189082
 611     603     0.000071847
 611     604    -0.000502339
 611     610    -0.006856882
 611     611     2.016900001
 611     612    -0.018582896
 611     613    -0.000577367
 612    5620    -0.002343398
 612    5621    -0.006963615
 612     602    -0.002538494
 612     603     0.000300135
 612     604    -0.000178240
 612     610     0.005569920
 612     611    -0.018582896
 612     612     2.031200000
 612     613    -0.000342387
 613    5620    -0.007791477
 613    5621    -0.007366559
 613     602     0.001071738
 613     603    -0.004101917
 613     604     0.001011805
 613     610    -0.000599496
 613     611    -0.000577367
 613     612    -0.000342387
 613     613     1.977500000
