5620    5620     2.458799998
5620    5621    -0.006120038
5620     602    -0.001997971
5620     603     0.005616645
5620     604    -0.000481264
5620     610     0.004825081
5620     611    -0.000448302
5620     612     0.010122674
5620     613    -0.008567128
5621    5620    -0.006120038
5621    5621     2.164300003
5621     602    -0.005012936
5621     603    -0.018688885
5621     604     0.031040524
5621     610     0.002777986
5621     611     0.000282076
5621     612    -0.007569858
5621     613    -0.007549104
 602    5620    -0.001997971
 602    5621    -0.005012936
 602     602     1.949400002
 602     603     0.002229258
 602     604    -0.001195315
 602     610     0.002081722
 602     611    -0.000321047
 602     612     0.002150856
 602     613     0.000132178
 603    5620     0.005616645
 603    5621    -0.018688885
 603     602     0.002229258
 603     603     1.936600000
 603     604    -0.000030843
 603     610    -0.002022865
 603     611     0.000357602
 603     612     0.000181938
 603     613    -0.003491245
 604    5620    -0.000481264
 604    5621     0.031040524
 604     602    -0.001195315
 604     603    -0.000030843
 604     604     2.070800000
 604     610     0.001500911
 604     611    -0.000585060
 604     612    -0.000454439
 604     613    -0.000962064
 610    5620     0.004825081
 610    5621     0.002777986
 610     602     0.002081722
 610     603    -0.002022865
 610     604     0.001500911
 610     610     2.044400000
 610     611     0.006339148
 610     612     0.002261115
 610     613    -0.000549979
 611    5620    -0.000448302
 611    5621     0.000282076
 611     602    -0.000321047
 611     603     0.000357602
 611     604    -0.000585060
 611     610     0.006339148
 611     611     2.043400001
 611     612    -0.019578751
 611     613    -0.000794647
 612    5620     0.010122674
 612    5621    -0.007569858
 612     602     0.002150856
 612     603     0.000181938
 612     604    -0.000454439
 612     610     0.002261115
 612     611    -0.019578751
 612     612     2.022200000
 612     613    -0.000175554
 613    5620    -0.008567128
 613    5621    -0.007549104
 613     602     0.000132178
 613     603    -0.003491245
 613     604    -0.000962064
 613     610    -0.000549979
 613     611    -0.000794647
 613     612    -0.000175554
 613     613     2.003200000
