5620    5620     2.413999998
5620    5621     0.004506839
5620     602     0.002672742
5620     603     0.006145401
5620     604     0.001279030
5620     610     0.005495947
5620     611     0.001602205
5620     612    -0.017514755
5620     613    -0.010069621
5621    5620     0.004506839
5621    5621     2.314300003
5621     602    -0.005461756
5621     603     0.023852928
5621     604     0.030541588
5621     610    -0.001459056
5621     611     0.000152553
5621     612    -0.007568142
5621     613    -0.008008275
 602    5620     0.002672742
 602    5621    -0.005461756
 602     602     1.906800002
 602     603    -0.005381476
 602     604     0.001296301
 602     610     0.002059591
 602     611     0.000888139
 602     612    -0.002745910
 602     613    -0.000582108
 603    5620     0.006145401
 603    5621     0.023852928
 603     602    -0.005381476
 603     603     1.926600000
 603     604     0.000490733
 603     610     0.002043080
 603     611     0.000332123
 603     612    -0.000203078
 603     613     0.003547814
 604    5620     0.001279030
 604    5621     0.030541588
 604     602     0.001296301
 604     603     0.000490733
 604     604     2.039100000
 604     610    -0.001020805
 604     611    -0.000364242
 604     612    -0.000831878
 604     613     0.000799018
 610    5620     0.005495947
 610    5621    -0.001459056
 610     602     0.002059591
 610     603     0.002043080
 610     604    -0.001020805
 610     610     2.002000000
 610     611     0.005381435
 610     612    -0.006889718
 610     613    -0.000683526
 611    5620     0.001602205
 611    5621     0.000152553
 611     602     0.000888139
 611     603     0.000332123
 611     604    -0.000364242
 611     610     0.005381435
 611     611     2.012000001
 611     612     0.019856327
 611     613    -0.000871815
 612    5620    -0.017514755
 612    5621    -0.007568142
 612     602    -0.002745910
 612     603    -0.000203078
 612     604    -0.000831878
 612     610    -0.006889718
 612     611     0.019856327
 612     612     2.016200000
 612     613     0.000031661
 613    5620    -0.010069621
 613    5621    -0.008008275
 613     602    -0.000582108
 613     603     0.003547814
 613     604     0.000799018
 613     610    -0.000683526
 613     611    -0.000871815
 613     612     0.000031661
 613     613     1.959700000
