5620    5620     2.414599998
5620    5621     0.004679984
5620     602    -0.001044990
5620     603     0.005076323
5620     604    -0.002616398
5620     610    -0.003120941
5620     611    -0.001911867
5620     612    -0.014225765
5620     613    -0.006134300
5621    5620     0.004679984
5621    5621     2.317500003
5621     602    -0.005133560
5621     603    -0.014807708
5621     604    -0.028200602
5621     610    -0.003331673
5621     611     0.000142370
5621     612     0.007261410
5621     613     0.007259959
 602    5620    -0.001044990
 602    5621    -0.005133560
 602     602     1.972800002
 602     603     0.007997023
 602     604     0.001656108
 602     610    -0.002168047
 602     611     0.000017244
 602     612    -0.002601446
 602     613     0.000791385
 603    5620     0.005076323
 603    5621    -0.014807708
 603     602     0.007997023
 603     603     1.935200000
 603     604     0.000321012
 603     610     0.002061355
 603     611     0.000587064
 603     612    -0.000016291
 603     613     0.003683193
 604    5620    -0.002616398
 604    5621    -0.028200602
 604     602     0.001656108
 604     603     0.000321012
 604     604     2.070900000
 604     610    -0.002103900
 604     611    -0.000694394
 604     612    -0.000226462
 604     613     0.001133013
 610    5620    -0.003120941
 610    5621    -0.003331673
 610     602    -0.002168047
 610     603     0.002061355
 610     604    -0.002103900
 610     610     2.096200000
 610     611    -0.006286614
 610     612    -0.004054160
 610     613     0.000361459
 611    5620    -0.001911867
 611    5621     0.000142370
 611     602     0.000017244
 611     603     0.000587064
 611     604    -0.000694394
 611     610    -0.006286614
 611     611     1.947500001
 611     612    -0.019436375
 611     613    -0.001035279
 612    5620    -0.014225765
 612    5621     0.007261410
 612     602    -0.002601446
 612     603    -0.000016291
 612     604    -0.000226462
 612     610    -0.004054160
 612     611    -0.019436375
 612     612     2.074600000
 612     613     0.000049078
 613    5620    -0.006134300
 613    5621     0.007259959
 613     602     0.000791385
 613     603     0.003683193
 613     604     0.001133013
 613     610     0.000361459
 613     611    -0.001035279
 613     612     0.000049078
 613     613     1.942000000
