5620    5620     2.413099998
5620    5621     0.006299887
5620     602    -0.000155957
5620     603    -0.006724066
5620     604    -0.001938187
5620     610    -0.000926631
5620     611    -0.002794084
5620     612    -0.012164072
5620     613    -0.005788158
5621    5620     0.006299887
5621    5621     2.192300003
5621     602    -0.005009094
5621     603    -0.022481655
5621     604    -0.035419899
5621     610    -0.002933071
5621     611    -0.000396164
5621     612    -0.006546262
5621     613    -0.009729290
 602    5620    -0.000155957
 602    5621    -0.005009094
 602     602     1.950000002
 602     603     0.004435669
 602     604     0.001736329
 602     610    -0.001710131
 602     611     0.000119730
 602     612    -0.002417912
 602     613     0.001321859
 603    5620    -0.006724066
 603    5621    -0.022481655
 603     602     0.004435669
 603     603     1.874600000
 603     604    -0.000491976
 603     610     0.002278712
 603     611    -0.000247912
 603     612     0.000269552
 603     613     0.005192907
 604    5620    -0.001938187
 604    5621    -0.035419899
 604     602     0.001736329
 604     603    -0.000491976
 604     604     2.075000000
 604     610    -0.001027273
 604     611    -0.000773621
 604     612    -0.000241179
 604     613     0.001428609
 610    5620    -0.000926631
 610    5621    -0.002933071
 610     602    -0.001710131
 610     603     0.002278712
 610     604    -0.001027273
 610     610     1.995700000
 610     611    -0.007452013
 610     612     0.004124558
 610     613     0.000540741
 611    5620    -0.002794084
 611    5621    -0.000396164
 611     602     0.000119730
 611     603    -0.000247912
 611     604    -0.000773621
 611     610    -0.007452013
 611     611     1.985300001
 611     612    -0.018381933
 611     613    -0.000606374
 612    5620    -0.012164072
 612    5621    -0.006546262
 612     602    -0.002417912
 612     603     0.000269552
 612     604    -0.000241179
 612     610     0.004124558
 612     611    -0.018381933
 612     612     2.080100000
 612     613    -0.000048321
 613    5620    -0.005788158
 613    5621    -0.009729290
 613     602     0.001321859
 613     603     0.005192907
 613     604     0.001428609
 613     610     0.000540741
 613     611    -0.000606374
 613     612    -0.000048321
 613     613     1.958100000
