5620    5620     2.434399998
5620    5621     0.003581364
5620     602     0.002778121
5620     603    -0.005663897
5620     604     0.002556531
5620     610    -0.001823863
5620     611     0.000027940
5620     612     0.004130534
5620     613    -0.005240582
5621    5620     0.003581364
5621    5621     2.415500003
5621     602    -0.002810542
5621     603    -0.020355853
5621     604    -0.030500053
5621     610     0.000197397
5621     611     0.000462143
5621     612     0.007877279
5621     613     0.008507680
 602    5620     0.002778121
 602    5621    -0.002810542
 602     602     1.890600002
 602     603    -0.002662404
 602     604     0.001282773
 602     610     0.001739699
 602     611     0.000552232
 602     612     0.002591781
 602     613    -0.000013211
 603    5620    -0.005663897
 603    5621    -0.020355853
 603     602    -0.002662404
 603     603     1.916400000
 603     604     0.000250985
 603     610    -0.001612625
 603     611    -0.000386476
 603     612     0.000325337
 603     613    -0.004513745
 604    5620     0.002556531
 604    5621    -0.030500053
 604     602     0.001282773
 604     603     0.000250985
 604     604     1.995600000
 604     610    -0.000872378
 604     611    -0.000283638
 604     612     0.001287933
 604     613     0.000969023
 610    5620    -0.001823863
 610    5621     0.000197397
 610     602     0.001739699
 610     603    -0.001612625
 610     604    -0.000872378
 610     610     2.105200000
 610     611    -0.006204309
 610     612     0.004555528
 610     613     0.000541749
 611    5620     0.000027940
 611    5621     0.000462143
 611     602     0.000552232
 611     603    -0.000386476
 611     604    -0.000283638
 611     610    -0.006204309
 611     611     2.055500001
 611     612     0.021916153
 611     613     0.000835542
 612    5620     0.004130534
 612    5621     0.007877279
 612     602     0.002591781
 612     603     0.000325337
 612     604     0.001287933
 612     610     0.004555528
 612     611     0.021916153
 612     612     2.078900000
 612     613    -0.000316904
 613    5620    -0.005240582
 613    5621     0.008507680
 613     602    -0.000013211
 613     603    -0.004513745
 613     604     0.000969023
 613     610     0.000541749
 613     611     0.000835542
 613     612    -0.000316904
 613     613     1.997000000
