5620    5620     2.590299998
5620    5621    -0.002717932
5620     602    -0.000499440
5620     603    -0.004757146
5620     604     0.000179824
5620     610     0.003953599
5620     611    -0.001157248
5620     612    -0.008127242
5620     613    -0.006045023
5621    5620    -0.002717932
5621    5621     2.323300003
5621     602    -0.002723890
5621     603     0.019534215
5621     604    -0.034522196
5621     610     0.002074665
5621     611     0.000220116
5621     612    -0.006790022
5621     613    -0.005741604
 602    5620    -0.000499440
 602    5621    -0.002723890
 602     602     1.962600002
 602     603     0.007240675
 602     604    -0.001778992
 602     610     0.001801070
 602     611    -0.000019972
 602     612     0.002421927
 602     613     0.000695046
 603    5620    -0.004757146
 603    5621     0.019534215
 603     602     0.007240675
 603     603     1.986100000
 603     604     0.000953647
 603     610    -0.002003863
 603     611    -0.000400308
 603     612    -0.000078780
 603     613     0.003266856
 604    5620     0.000179824
 604    5621    -0.034522196
 604     602    -0.001778992
 604     603     0.000953647
 604     604     1.970900000
 604     610     0.001764546
 604     611     0.000557190
 604     612     0.000695764
 604     613    -0.001032914
 610    5620     0.003953599
 610    5621     0.002074665
 610     602     0.001801070
 610     603    -0.002003863
 610     604     0.001764546
 610     610     1.993800000
 610     611    -0.006001475
 610     612     0.004104683
 610     613     0.000483352
 611    5620    -0.001157248
 611    5621     0.000220116
 611     602    -0.000019972
 611     603    -0.000400308
 611     604     0.000557190
 611     610    -0.006001475
 611     611     2.051300001
 611     612     0.015889645
 611     613    -0.000848742
 612    5620    -0.008127242
 612    5621    -0.006790022
 612     602     0.002421927
 612     603    -0.000078780
 612     604     0.000695764
 612     610     0.004104683
 612     611     0.015889645
 612     612     2.100200000
 612     613    -0.000192606
 613    5620    -0.006045023
 613    5621    -0.005741604
 613     602     0.000695046
 613     603     0.003266856
 613     604    -0.001032914
 613     610     0.000483352
 613     611    -0.000848742
 613     612    -0.000192606
 613     613     2.059800000
