5620    5620     2.424299998
5620    5621     0.003605280
5620     602    -0.000831213
5620     603    -0.005871880
5620     604     0.000485293
5620     610    -0.003951765
5620     611    -0.001294789
5620     612    -0.008117096
5620     613     0.009873797
5621    5620     0.003605280
5621    5621     2.454500003
5621     602     0.003182459
5621     603     0.022866511
5621     604     0.031933591
5621     610    -0.002178726
5621     611    -0.000589582
5621     612     0.006627947
5621     613    -0.005809984
 602    5620    -0.000831213
 602    5621     0.003182459
 602     602     1.925900002
 602     603    -0.007525734
 602     604    -0.001777333
 602     610    -0.001865023
 602     611     0.000309598
 602     612    -0.002576171
 602     613     0.000462286
 603    5620    -0.005871880
 603    5621     0.022866511
 603     602    -0.007525734
 603     603     1.899800000
 603     604     0.000116203
 603     610     0.002222739
 603     611    -0.000665809
 603     612     0.000512901
 603     613     0.003159027
 604    5620     0.000485293
 604    5621     0.031933591
 604     602    -0.001777333
 604     603     0.000116203
 604     604     2.020500000
 604     610    -0.001139776
 604     611    -0.000607355
 604     612     0.000271847
 604     613     0.000779354
 610    5620    -0.003951765
 610    5621    -0.002178726
 610     602    -0.001865023
 610     603     0.002222739
 610     604    -0.001139776
 610     610     2.001200000
 610     611     0.005963005
 610     612    -0.000572396
 610     613    -0.000638066
 611    5620    -0.001294789
 611    5621    -0.000589582
 611     602     0.000309598
 611     603    -0.000665809
 611     604    -0.000607355
 611     610     0.005963005
 611     611     1.885800001
 611     612     0.012727804
 611     613     0.001075900
 612    5620    -0.008117096
 612    5621     0.006627947
 612     602    -0.002576171
 612     603     0.000512901
 612     604     0.000271847
 612     610    -0.000572396
 612     611     0.012727804
 612     612     2.032300000
 612     613    -0.000717726
 613    5620     0.009873797
 613    5621    -0.005809984
 613     602     0.000462286
 613     603     0.003159027
 613     604     0.000779354
 613     610    -0.000638066
 613     611     0.001075900
 613     612    -0.000717726
 613     613     2.044100000
