5620    5620     2.451499998
5620    5621     0.006830504
5620     602    -0.001725336
5620     603    -0.006554697
5620     604     0.001460886
5620     610     0.003360040
5620     611    -0.001014080
5620     612     0.005842045
5620     613     0.005818795
5621    5620     0.006830504
5621    5621     2.434600003
5621     602     0.000038794
5621     603     0.034019511
5621     604     0.035495714
5621     610     0.000821558
5621     611     0.000079530
5621     612     0.006078810
5621     613     0.007674151
 602    5620    -0.001725336
 602    5621     0.000038794
 602     602     1.968400002
 602     603     0.008191234
 602     604    -0.001556454
 602     610    -0.001956418
 602     611     0.000690122
 602     612     0.002253187
 602     613     0.000417159
 603    5620    -0.006554697
 603    5621     0.034019511
 603     602     0.008191234
 603     603     1.813700000
 603     604    -0.001641169
 603     610     0.002476269
 603     611    -0.000532498
 603     612    -0.000229821
 603     613    -0.004398027
 604    5620     0.001460886
 604    5621     0.035495714
 604     602    -0.001556454
 604     603    -0.001641169
 604     604     2.036000000
 604     610    -0.001150180
 604     611    -0.000377984
 604     612    -0.001181356
 604     613    -0.000994453
 610    5620     0.003360040
 610    5621     0.000821558
 610     602    -0.001956418
 610     603     0.002476269
 610     604    -0.001150180
 610     610     1.975100000
 610     611    -0.006686217
 610     612     0.007736191
 610     613    -0.000612532
 611    5620    -0.001014080
 611    5621     0.000079530
 611     602     0.000690122
 611     603    -0.000532498
 611     604    -0.000377984
 611     610    -0.006686217
 611     611     1.998700001
 611     612    -0.015934480
 611     613    -0.000833889
 612    5620     0.005842045
 612    5621     0.006078810
 612     602     0.002253187
 612     603    -0.000229821
 612     604    -0.001181356
 612     610     0.007736191
 612     611    -0.015934480
 612     612     2.101500000
 612     613    -0.000034693
 613    5620     0.005818795
 613    5621     0.007674151
 613     602     0.000417159
 613     603    -0.004398027
 613     604    -0.000994453
 613     610    -0.000612532
 613     611    -0.000833889
 613     612    -0.000034693
 613     613     2.023200000
