5620    5620     2.219399998
5620    5621     0.004552916
5620     602     0.001118511
5620     603    -0.005352207
5620     604     0.000819709
5620     610     0.007889230
5620     611    -0.002562702
5620     612    -0.002478647
5620     613    -0.006553050
5621    5620     0.004552916
5621    5621     2.266500003
5621     602    -0.000326688
5621     603     0.025582817
5621     604     0.032185156
5621     610     0.001841426
5621     611    -0.000227678
5621     612    -0.006457253
5621     613    -0.007699844
 602    5620     0.001118511
 602    5621    -0.000326688
 602     602     1.987100002
 602     603    -0.007581392
 602     604     0.001335514
 602     610    -0.001568032
 602     611     0.000185784
 602     612     0.002245218
 602     613    -0.000526861
 603    5620    -0.005352207
 603    5621     0.025582817
 603     602    -0.007581392
 603     603     1.910600000
 603     604    -0.001477965
 603     610    -0.002101225
 603     611     0.000244198
 603     612     0.000313462
 603     613    -0.003704283
 604    5620     0.000819709
 604    5621     0.032185156
 604     602     0.001335514
 604     603    -0.001477965
 604     604     2.058100000
 604     610     0.001027692
 604     611    -0.000340359
 604     612     0.000223192
 604     613     0.001002502
 610    5620     0.007889230
 610    5621     0.001841426
 610     602    -0.001568032
 610     603    -0.002101225
 610     604     0.001027692
 610     610     2.060900000
 610     611    -0.005516096
 610     612     0.001787815
 610     613     0.000604335
 611    5620    -0.002562702
 611    5621    -0.000227678
 611     602     0.000185784
 611     603     0.000244198
 611     604    -0.000340359
 611     610    -0.005516096
 611     611     2.107600001
 611     612    -0.015922432
 611     613    -0.000643598
 612    5620    -0.002478647
 612    5621    -0.006457253
 612     602     0.002245218
 612     603     0.000313462
 612     604     0.000223192
 612     610     0.001787815
 612     611    -0.015922432
 612     612     1.947700000
 612     613     0.000878367
 613    5620    -0.006553050
 613    5621    -0.007699844
 613     602    -0.000526861
 613     603    -0.003704283
 613     604     0.001002502
 613     610     0.000604335
 613     611    -0.000643598
 613     612     0.000878367
 613     613     2.025400000
