5620    5620     2.326199998
5620    5621    -0.004277685
5620     602     0.001022716
5620     603     0.006719307
5620     604     0.002308000
5620     610    -0.008254828
5620     611     0.002096602
5620     612     0.007759528
5620     613     0.008510202
5621    5620    -0.004277685
5621    5621     2.318000003
5621     602    -0.004367114
5621     603    -0.026737857
5621     604    -0.033532523
5621     610    -0.002131785
5621     611    -0.000078510
5621     612     0.007230256
5621     613     0.007707701
 602    5620     0.001022716
 602    5621    -0.004367114
 602     602     1.955400002
 602     603    -0.003817047
 602     604     0.001600276
 602     610    -0.001995284
 602     611     0.000374063
 602     612     0.002490376
 602     613    -0.000564857
 603    5620     0.006719307
 603    5621    -0.026737857
 603     602    -0.003817047
 603     603     1.876900000
 603     604     0.000115627
 603     610     0.002481153
 603     611    -0.000636446
 603     612     0.000465446
 603     613     0.004329452
 604    5620     0.002308000
 604    5621    -0.033532523
 604     602     0.001600276
 604     603     0.000115627
 604     604     2.054000000
 604     610     0.001117101
 604     611     0.000946797
 604     612     0.000264398
 604     613    -0.001273096
 610    5620    -0.008254828
 610    5621    -0.002131785
 610     602    -0.001995284
 610     603     0.002481153
 610     604     0.001117101
 610     610     2.014500000
 610     611     0.009034364
 610     612    -0.006771963
 610     613     0.000799622
 611    5620     0.002096602
 611    5621    -0.000078510
 611     602     0.000374063
 611     603    -0.000636446
 611     604     0.000946797
 611     610     0.009034364
 611     611     1.890700001
 611     612    -0.020810608
 611     613     0.000997289
 612    5620     0.007759528
 612    5621     0.007230256
 612     602     0.002490376
 612     603     0.000465446
 612     604     0.000264398
 612     610    -0.006771963
 612     611    -0.020810608
 612     612     2.055600000
 612     613    -0.000438509
 613    5620     0.008510202
 613    5621     0.007707701
 613     602    -0.000564857
 613     603     0.004329452
 613     604    -0.001273096
 613     610     0.000799622
 613     611     0.000997289
 613     612    -0.000438509
 613     613     1.995600000
