5620    5620     2.423499998
5620    5621     0.003557276
5620     602    -0.001457404
5620     603    -0.005925998
5620     604    -0.001301607
5620     610     0.002700094
5620     611     0.003013789
5620     612     0.001995619
5620     613    -0.003087385
5621    5620     0.003557276
5621    5621     2.432400003
5621     602     0.004181310
5621     603     0.017986018
5621     604    -0.028933271
5621     610    -0.001630644
5621     611    -0.000603504
5621     612     0.005699728
5621     613    -0.007120963
 602    5620    -0.001457404
 602    5621     0.004181310
 602     602     1.947400002
 602     603     0.006293586
 602     604    -0.001585604
 602     610     0.001798627
 602     611     0.000065318
 602     612    -0.002357258
 602     613     0.000605358
 603    5620    -0.005925998
 603    5621     0.017986018
 603     602     0.006293586
 603     603     1.922700000
 603     604     0.000206572
 603     610     0.001904406
 603     611    -0.000126061
 603     612    -0.000238973
 603     613     0.003722749
 604    5620    -0.001301607
 604    5621    -0.028933271
 604     602    -0.001585604
 604     603     0.000206572
 604     604     2.095800000
 604     610     0.001265448
 604     611    -0.000201466
 604     612     0.000926996
 604     613     0.000774070
 610    5620     0.002700094
 610    5621    -0.001630644
 610     602     0.001798627
 610     603     0.001904406
 610     604     0.001265448
 610     610     2.071300000
 610     611    -0.006326760
 610     612     0.004095293
 610     613     0.000287210
 611    5620     0.003013789
 611    5621    -0.000603504
 611     602     0.000065318
 611     603    -0.000126061
 611     604    -0.000201466
 611     610    -0.006326760
 611     611     1.981900001
 611     612     0.021254604
 611     613    -0.000428115
 612    5620     0.001995619
 612    5621     0.005699728
 612     602    -0.002357258
 612     603    -0.000238973
 612     604     0.000926996
 612     610     0.004095293
 612     611     0.021254604
 612     612     2.136500000
 612     613     0.000068096
 613    5620    -0.003087385
 613    5621    -0.007120963
 613     602     0.000605358
 613     603     0.003722749
 613     604     0.000774070
 613     610     0.000287210
 613     611    -0.000428115
 613     612     0.000068096
 613     613     2.019300000
