5620    5620     2.292399998
5620    5621    -0.004076493
5620     602     0.001143051
5620     603    -0.005525033
5620     604    -0.000692890
5620     610     0.005671158
5620     611     0.003486747
5620     612     0.015984332
5620     613    -0.007209201
5621    5620    -0.004076493
5621    5621     2.489200003
5621     602    -0.002368227
5621     603     0.014018820
5621     604     0.026042860
5621     610     0.000608734
5621     611     0.000419645
5621     612     0.005936984
5621     613     0.006570722
 602    5620     0.001143051
 602    5621    -0.002368227
 602     602     1.918400002
 602     603    -0.007792508
 602     604     0.001531661
 602     610    -0.001267849
 602     611    -0.000220491
 602     612     0.002563106
 602     613    -0.000991483
 603    5620    -0.005525033
 603    5621     0.014018820
 603     602    -0.007792508
 603     603     1.945700000
 603     604    -0.000213802
 603     610    -0.001947906
 603     611     0.000380277
 603     612     0.000063378
 603     613     0.003996811
 604    5620    -0.000692890
 604    5621     0.026042860
 604     602     0.001531661
 604     603    -0.000213802
 604     604     2.110100000
 604     610    -0.000209296
 604     611    -0.000545108
 604     612    -0.000093186
 604     613     0.001061768
 610    5620     0.005671158
 610    5621     0.000608734
 610     602    -0.001267849
 610     603    -0.001947906
 610     604    -0.000209296
 610     610     2.093700000
 610     611    -0.006178764
 610     612     0.007553181
 610     613     0.000580353
 611    5620     0.003486747
 611    5621     0.000419645
 611     602    -0.000220491
 611     603     0.000380277
 611     604    -0.000545108
 611     610    -0.006178764
 611     611     2.034200001
 611     612    -0.018250522
 611     613     0.000744231
 612    5620     0.015984332
 612    5621     0.005936984
 612     602     0.002563106
 612     603     0.000063378
 612     604    -0.000093186
 612     610     0.007553181
 612     611    -0.018250522
 612     612     2.017300000
 612     613    -0.000020867
 613    5620    -0.007209201
 613    5621     0.006570722
 613     602    -0.000991483
 613     603     0.003996811
 613     604     0.001061768
 613     610     0.000580353
 613     611     0.000744231
 613     612    -0.000020867
 613     613     1.943300000
