5620    5620     2.319999998
5620    5621     0.007025572
5620     602     0.000342047
5620     603     0.006598630
5620     604     0.000470437
5620     610     0.005733879
5620     611     0.000869365
5620     612     0.002976996
5620     613     0.005049545
5621    5620     0.007025572
5621    5621     2.424500003
5621     602     0.002023447
5621     603    -0.022888184
5621     604    -0.035278654
5621     610     0.002410435
5621     611     0.000111261
5621     612     0.007739202
5621     613    -0.008619931
 602    5620     0.000342047
 602    5621     0.002023447
 602     602     2.074000002
 602     603     0.004626586
 602     604     0.001588585
 602     610     0.001459969
 602     611    -0.000244197
 602     612     0.002650773
 602     613     0.001033545
 603    5620     0.006598630
 603    5621    -0.022888184
 603     602     0.004626586
 603     603     1.932000000
 603     604    -0.000058641
 603     610    -0.002356034
 603     611     0.000399264
 603     612    -0.000256534
 603     613     0.004235378
 604    5620     0.000470437
 604    5621    -0.035278654
 604     602     0.001588585
 604     603    -0.000058641
 604     604     2.026400000
 604     610     0.001243984
 604     611    -0.000646961
 604     612     0.000224106
 604     613    -0.001208897
 610    5620     0.005733879
 610    5621     0.002410435
 610     602     0.001459969
 610     603    -0.002356034
 610     604     0.001243984
 610     610     2.016200000
 610     611     0.006968157
 610     612    -0.008550932
 610     613    -0.000456224
 611    5620     0.000869365
 611    5621     0.000111261
 611     602    -0.000244197
 611     603     0.000399264
 611     604    -0.000646961
 611     610     0.006968157
 611     611     2.006500001
 611     612    -0.020420891
 611     613    -0.000701464
 612    5620     0.002976996
 612    5621     0.007739202
 612     602     0.002650773
 612     603    -0.000256534
 612     604     0.000224106
 612     610    -0.008550932
 612     611    -0.020420891
 612     612     2.009100000
 612     613     0.000204066
 613    5620     0.005049545
 613    5621    -0.008619931
 613     602     0.001033545
 613     603     0.004235378
 613     604    -0.001208897
 613     610    -0.000456224
 613     611    -0.000701464
 613     612     0.000204066
 613     613     1.986500000
