5620    5620     2.454399998
5620    5621     0.003096403
5620     602     0.001667068
5620     603     0.006435599
5620     604    -0.001525573
5620     610     0.003555705
5620     611     0.000255599
5620     612    -0.005267314
5620     613     0.005622940
5621    5620     0.003096403
5621    5621     2.558800003
5621     602     0.000102095
5621     603     0.022003930
5621     604     0.024376050
5621     610    -0.002371092
5621     611     0.000327945
5621     612    -0.005751705
5621     613    -0.006426843
 602    5620     0.001667068
 602    5621     0.000102095
 602     602     1.957100002
 602     603    -0.005412833
 602     604     0.001295162
 602     610     0.002215415
 602     611     0.000371012
 602     612    -0.002154028
 602     613    -0.000374761
 603    5620     0.006435599
 603    5621     0.022003930
 603     602    -0.005412833
 603     603     1.927200000
 603     604     0.000819135
 603     610     0.002309082
 603     611    -0.000374306
 603     612     0.000197612
 603     613     0.004530944
 604    5620    -0.001525573
 604    5621     0.024376050
 604     602     0.001295162
 604     603     0.000819135
 604     604     2.109700000
 604     610    -0.001440827
 604     611    -0.000650211
 604     612     0.000413807
 604     613    -0.001239798
 610    5620     0.003555705
 610    5621    -0.002371092
 610     602     0.002215415
 610     603     0.002309082
 610     604    -0.001440827
 610     610     2.066300000
 610     611    -0.006208531
 610     612     0.003430863
 610     613     0.000400953
 611    5620     0.000255599
 611    5621     0.000327945
 611     602     0.000371012
 611     603    -0.000374306
 611     604    -0.000650211
 611     610    -0.006208531
 611     611     2.019700001
 611     612     0.016525418
 611     613    -0.000800061
 612    5620    -0.005267314
 612    5621    -0.005751705
 612     602    -0.002154028
 612     603     0.000197612
 612     604     0.000413807
 612     610     0.003430863
 612     611     0.016525418
 612     612     2.108000000
 612     613    -0.000373374
 613    5620     0.005622940
 613    5621    -0.006426843
 613     602    -0.000374761
 613     603     0.004530944
 613     604    -0.001239798
 613     610     0.000400953
 613     611    -0.000800061
 613     612    -0.000373374
 613     613     2.050700000
