5620    5620     2.226799998
5620    5621     0.006154619
5620     602    -0.000019713
5620     603    -0.006006758
5620     604     0.002203942
5620     610    -0.003181200
5620     611     0.002267092
5620     612    -0.016564951
5620     613     0.006209798
5621    5620     0.006154619
5621    5621     2.491000003
5621     602    -0.000672449
5621     603    -0.023893764
5621     604     0.030215083
5621     610    -0.002807686
5621     611    -0.000171544
5621     612     0.007301916
5621     613     0.008567488
 602    5620    -0.000019713
 602    5621    -0.000672449
 602     602     2.008300002
 602     603    -0.006301804
 602     604    -0.001469917
 602     610     0.001745473
 602     611    -0.000050221
 602     612     0.002502869
 602     613     0.000891637
 603    5620    -0.006006758
 603    5621    -0.023893764
 603     602    -0.006301804
 603     603     1.947400000
 603     604    -0.000772217
 603     610     0.002013213
 603     611     0.000340390
 603     612     0.000254529
 603     613     0.003678087
 604    5620     0.002203942
 604    5621     0.030215083
 604     602    -0.001469917
 604     603    -0.000772217
 604     604     2.047400000
 604     610     0.002190936
 604     611    -0.000291296
 604     612     0.001639061
 604     613     0.000698809
 610    5620    -0.003181200
 610    5621    -0.002807686
 610     602     0.001745473
 610     603     0.002013213
 610     604     0.002190936
 610     610     1.985400000
 610     611    -0.006583836
 610     612     0.008987207
 610     613    -0.000446334
 611    5620     0.002267092
 611    5621    -0.000171544
 611     602    -0.000050221
 611     603     0.000340390
 611     604    -0.000291296
 611     610    -0.006583836
 611     611     2.013900001
 611     612     0.016056044
 611     613    -0.000622785
 612    5620    -0.016564951
 612    5621     0.007301916
 612     602     0.002502869
 612     603     0.000254529
 612     604     0.001639061
 612     610     0.008987207
 612     611     0.016056044
 612     612     2.073100000
 612     613     0.000226856
 613    5620     0.006209798
 613    5621     0.008567488
 613     602     0.000891637
 613     603     0.003678087
 613     604     0.000698809
 613     610    -0.000446334
 613     611    -0.000622785
 613     612     0.000226856
 613     613     2.026500000
