5620    5620     2.614799998
5620    5621    -0.005644002
5620     602    -0.001063692
5620     603     0.005709510
5620     604    -0.002287664
5620     610    -0.006489767
5620     611     0.003741924
5620     612     0.013295468
5620     613    -0.006692044
5621    5620    -0.005644002
5621    5621     2.462100003
5621     602     0.000522887
5621     603    -0.020969396
5621     604    -0.029443189
5621     610     0.002737861
5621     611     0.000066801
5621     612     0.006348709
5621     613     0.007833085
 602    5620    -0.001063692
 602    5621     0.000522887
 602     602     1.946200002
 602     603    -0.004922414
 602     604     0.001373749
 602     610     0.002413454
 602     611     0.000414493
 602     612    -0.002380683
 602     613    -0.000603448
 603    5620     0.005709510
 603    5621    -0.020969396
 603     602    -0.004922414
 603     603     1.845100000
 603     604    -0.000852708
 603     610     0.002431367
 603     611     0.000293809
 603     612     0.000361248
 603     613     0.004934910
 604    5620    -0.002287664
 604    5621    -0.029443189
 604     602     0.001373749
 604     603    -0.000852708
 604     604     2.066200000
 604     610    -0.002135722
 604     611     0.000227181
 604     612     0.001285030
 604     613     0.000838333
 610    5620    -0.006489767
 610    5621     0.002737861
 610     602     0.002413454
 610     603     0.002431367
 610     604    -0.002135722
 610     610     1.978700000
 610     611     0.005712228
 610     612     0.001704391
 610     613     0.000400124
 611    5620     0.003741924
 611    5621     0.000066801
 611     602     0.000414493
 611     603     0.000293809
 611     604     0.000227181
 611     610     0.005712228
 611     611     2.006700001
 611     612     0.014585152
 611     613    -0.000705848
 612    5620     0.013295468
 612    5621     0.006348709
 612     602    -0.002380683
 612     603     0.000361248
 612     604     0.001285030
 612     610     0.001704391
 612     611     0.014585152
 612     612     2.017600000
 612     613     0.000467587
 613    5620    -0.006692044
 613    5621     0.007833085
 613     602    -0.000603448
 613     603     0.004934910
 613     604     0.000838333
 613     610     0.000400124
 613     611    -0.000705848
 613     612     0.000467587
 613     613     2.029900000
