5620    5620     2.357199998
5620    5621    -0.003772062
5620     602    -0.001634125
5620     603    -0.004679484
5620     604    -0.000780289
5620     610    -0.008784397
5620     611     0.002509885
5620     612     0.015439034
5620     613    -0.007758424
5621    5620    -0.003772062
5621    5621     2.210200003
5621     602    -0.000340686
5621     603     0.013465569
5621     604     0.036075226
5621     610    -0.001135933
5621     611     0.000218648
5621     612     0.007740060
5621     613    -0.007961302
 602    5620    -0.001634125
 602    5621    -0.000340686
 602     602     1.908600002
 602     603     0.002916527
 602     604     0.001527377
 602     610    -0.001743124
 602     611    -0.000411807
 602     612     0.002615685
 602     613    -0.000178568
 603    5620    -0.004679484
 603    5621     0.013465569
 603     602     0.002916527
 603     603     2.033600000
 603     604    -0.001049442
 603     610    -0.001992997
 603     611     0.000397873
 603     612     0.000523323
 603     613     0.003051127
 604    5620    -0.000780289
 604    5621     0.036075226
 604     602     0.001527377
 604     603    -0.001049442
 604     604     2.040700000
 604     610     0.000400020
 604     611    -0.000578673
 604     612     0.000012684
 604     613     0.001122272
 610    5620    -0.008784397
 610    5621    -0.001135933
 610     602    -0.001743124
 610     603    -0.001992997
 610     604     0.000400020
 610     610     1.973300000
 610     611     0.007309239
 610     612     0.006794027
 610     613    -0.000841289
 611    5620     0.002509885
 611    5621     0.000218648
 611     602    -0.000411807
 611     603     0.000397873
 611     604    -0.000578673
 611     610     0.007309239
 611     611     2.012400001
 611     612    -0.018680059
 611     613     0.000786797
 612    5620     0.015439034
 612    5621     0.007740060
 612     602     0.002615685
 612     603     0.000523323
 612     604     0.000012684
 612     610     0.006794027
 612     611    -0.018680059
 612     612     1.999800000
 612     613     0.000351336
 613    5620    -0.007758424
 613    5621    -0.007961302
 613     602    -0.000178568
 613     603     0.003051127
 613     604     0.001122272
 613     610    -0.000841289
 613     611     0.000786797
 613     612     0.000351336
 613     613     1.923000000
