5620    5620     2.424799998
5620    5621     0.007125342
5620     602     0.001213957
5620     603    -0.005309005
5620     604     0.000772719
5620     610    -0.000814975
5620     611     0.001120341
5620     612     0.011056964
5620     613    -0.006453885
5621    5620     0.007125342
5621    5621     2.269400003
5621     602    -0.001040083
5621     603     0.027742323
5621     604    -0.033395194
5621     610     0.002082252
5621     611     0.000146093
5621     612    -0.008241379
5621     613    -0.008223441
 602    5620     0.001213957
 602    5621    -0.001040083
 602     602     1.971000002
 602     603    -0.008567573
 602     604    -0.001603113
 602     610     0.001462420
 602     611     0.000056196
 602     612     0.003056174
 602     613     0.000803858
 603    5620    -0.005309005
 603    5621     0.027742323
 603     602    -0.008567573
 603     603     1.978100000
 603     604     0.000633905
 603     610    -0.002059759
 603     611    -0.000390673
 603     612     0.000140098
 603     613     0.003533183
 604    5620     0.000772719
 604    5621    -0.033395194
 604     602    -0.001603113
 604     603     0.000633905
 604     604     2.078000000
 604     610     0.000873801
 604     611    -0.000450217
 604     612    -0.000791888
 604     613    -0.000993741
 610    5620    -0.000814975
 610    5621     0.002082252
 610     602     0.001462420
 610     603    -0.002059759
 610     604     0.000873801
 610     610     1.958900000
 610     611    -0.006892144
 610     612    -0.006868942
 610     613    -0.000640285
 611    5620     0.001120341
 611    5621     0.000146093
 611     602     0.000056196
 611     603    -0.000390673
 611     604    -0.000450217
 611     610    -0.006892144
 611     611     2.058600001
 611     612     0.019604189
 611     613    -0.000727048
 612    5620     0.011056964
 612    5621    -0.008241379
 612     602     0.003056174
 612     603     0.000140098
 612     604    -0.000791888
 612     610    -0.006868942
 612     611     0.019604189
 612     612     2.035700000
 612     613     0.000173259
 613    5620    -0.006453885
 613    5621    -0.008223441
 613     602     0.000803858
 613     603     0.003533183
 613     604    -0.000993741
 613     610    -0.000640285
 613     611    -0.000727048
 613     612     0.000173259
 613     613     1.977900000
