5620    5620     2.380399998
5620    5621    -0.005601848
5620     602    -0.001946605
5620     603    -0.006171455
5620     604    -0.000693752
5620     610     0.000576794
5620     611     0.000319018
5620     612    -0.008146315
5620     613     0.009376431
5621    5620    -0.005601848
5621    5621     2.300100003
5621     602    -0.005602431
5621     603     0.014309002
5621     604     0.028116645
5621     610    -0.002967963
5621     611    -0.000661566
5621     612    -0.007583461
5621     613    -0.004723871
 602    5620    -0.001946605
 602    5621    -0.005602431
 602     602     1.927900002
 602     603    -0.006897572
 602     604    -0.001573931
 602     610    -0.002386489
 602     611     0.000302575
 602     612     0.002751231
 602     613    -0.000146679
 603    5620    -0.006171455
 603    5621     0.014309002
 603     602    -0.006897572
 603     603     1.853900000
 603     604     0.000176770
 603     610     0.002009236
 603     611    -0.000570738
 603     612    -0.000229036
 603     613    -0.003392980
 604    5620    -0.000693752
 604    5621     0.028116645
 604     602    -0.001573931
 604     603     0.000176770
 604     604     2.140200000
 604     610     0.001565256
 604     611    -0.000577556
 604     612    -0.000066130
 604     613    -0.000873436
 610    5620     0.000576794
 610    5621    -0.002967963
 610     602    -0.002386489
 610     603     0.002009236
 610     604     0.001565256
 610     610     2.044800000
 610     611     0.005915523
 610     612     0.004904008
 610     613     0.000453131
 611    5620     0.000319018
 611    5621    -0.000661566
 611     602     0.000302575
 611     603    -0.000570738
 611     604    -0.000577556
 611     610     0.005915523
 611     611     1.952700001
 611     612     0.018616850
 611     613    -0.000880328
 612    5620    -0.008146315
 612    5621    -0.007583461
 612     602     0.002751231
 612     603    -0.000229036
 612     604    -0.000066130
 612     610     0.004904008
 612     611     0.018616850
 612     612     2.109700000
 612     613     0.000344597
 613    5620     0.009376431
 613    5621    -0.004723871
 613     602    -0.000146679
 613     603    -0.003392980
 613     604    -0.000873436
 613     610     0.000453131
 613     611    -0.000880328
 613     612     0.000344597
 613     613     2.050700000
