5620    5620     2.426799998
5620    5621    -0.005958279
5620     602    -0.001584615
5620     603     0.006098913
5620     604    -0.002359685
5620     610    -0.000665025
5620     611     0.001151811
5620     612    -0.002037920
5620     613     0.007654659
5621    5620    -0.005958279
5621    5621     2.302100003
5621     602    -0.000937395
5621     603     0.018467437
5621     604     0.032133309
5621     610     0.000697051
5621     611    -0.000659316
5621     612    -0.007147369
5621     613    -0.007328490
 602    5620    -0.001584615
 602    5621    -0.000937395
 602     602     1.937900002
 602     603     0.008393083
 602     604    -0.001837291
 602     610     0.001454708
 602     611     0.000309149
 602     612    -0.002573146
 602     613    -0.000690499
 603    5620     0.006098913
 603    5621     0.018467437
 603     602     0.008393083
 603     603     1.893800000
 603     604    -0.000015182
 603     610    -0.002021588
 603     611     0.000216156
 603     612    -0.000187491
 603     613    -0.004179450
 604    5620    -0.002359685
 604    5621     0.032133309
 604     602    -0.001837291
 604     603    -0.000015182
 604     604     2.055900000
 604     610     0.000528164
 604     611    -0.000805762
 604     612     0.000318947
 604     613    -0.001315777
 610    5620    -0.000665025
 610    5621     0.000697051
 610     602     0.001454708
 610     603    -0.002021588
 610     604     0.000528164
 610     610     2.041800000
 610     611    -0.007063217
 610     612     0.006395005
 610     613    -0.000739861
 611    5620     0.001151811
 611    5621    -0.000659316
 611     602     0.000309149
 611     603     0.000216156
 611     604    -0.000805762
 611     610    -0.007063217
 611     611     1.967200001
 611     612    -0.019799820
 611     613    -0.000584180
 612    5620    -0.002037920
 612    5621    -0.007147369
 612     602    -0.002573146
 612     603    -0.000187491
 612     604     0.000318947
 612     610     0.006395005
 612     611    -0.019799820
 612     612     2.092100000
 612     613    -0.000259119
 613    5620     0.007654659
 613    5621    -0.007328490
 613     602    -0.000690499
 613     603    -0.004179450
 613     604    -0.001315777
 613     610    -0.000739861
 613     611    -0.000584180
 613     612    -0.000259119
 613     613     1.929400000
