5620    5620     2.086199998
5620    5621     0.006281197
5620     602     0.001726831
5620     603     0.005861491
5620     604    -0.004193031
5620     610     0.000558460
5620     611     0.001506581
5620     612    -0.018381780
5620     613    -0.007400725
5621    5620     0.006281197
5621    5621     2.361200003
5621     602     0.006043118
5621     603    -0.020565103
5621     604     0.027219148
5621     610    -0.002151480
5621     611    -0.000233472
5621     612    -0.008722738
5621     613    -0.007829664
 602    5620     0.001726831
 602    5621     0.006043118
 602     602     2.021300002
 602     603    -0.010454377
 602     604     0.001530479
 602     610    -0.001676255
 602     611     0.000139526
 602     612    -0.003044848
 602     613    -0.000605750
 603    5620     0.005861491
 603    5621    -0.020565103
 603     602    -0.010454377
 603     603     1.969600000
 603     604     0.000769267
 603     610     0.001815213
 603     611     0.000460261
 603     612    -0.000348012
 603     613     0.003900825
 604    5620    -0.004193031
 604    5621     0.027219148
 604     602     0.001530479
 604     603     0.000769267
 604     604     2.110700000
 604     610     0.000773273
 604     611    -0.000751837
 604     612    -0.000851589
 604     613    -0.001169358
 610    5620     0.000558460
 610    5621    -0.002151480
 610     602    -0.001676255
 610     603     0.001815213
 610     604     0.000773273
 610     610     2.047000000
 610     611     0.005270607
 610     612    -0.008939252
 610     613    -0.000489226
 611    5620     0.001506581
 611    5621    -0.000233472
 611     602     0.000139526
 611     603     0.000460261
 611     604    -0.000751837
 611     610     0.005270607
 611     611     2.053600001
 611     612     0.017594266
 611     613    -0.000755133
 612    5620    -0.018381780
 612    5621    -0.008722738
 612     602    -0.003044848
 612     603    -0.000348012
 612     604    -0.000851589
 612     610    -0.008939252
 612     611     0.017594266
 612     612     2.018800000
 612     613     0.000122910
 613    5620    -0.007400725
 613    5621    -0.007829664
 613     602    -0.000605750
 613     603     0.003900825
 613     604    -0.001169358
 613     610    -0.000489226
 613     611    -0.000755133
 613     612     0.000122910
 613     613     1.916600000
