5620    5620     2.379199998
5620    5621    -0.006278697
5620     602     0.001501557
5620     603    -0.005432116
5620     604     0.002078722
5620     610    -0.004825666
5620     611    -0.001249878
5620     612    -0.008996207
5620     613    -0.003007911
5621    5620    -0.006278697
5621    5621     2.307100003
5621     602     0.002396887
5621     603    -0.012418266
5621     604     0.032229988
5621     610    -0.004268822
5621     611    -0.000103920
5621     612     0.007592970
5621     613    -0.008621379
 602    5620     0.001501557
 602    5621     0.002396887
 602     602     1.954600002
 602     603     0.005310591
 602     604     0.001643336
 602     610    -0.002557133
 602     611    -0.000254023
 602     612     0.002876082
 602     613     0.000802241
 603    5620    -0.005432116
 603    5621    -0.012418266
 603     602     0.005310591
 603     603     1.998300000
 603     604    -0.000725553
 603     610     0.002030105
 603     611     0.000388402
 603     612    -0.000322833
 603     613     0.003586886
 604    5620     0.002078722
 604    5621     0.032229988
 604     602     0.001643336
 604     603    -0.000725553
 604     604     2.085700000
 604     610    -0.002165745
 604     611     0.000624372
 604     612    -0.000118759
 604     613    -0.001294057
 610    5620    -0.004825666
 610    5621    -0.004268822
 610     602    -0.002557133
 610     603     0.002030105
 610     604    -0.002165745
 610     610     1.993800000
 610     611    -0.006476048
 610     612     0.005738837
 610     613    -0.000224144
 611    5620    -0.001249878
 611    5621    -0.000103920
 611     602    -0.000254023
 611     603     0.000388402
 611     604     0.000624372
 611     610    -0.006476048
 611     611     2.022400001
 611     612     0.018514773
 611     613     0.000732985
 612    5620    -0.008996207
 612    5621     0.007592970
 612     602     0.002876082
 612     603    -0.000322833
 612     604    -0.000118759
 612     610     0.005738837
 612     611     0.018514773
 612     612     2.030200000
 612     613     0.000116245
 613    5620    -0.003007911
 613    5621    -0.008621379
 613     602     0.000802241
 613     603     0.003586886
 613     604    -0.001294057
 613     610    -0.000224144
 613     611     0.000732985
 613     612     0.000116245
 613     613     2.010300000
