5620    5620     2.393099998
5620    5621     0.007212880
5620     602    -0.001404471
5620     603     0.004842957
5620     604     0.003708557
5620     610    -0.000687789
5620     611     0.000910819
5620     612     0.005698232
5620     613     0.006322651
5621    5620     0.007212880
5621    5621     2.464400003
5621     602     0.001002633
5621     603     0.019283543
5621     604     0.033344880
5621     610     0.002179623
5621     611    -0.000196000
5621     612     0.006626634
5621     613    -0.008213054
 602    5620    -0.001404471
 602    5621     0.001002633
 602     602     1.966200002
 602     603    -0.007342725
 602     604    -0.001667592
 602     610     0.001855535
 602     611    -0.000030540
 602     612    -0.002350252
 602     613    -0.000755322
 603    5620     0.004842957
 603    5621     0.019283543
 603     602    -0.007342725
 603     603     2.024600000
 603     604    -0.000119233
 603     610    -0.001885214
 603     611     0.000468498
 603     612     0.000236384
 603     613    -0.003661819
 604    5620     0.003708557
 604    5621     0.033344880
 604     602    -0.001667592
 604     603    -0.000119233
 604     604     2.021000000
 604     610     0.001589453
 604     611     0.000771119
 604     612     0.000196659
 604     613    -0.001355614
 610    5620    -0.000687789
 610    5621     0.002179623
 610     602     0.001855535
 610     603    -0.001885214
 610     604     0.001589453
 610     610     1.960500000
 610     611     0.006069533
 610     612    -0.004952538
 610     613    -0.000479011
 611    5620     0.000910819
 611    5621    -0.000196000
 611     602    -0.000030540
 611     603     0.000468498
 611     604     0.000771119
 611     610     0.006069533
 611     611     2.080900001
 611     612    -0.018080167
 611     613    -0.000892533
 612    5620     0.005698232
 612    5621     0.006626634
 612     602    -0.002350252
 612     603     0.000236384
 612     604     0.000196659
 612     610    -0.004952538
 612     611    -0.018080167
 612     612     2.132600000
 612     613    -0.000377245
 613    5620     0.006322651
 613    5621    -0.008213054
 613     602    -0.000755322
 613     603    -0.003661819
 613     604    -0.001355614
 613     610    -0.000479011
 613     611    -0.000892533
 613     612    -0.000377245
 613     613     1.950300000
