5620    5620     2.416099998
5620    5621     0.004201399
5620     602     0.001720941
5620     603     0.005661168
5620     604    -0.000154026
5620     610    -0.000541713
5620     611    -0.001696031
5620     612    -0.007968596
5620     613    -0.005930052
5621    5620     0.004201399
5621    5621     2.409900003
5621     602     0.000311803
5621     603     0.024048642
5621     604     0.034087473
5621     610     0.003031216
5621     611    -0.000554012
5621     612     0.007293107
5621     613    -0.007588655
 602    5620     0.001720941
 602    5621     0.000311803
 602     602     1.934700002
 602     603     0.009809397
 602     604    -0.001537609
 602     610     0.002244165
 602     611     0.000920261
 602     612    -0.002560824
 602     613    -0.000347894
 603    5620     0.005661168
 603    5621     0.024048642
 603     602     0.009809397
 603     603     1.949400000
 603     604     0.000550833
 603     610    -0.002053408
 603     611     0.000532112
 603     612    -0.000246322
 603     613    -0.003160838
 604    5620    -0.000154026
 604    5621     0.034087473
 604     602    -0.001537609
 604     603     0.000550833
 604     604     2.006500000
 604     610     0.001479179
 604     611    -0.000686444
 604     612     0.000345435
 604     613    -0.001167339
 610    5620    -0.000541713
 610    5621     0.003031216
 610     602     0.002244165
 610     603    -0.002053408
 610     604     0.001479179
 610     610     2.002700000
 610     611     0.004988054
 610     612     0.005587203
 610     613     0.000344225
 611    5620    -0.001696031
 611    5621    -0.000554012
 611     602     0.000920261
 611     603     0.000532112
 611     604    -0.000686444
 611     610     0.004988054
 611     611     1.959400001
 611     612     0.016886344
 611     613     0.000846372
 612    5620    -0.007968596
 612    5621     0.007293107
 612     602    -0.002560824
 612     603    -0.000246322
 612     604     0.000345435
 612     610     0.005587203
 612     611     0.016886344
 612     612     2.011900000
 612     613    -0.000004791
 613    5620    -0.005930052
 613    5621    -0.007588655
 613     602    -0.000347894
 613     603    -0.003160838
 613     604    -0.001167339
 613     610     0.000344225
 613     611     0.000846372
 613     612    -0.000004791
 613     613     2.025900000
