5620    5620     2.545199998
5620    5621     0.005670658
5620     602    -0.001865413
5620     603    -0.005724446
5620     604     0.001176235
5620     610    -0.005797093
5620     611    -0.001323480
5620     612    -0.002958062
5620     613    -0.005789178
5621    5620     0.005670658
5621    5621     2.325600003
5621     602     0.001451389
5621     603    -0.031977982
5621     604     0.034867422
5621     610     0.000864544
5621     611     0.000189767
5621     612    -0.005958482
5621     613    -0.008162839
 602    5620    -0.001865413
 602    5621     0.001451389
 602     602     1.939900002
 602     603    -0.011233560
 602     604    -0.001650021
 602     610    -0.001691936
 602     611     0.000611287
 602     612     0.002404269
 602     613     0.000325354
 603    5620    -0.005724446
 603    5621    -0.031977982
 603     602    -0.011233560
 603     603     1.894800000
 603     604    -0.001050041
 603     610     0.001968969
 603     611     0.000228045
 603     612     0.000067134
 603     613    -0.003815982
 604    5620     0.001176235
 604    5621     0.034867422
 604     602    -0.001650021
 604     603    -0.001050041
 604     604     2.034500000
 604     610     0.000484336
 604     611    -0.000639985
 604     612     0.000043735
 604     613    -0.001077395
 610    5620    -0.005797093
 610    5621     0.000864544
 610     602    -0.001691936
 610     603     0.001968969
 610     604     0.000484336
 610     610     2.048600000
 610     611    -0.005312604
 610     612     0.005334485
 610     613    -0.000533337
 611    5620    -0.001323480
 611    5621     0.000189767
 611     602     0.000611287
 611     603     0.000228045
 611     604    -0.000639985
 611     610    -0.005312604
 611     611     2.105900001
 611     612    -0.015432009
 611     613    -0.000559907
 612    5620    -0.002958062
 612    5621    -0.005958482
 612     602     0.002404269
 612     603     0.000067134
 612     604     0.000043735
 612     610     0.005334485
 612     611    -0.015432009
 612     612     2.057900000
 612     613    -0.000353305
 613    5620    -0.005789178
 613    5621    -0.008162839
 613     602     0.000325354
 613     603    -0.003815982
 613     604    -0.001077395
 613     610    -0.000533337
 613     611    -0.000559907
 613     612    -0.000353305
 613     613     2.037500000
