5620    5620     2.481999998
5620    5621    -0.004143515
5620     602     0.000738803
5620     603     0.005067783
5620     604     0.000770166
5620     610     0.001456488
5620     611     0.001940864
5620     612    -0.005038800
5620     613    -0.002791749
5621    5620    -0.004143515
5621    5621     2.428400003
5621     602     0.001514456
5621     603     0.013140305
5621     604    -0.029991209
5621     610     0.001768382
5621     611     0.000156761
5621     612    -0.006199552
5621     613     0.008512337
 602    5620     0.000738803
 602    5621     0.001514456
 602     602     1.922900002
 602     603    -0.006499719
 602     604     0.001828421
 602     610    -0.001782028
 602     611     0.000096984
 602     612     0.002578551
 602     613    -0.001017582
 603    5620     0.005067783
 603    5621     0.013140305
 603     602    -0.006499719
 603     603     1.939700000
 603     604    -0.000430661
 603     610    -0.002292596
 603     611     0.000414560
 603     612    -0.000299349
 603     613    -0.003706253
 604    5620     0.000770166
 604    5621    -0.029991209
 604     602     0.001828421
 604     603    -0.000430661
 604     604     1.983900000
 604     610     0.001213045
 604     611    -0.000617325
 604     612    -0.000342090
 604     613     0.001132165
 610    5620     0.001456488
 610    5621     0.001768382
 610     602    -0.001782028
 610     603    -0.002292596
 610     604     0.001213045
 610     610     2.006700000
 610     611    -0.006860283
 610     612    -0.007190461
 610     613    -0.000421578
 611    5620     0.001940864
 611    5621     0.000156761
 611     602     0.000096984
 611     603     0.000414560
 611     604    -0.000617325
 611     610    -0.006860283
 611     611     2.019300001
 611     612    -0.016040206
 611     613     0.000627777
 612    5620    -0.005038800
 612    5621    -0.006199552
 612     602     0.002578551
 612     603    -0.000299349
 612     604    -0.000342090
 612     610    -0.007190461
 612     611    -0.016040206
 612     612     2.007400000
 612     613    -0.000041580
 613    5620    -0.002791749
 613    5621     0.008512337
 613     602    -0.001017582
 613     603    -0.003706253
 613     604     0.001132165
 613     610    -0.000421578
 613     611     0.000627777
 613     612    -0.000041580
 613     613     2.029900000
