5620    5620     2.415799998
5620    5621    -0.004239214
5620     602    -0.002035678
5620     603     0.005506927
5620     604    -0.001640483
5620     610     0.000771211
5620     611     0.000770584
5620     612     0.016788095
5620     613    -0.007513953
5621    5620    -0.004239214
5621    5621     2.257900003
5621     602     0.000792062
5621     603    -0.025952339
5621     604    -0.034688610
5621     610     0.002627971
5621     611     0.000086932
5621     612    -0.006457895
5621     613    -0.007763525
 602    5620    -0.002035678
 602    5621     0.000792062
 602     602     1.950200002
 602     603    -0.007645574
 602     604    -0.001590600
 602     610    -0.002549615
 602     611     0.000695764
 602     612     0.002572646
 602     613    -0.000152622
 603    5620     0.005506927
 603    5621    -0.025952339
 603     602    -0.007645574
 603     603     2.025200000
 603     604    -0.000743065
 603     610     0.002231801
 603     611     0.000396586
 603     612    -0.000365359
 603     613    -0.003786622
 604    5620    -0.001640483
 604    5621    -0.034688610
 604     602    -0.001590600
 604     603    -0.000743065
 604     604     2.134400000
 604     610    -0.001190652
 604     611    -0.000469403
 604     612    -0.000827091
 604     613    -0.000967484
 610    5620     0.000771211
 610    5621     0.002627971
 610     602    -0.002549615
 610     603     0.002231801
 610     604    -0.001190652
 610     610     1.935100000
 610     611     0.007745302
 610     612     0.009217578
 610     613    -0.000663406
 611    5620     0.000770584
 611    5621     0.000086932
 611     602     0.000695764
 611     603     0.000396586
 611     604    -0.000469403
 611     610     0.007745302
 611     611     2.031500001
 611     612     0.017351867
 611     613    -0.000877485
 612    5620     0.016788095
 612    5621    -0.006457895
 612     602     0.002572646
 612     603    -0.000365359
 612     604    -0.000827091
 612     610     0.009217578
 612     611     0.017351867
 612     612     2.046400000
 612     613     0.000178201
 613    5620    -0.007513953
 613    5621    -0.007763525
 613     602    -0.000152622
 613     603    -0.003786622
 613     604    -0.000967484
 613     610    -0.000663406
 613     611    -0.000877485
 613     612     0.000178201
 613     613     2.080900000
