5620    5620     2.547999998
5620    5621     0.003747009
5620     602     0.001225530
5620     603    -0.006244711
5620     604    -0.001255955
5620     610     0.000582710
5620     611     0.002110212
5620     612     0.001722617
5620     613    -0.004039985
5621    5620     0.003747009
5621    5621     2.241600003
5621     602    -0.007889377
5621     603    -0.030607760
5621     604     0.034199728
5621     610     0.003187296
5621     611     0.000244755
5621     612    -0.007220967
5621     613    -0.010811218
 602    5620     0.001225530
 602    5621    -0.007889377
 602     602     2.015800002
 602     603    -0.012991090
 602     604     0.001898062
 602     610     0.001371379
 602     611     0.000183865
 602     612    -0.002604104
 602     613     0.001955757
 603    5620    -0.006244711
 603    5621    -0.030607760
 603     602    -0.012991090
 603     603     1.841600000
 603     604    -0.000974560
 603     610     0.002121308
 603     611     0.000308699
 603     612     0.000226607
 603     613    -0.004958441
 604    5620    -0.001255955
 604    5621     0.034199728
 604     602     0.001898062
 604     603    -0.000974560
 604     604     2.076800000
 604     610     0.001726712
 604     611     0.000735310
 604     612     0.000103464
 604     613     0.001355432
 610    5620     0.000582710
 610    5621     0.003187296
 610     602     0.001371379
 610     603     0.002121308
 610     604     0.001726712
 610     610     1.955100000
 610     611    -0.006510933
 610     612    -0.002672732
 610     613    -0.000369655
 611    5620     0.002110212
 611    5621     0.000244755
 611     602     0.000183865
 611     603     0.000308699
 611     604     0.000735310
 611     610    -0.006510933
 611     611     2.014300001
 611     612     0.020218638
 611     613    -0.000615348
 612    5620     0.001722617
 612    5621    -0.007220967
 612     602    -0.002604104
 612     603     0.000226607
 612     604     0.000103464
 612     610    -0.002672732
 612     611     0.020218638
 612     612     2.107300000
 612     613    -0.000156178
 613    5620    -0.004039985
 613    5621    -0.010811218
 613     602     0.001955757
 613     603    -0.004958441
 613     604     0.001355432
 613     610    -0.000369655
 613     611    -0.000615348
 613     612    -0.000156178
 613     613     2.017200000
