5620    5620     2.462099998
5620    5621     0.006474187
5620     602    -0.002279657
5620     603     0.005465699
5620     604     0.002270770
5620     610     0.003220031
5620     611    -0.002651086
5620     612    -0.016460383
5620     613    -0.006454895
5621    5620     0.006474187
5621    5621     2.257800003
5621     602     0.004442649
5621     603     0.020485766
5621     604     0.030106785
5621     610     0.001051336
5621     611    -0.000061320
5621     612    -0.007512410
5621     613    -0.007435543
 602    5620    -0.002279657
 602    5621     0.004442649
 602     602     1.884000002
 602     603    -0.005759997
 602     604    -0.001489262
 602     610    -0.001870897
 602     611    -0.000825187
 602     612    -0.002807662
 602     613    -0.000101053
 603    5620     0.005465699
 603    5621     0.020485766
 603     602    -0.005759997
 603     603     1.969900000
 603     604     0.000385823
 603     610    -0.001762037
 603     611    -0.000395157
 603     612     0.000109074
 603     613     0.004325297
 604    5620     0.002270770
 604    5621     0.030106785
 604     602    -0.001489262
 604     603     0.000385823
 604     604     2.058500000
 604     610     0.000745568
 604     611    -0.000651728
 604     612     0.000170834
 604     613     0.001120324
 610    5620     0.003220031
 610    5621     0.001051336
 610     602    -0.001870897
 610     603    -0.001762037
 610     604     0.000745568
 610     610     2.173800000
 610     611     0.005476815
 610     612     0.005697618
 610     613    -0.000449188
 611    5620    -0.002651086
 611    5621    -0.000061320
 611     602    -0.000825187
 611     603    -0.000395157
 611     604    -0.000651728
 611     610     0.005476815
 611     611     1.981400001
 611     612     0.018486951
 611     613    -0.000823484
 612    5620    -0.016460383
 612    5621    -0.007512410
 612     602    -0.002807662
 612     603     0.000109074
 612     604     0.000170834
 612     610     0.005697618
 612     611     0.018486951
 612     612     2.009800000
 612     613     0.000020179
 613    5620    -0.006454895
 613    5621    -0.007435543
 613     602    -0.000101053
 613     603     0.004325297
 613     604     0.001120324
 613     610    -0.000449188
 613     611    -0.000823484
 613     612     0.000020179
 613     613     2.007900000
