5620    5620     2.297299998
5620    5621     0.007461983
5620     602     0.000598101
5620     603    -0.006212314
5620     604     0.003531493
5620     610    -0.001321117
5620     611     0.000914446
5620     612    -0.007780356
5620     613    -0.006441236
5621    5620     0.007461983
5621    5621     2.344200003
5621     602    -0.003820410
5621     603    -0.029721209
5621     604     0.032594010
5621     610     0.002478034
5621     611     0.000465357
5621     612    -0.006768298
5621     613     0.008821387
 602    5620     0.000598101
 602    5621    -0.003820410
 602     602     2.005500002
 602     603    -0.007421262
 602     604     0.001459905
 602     610     0.001559183
 602     611     0.000056958
 602     612    -0.002533236
 602     613    -0.001046988
 603    5620    -0.006212314
 603    5621    -0.029721209
 603     602    -0.007421262
 603     603     1.875900000
 603     604     0.001069429
 603     610     0.002312420
 603     611    -0.000417517
 603     612    -0.000103516
 603     613    -0.004572868
 604    5620     0.003531493
 604    5621     0.032594010
 604     602     0.001459905
 604     603     0.001069429
 604     604     2.053000000
 604     610     0.000897593
 604     611    -0.000790676
 604     612     0.000612324
 604     613    -0.001293251
 610    5620    -0.001321117
 610    5621     0.002478034
 610     602     0.001559183
 610     603     0.002312420
 610     604     0.000897593
 610     610     2.057800000
 610     611    -0.006532726
 610     612    -0.003577236
 610     613    -0.000581825
 611    5620     0.000914446
 611    5621     0.000465357
 611     602     0.000056958
 611     603    -0.000417517
 611     604    -0.000790676
 611     610    -0.006532726
 611     611     1.962200001
 611     612    -0.019918099
 611     613    -0.000905264
 612    5620    -0.007780356
 612    5621    -0.006768298
 612     602    -0.002533236
 612     603    -0.000103516
 612     604     0.000612324
 612     610    -0.003577236
 612     611    -0.019918099
 612     612     1.987600000
 612     613    -0.000340686
 613    5620    -0.006441236
 613    5621     0.008821387
 613     602    -0.001046988
 613     603    -0.004572868
 613     604    -0.001293251
 613     610    -0.000581825
 613     611    -0.000905264
 613     612    -0.000340686
 613     613     1.969200000
