5620    5620     2.534499998
5620    5621     0.003404360
5620     602     0.000183430
5620     603    -0.005270400
5620     604     0.001252813
5620     610    -0.000580526
5620     611     0.000706907
5620     612    -0.004263631
5620     613    -0.005874232
5621    5620     0.003404360
5621    5621     2.240400003
5621     602    -0.002672698
5621     603    -0.018188830
5621     604     0.031944649
5621     610    -0.000878028
5621     611    -0.001051033
5621     612     0.008344986
5621     613     0.005293640
 602    5620     0.000183430
 602    5621    -0.002672698
 602     602     1.934400002
 602     603     0.011169124
 602     604    -0.001910277
 602     610    -0.001374288
 602     611    -0.000044788
 602     612    -0.002813003
 602     613    -0.001004205
 603    5620    -0.005270400
 603    5621    -0.018188830
 603     602     0.011169124
 603     603     1.903800000
 603     604    -0.000980870
 603     610    -0.001913793
 603     611     0.000297538
 603     612    -0.000248925
 603     613     0.003326807
 604    5620     0.001252813
 604    5621     0.031944649
 604     602    -0.001910277
 604     603    -0.000980870
 604     604     2.044100000
 604     610     0.001100622
 604     611    -0.000468646
 604     612    -0.000853449
 604     613    -0.000927620
 610    5620    -0.000580526
 610    5621    -0.000878028
 610     602    -0.001374288
 610     603    -0.001913793
 610     604     0.001100622
 610     610     2.019000000
 610     611    -0.006772291
 610     612     0.007895435
 610     613     0.000519656
 611    5620     0.000706907
 611    5621    -0.001051033
 611     602    -0.000044788
 611     603     0.000297538
 611     604    -0.000468646
 611     610    -0.006772291
 611     611     1.951200001
 611     612     0.017721130
 611     613    -0.000730385
 612    5620    -0.004263631
 612    5621     0.008344986
 612     602    -0.002813003
 612     603    -0.000248925
 612     604    -0.000853449
 612     610     0.007895435
 612     611     0.017721130
 612     612     1.975700000
 612     613     0.000038802
 613    5620    -0.005874232
 613    5621     0.005293640
 613     602    -0.001004205
 613     603     0.003326807
 613     604    -0.000927620
 613     610     0.000519656
 613     611    -0.000730385
 613     612     0.000038802
 613     613     2.103300000
