5620    5620     2.194099998
5620    5621     0.006457605
5620     602     0.002173504
5620     603     0.006267680
5620     604     0.001671889
5620     610    -0.006099342
5620     611     0.000120128
5620     612     0.008075233
5620     613    -0.007956067
5621    5620     0.006457605
5621    5621     2.406900003
5621     602    -0.001458653
5621     603    -0.023149386
5621     604    -0.030044055
5621     610    -0.000767711
5621     611    -0.000430857
5621     612    -0.005961611
5621     613    -0.007575234
 602    5620     0.002173504
 602    5621    -0.001458653
 602     602     1.915300002
 602     603    -0.006325857
 602     604    -0.001519817
 602     610     0.001707113
 602     611     0.000925446
 602     612     0.002347289
 602     613     0.000088704
 603    5620     0.006267680
 603    5621    -0.023149386
 603     602    -0.006325857
 603     603     1.900500000
 603     604     0.000452461
 603     610     0.001874930
 603     611     0.000562665
 603     612     0.000330638
 603     613     0.003603121
 604    5620     0.001671889
 604    5621    -0.030044055
 604     602    -0.001519817
 604     603     0.000452461
 604     604     2.027600000
 604     610     0.000628339
 604     611     0.000610837
 604     612    -0.000282401
 604     613    -0.000963999
 610    5620    -0.006099342
 610    5621    -0.000767711
 610     602     0.001707113
 610     603     0.001874930
 610     604     0.000628339
 610     610     2.073400000
 610     611     0.006321174
 610     612    -0.005043577
 610     613     0.000642176
 611    5620     0.000120128
 611    5621    -0.000430857
 611     602     0.000925446
 611     603     0.000562665
 611     604     0.000610837
 611     610     0.006321174
 611     611     2.012700001
 611     612    -0.015551495
 611     613     0.000828671
 612    5620     0.008075233
 612    5621    -0.005961611
 612     602     0.002347289
 612     603     0.000330638
 612     604    -0.000282401
 612     610    -0.005043577
 612     611    -0.015551495
 612     612     2.081200000
 612     613     0.000449767
 613    5620    -0.007956067
 613    5621    -0.007575234
 613     602     0.000088704
 613     603     0.003603121
 613     604    -0.000963999
 613     610     0.000642176
 613     611     0.000828671
 613     612     0.000449767
 613     613     2.011900000
