5620    5620     2.301699998
5620    5621    -0.004769724
5620     602     0.000068417
5620     603     0.006370971
5620     604     0.002735346
5620     610     0.000471056
5620     611    -0.003218397
5620     612     0.006849077
5620     613    -0.006050200
5621    5620    -0.004769724
5621    5621     2.442800003
5621     602    -0.001328716
5621     603     0.021254848
5621     604    -0.028193959
5621     610     0.003270170
5621     611     0.000786428
5621     612     0.006364440
5621     613    -0.006171842
 602    5620     0.000068417
 602    5621    -0.001328716
 602     602     2.017300002
 602     603     0.008243540
 602     604    -0.001388235
 602     610     0.001836251
 602     611    -0.000256236
 602     612     0.002314449
 602     613    -0.000912099
 603    5620     0.006370971
 603    5621     0.021254848
 603     602     0.008243540
 603     603     1.949200000
 603     604     0.001020429
 603     610    -0.002565512
 603     611     0.000193632
 603     612    -0.000067336
 603     613    -0.003883244
 604    5620     0.002735346
 604    5621    -0.028193959
 604     602    -0.001388235
 604     603     0.001020429
 604     604     2.078000000
 604     610    -0.001689333
 604     611     0.000782796
 604     612     0.000634756
 604     613    -0.001168317
 610    5620     0.000471056
 610    5621     0.003270170
 610     602     0.001836251
 610     603    -0.002565512
 610     604    -0.001689333
 610     610     1.960400000
 610     611    -0.007701514
 610     612     0.007785463
 610     613    -0.000455788
 611    5620    -0.003218397
 611    5621     0.000786428
 611     602    -0.000256236
 611     603     0.000193632
 611     604     0.000782796
 611     610    -0.007701514
 611     611     2.012400001
 611     612    -0.017209923
 611     613     0.000563900
 612    5620     0.006849077
 612    5621     0.006364440
 612     602     0.002314449
 612     603    -0.000067336
 612     604     0.000634756
 612     610     0.007785463
 612     611    -0.017209923
 612     612     2.068100000
 612     613    -0.000183218
 613    5620    -0.006050200
 613    5621    -0.006171842
 613     602    -0.000912099
 613     603    -0.003883244
 613     604    -0.001168317
 613     610    -0.000455788
 613     611     0.000563900
 613     612    -0.000183218
 613     613     1.991400000
