5620    5620     2.290199998
5620    5621    -0.004708686
5620     602     0.000681162
5620     603    -0.005790384
5620     604     0.000109981
5620     610    -0.003820610
5620     611     0.000373947
5620     612    -0.014013699
5620     613     0.008146421
5621    5620    -0.004708686
5621    5621     2.538400003
5621     602    -0.003254438
5621     603    -0.020143193
5621     604    -0.030005701
5621     610     0.001384411
5621     611    -0.000364794
5621     612     0.007251499
5621     613     0.005886058
 602    5620     0.000681162
 602    5621    -0.003254438
 602     602     1.902700002
 602     603    -0.009606293
 602     604    -0.001924548
 602     610    -0.001799458
 602     611    -0.000190787
 602     612     0.002865603
 602     613    -0.000817734
 603    5620    -0.005790384
 603    5621    -0.020143193
 603     602    -0.009606293
 603     603     1.809400000
 603     604     0.001024410
 603     610    -0.001969150
 603     611    -0.000286624
 603     612     0.000351858
 603     613    -0.003190451
 604    5620     0.000109981
 604    5621    -0.030005701
 604     602    -0.001924548
 604     603     0.001024410
 604     604     2.044600000
 604     610     0.000814646
 604     611     0.000626039
 604     612     0.000121788
 604     613    -0.000908540
 610    5620    -0.003820610
 610    5621     0.001384411
 610     602    -0.001799458
 610     603    -0.001969150
 610     604     0.000814646
 610     610     2.075100000
 610     611    -0.006967570
 610     612    -0.007663605
 610     613     0.000637827
 611    5620     0.000373947
 611    5621    -0.000364794
 611     602    -0.000190787
 611     603    -0.000286624
 611     604     0.000626039
 611     610    -0.006967570
 611     611     1.999500001
 611     612    -0.018778017
 611     613     0.000793710
 612    5620    -0.014013699
 612    5621     0.007251499
 612     602     0.002865603
 612     603     0.000351858
 612     604     0.000121788
 612     610    -0.007663605
 612     611    -0.018778017
 612     612     2.024400000
 612     613    -0.000000876
 613    5620     0.008146421
 613    5621     0.005886058
 613     602    -0.000817734
 613     603    -0.003190451
 613     604    -0.000908540
 613     610     0.000637827
 613     611     0.000793710
 613     612    -0.000000876
 613     613     2.048100000
