5620    5620     2.329099998
5620    5621     0.007111677
5620     602     0.001599620
5620     603     0.006111783
5620     604    -0.001585973
5620     610     0.003596902
5620     611    -0.002430217
5620     612     0.020751299
5620     613     0.009325138
5621    5620     0.007111677
5621    5621     2.356100003
5621     602    -0.004148013
5621     603    -0.011564509
5621     604    -0.028932924
5621     610     0.002645495
5621     611    -0.000451874
5621     612    -0.008737274
5621     613    -0.005268168
 602    5620     0.001599620
 602    5621    -0.004148013
 602     602     1.942200002
 602     603     0.004124619
 602     604     0.001689408
 602     610    -0.002165270
 602     611    -0.000579380
 602     612    -0.003110133
 602     613    -0.000144810
 603    5620     0.006111783
 603    5621    -0.011564509
 603     602     0.004124619
 603     603     1.911500000
 603     604    -0.000356846
 603     610     0.002035640
 603     611     0.000491739
 603     612    -0.000227211
 603     613     0.003268523
 604    5620    -0.001585973
 604    5621    -0.028932924
 604     602     0.001689408
 604     603    -0.000356846
 604     604     2.069100000
 604     610     0.001735821
 604     611     0.000739223
 604     612    -0.000005443
 604     613     0.000900414
 610    5620     0.003596902
 610    5621     0.002645495
 610     602    -0.002165270
 610     603     0.002035640
 610     604     0.001735821
 610     610     2.046200000
 610     611    -0.006138268
 610     612     0.005438245
 610     613    -0.000456793
 611    5620    -0.002430217
 611    5621    -0.000451874
 611     602    -0.000579380
 611     603     0.000491739
 611     604     0.000739223
 611     610    -0.006138268
 611     611     1.955700001
 611     612     0.019963810
 611     613    -0.000729516
 612    5620     0.020751299
 612    5621    -0.008737274
 612     602    -0.003110133
 612     603    -0.000227211
 612     604    -0.000005443
 612     610     0.005438245
 612     611     0.019963810
 612     612     1.971400000
 612     613    -0.000024609
 613    5620     0.009325138
 613    5621    -0.005268168
 613     602    -0.000144810
 613     603     0.003268523
 613     604     0.000900414
 613     610    -0.000456793
 613     611    -0.000729516
 613     612    -0.000024609
 613     613     2.033800000
