5620    5620     2.337699998
5620    5621    -0.007184037
5620     602    -0.001579084
5620     603    -0.005840777
5620     604    -0.002447531
5620     610    -0.004767207
5620     611     0.003713032
5620     612    -0.007101716
5620     613     0.008113782
5621    5620    -0.007184037
5621    5621     2.338200003
5621     602     0.001015171
5621     603     0.024937259
5621     604    -0.029758571
5621     610    -0.004612719
5621     611     0.000193592
5621     612     0.006224494
5621     613     0.007610399
 602    5620    -0.001579084
 602    5621     0.001015171
 602     602     1.945700002
 602     603     0.007104973
 602     604    -0.001610027
 602     610    -0.002219069
 602     611     0.000149460
 602     612     0.002450077
 602     613     0.000436382
 603    5620    -0.005840777
 603    5621     0.024937259
 603     602     0.007104973
 603     603     1.952700000
 603     604     0.000377932
 603     610    -0.001794841
 603     611     0.000244125
 603     612     0.000196114
 603     613     0.004002724
 604    5620    -0.002447531
 604    5621    -0.029758571
 604     602    -0.001610027
 604     603     0.000377932
 604     604     2.019000000
 604     610     0.002236996
 604     611    -0.000679052
 604     612    -0.000225660
 604     613    -0.000970921
 610    5620    -0.004767207
 610    5621    -0.004612719
 610     602    -0.002219069
 610     603    -0.001794841
 610     604     0.002236996
 610     610     2.001400000
 610     611     0.006086572
 610     612     0.002904657
 610     613    -0.000345708
 611    5620     0.003713032
 611    5621     0.000193592
 611     602     0.000149460
 611     603     0.000244125
 611     604    -0.000679052
 611     610     0.006086572
 611     611     2.041800001
 611     612     0.018309055
 611     613    -0.000529155
 612    5620    -0.007101716
 612    5621     0.006224494
 612     602     0.002450077
 612     603     0.000196114
 612     604    -0.000225660
 612     610     0.002904657
 612     611     0.018309055
 612     612     2.060200000
 612     613     0.000321529
 613    5620     0.008113782
 613    5621     0.007610399
 613     602     0.000436382
 613     603     0.004002724
 613     604    -0.000970921
 613     610    -0.000345708
 613     611    -0.000529155
 613     612     0.000321529
 613     613     1.977500000
