5620    5620     2.378699998
5620    5621     0.004804492
5620     602     0.000066085
5620     603    -0.006176341
5620     604     0.000593509
5620     610     0.004486769
5620     611    -0.003115012
5620     612     0.021551979
5620     613     0.004835699
5621    5620     0.004804492
5621    5621     2.266000003
5621     602    -0.003776258
5621     603    -0.027233354
5621     604    -0.031691566
5621     610    -0.002403146
5621     611     0.000629302
5621     612     0.008036888
5621     613    -0.007754325
 602    5620     0.000066085
 602    5621    -0.003776258
 602     602     1.867700002
 602     603     0.012494429
 602     604    -0.001828391
 602     610    -0.001417445
 602     611     0.000541070
 602     612     0.002844181
 602     613     0.001532128
 603    5620    -0.006176341
 603    5621    -0.027233354
 603     602     0.012494429
 603     603     1.832900000
 603     604     0.001135548
 603     610     0.002257621
 603     611     0.000183665
 603     612    -0.000439513
 603     613    -0.004396716
 604    5620     0.000593509
 604    5621    -0.031691566
 604     602    -0.001828391
 604     603     0.001135548
 604     604     2.050600000
 604     610    -0.001487761
 604     611     0.000293383
 604     612     0.001007493
 604     613    -0.000979113
 610    5620     0.004486769
 610    5621    -0.002403146
 610     602    -0.001417445
 610     603     0.002257621
 610     604    -0.001487761
 610     610     2.041100000
 610     611     0.005450584
 610     612    -0.007251628
 610     613     0.000386948
 611    5620    -0.003115012
 611    5621     0.000629302
 611     602     0.000541070
 611     603     0.000183665
 611     604     0.000293383
 611     610     0.005450584
 611     611     2.123700001
 611     612     0.017499870
 611     613     0.000457814
 612    5620     0.021551979
 612    5621     0.008036888
 612     602     0.002844181
 612     603    -0.000439513
 612     604     0.001007493
 612     610    -0.007251628
 612     611     0.017499870
 612     612     1.969800000
 612     613     0.000100875
 613    5620     0.004835699
 613    5621    -0.007754325
 613     602     0.001532128
 613     603    -0.004396716
 613     604    -0.000979113
 613     610     0.000386948
 613     611     0.000457814
 613     612     0.000100875
 613     613     2.066100000
