5620    5620     2.572199998
5620    5621     0.003963178
5620     602    -0.002005341
5620     603    -0.004820846
5620     604    -0.000216504
5620     610    -0.000289781
5620     611     0.002006788
5620     612     0.012349219
5620     613    -0.004457001
5621    5620     0.003963178
5621    5621     2.321100003
5621     602     0.001727437
5621     603     0.026452281
5621     604    -0.030879861
5621     610     0.003216178
5621     611     0.000159467
5621     612     0.006195624
5621     613    -0.009475397
 602    5620    -0.002005341
 602    5621     0.001727437
 602     602     1.881300002
 602     603     0.010403591
 602     604     0.001410438
 602     610    -0.002785586
 602     611    -0.000986749
 602     612     0.002765024
 602     613    -0.000118842
 603    5620    -0.004820846
 603    5621     0.026452281
 603     602     0.010403591
 603     603     1.926700000
 603     604    -0.001267649
 603     610    -0.002294269
 603     611    -0.000251588
 603     612     0.000395284
 603     613    -0.004555377
 604    5620    -0.000216504
 604    5621    -0.030879861
 604     602     0.001410438
 604     603    -0.001267649
 604     604     2.093900000
 604     610     0.001854299
 604     611     0.000533509
 604     612    -0.000372963
 604     613     0.001153469
 610    5620    -0.000289781
 610    5621     0.003216178
 610     602    -0.002785586
 610     603    -0.002294269
 610     604     0.001854299
 610     610     1.975600000
 610     611    -0.007047949
 610     612    -0.008330905
 610     613    -0.000445064
 611    5620     0.002006788
 611    5621     0.000159467
 611     602    -0.000986749
 611     603    -0.000251588
 611     604     0.000533509
 611     610    -0.007047949
 611     611     2.017000001
 611     612    -0.017945783
 611     613    -0.000830643
 612    5620     0.012349219
 612    5621     0.006195624
 612     602     0.002765024
 612     603     0.000395284
 612     604    -0.000372963
 612     610    -0.008330905
 612     611    -0.017945783
 612     612     2.021100000
 612     613     0.000030622
 613    5620    -0.004457001
 613    5621    -0.009475397
 613     602    -0.000118842
 613     603    -0.004555377
 613     604     0.001153469
 613     610    -0.000445064
 613     611    -0.000830643
 613     612     0.000030622
 613     613     1.961300000
