5620    5620     2.365399998
5620    5621     0.006373113
5620     602     0.001430922
5620     603     0.005591524
5620     604    -0.003008831
5620     610     0.003475240
5620     611    -0.000758613
5620     612     0.006906665
5620     613     0.007417976
5621    5620     0.006373113
5621    5621     2.571600003
5621     602    -0.000361855
5621     603     0.025722705
5621     604    -0.032703500
5621     610     0.003262754
5621     611     0.000659309
5621     612     0.006779940
5621     613    -0.007692091
 602    5620     0.001430922
 602    5621    -0.000361855
 602     602     1.846200002
 602     603    -0.010594501
 602     604    -0.002028979
 602     610     0.002372204
 602     611     0.000348948
 602     612     0.002599196
 602     613     0.000757297
 603    5620     0.005591524
 603    5621     0.025722705
 603     602    -0.010594501
 603     603     1.950200000
 603     604    -0.000745637
 603     610     0.002396732
 603     611     0.000648894
 603     612    -0.000023767
 603     613     0.004168642
 604    5620    -0.003008831
 604    5621    -0.032703500
 604     602    -0.002028979
 604     603    -0.000745637
 604     604     1.973300000
 604     610    -0.001731581
 604     611     0.000826599
 604     612    -0.000326228
 604     613     0.001477256
 610    5620     0.003475240
 610    5621     0.003262754
 610     602     0.002372204
 610     603     0.002396732
 610     604    -0.001731581
 610     610     2.032800000
 610     611    -0.005878690
 610     612     0.001832781
 610     613    -0.000529343
 611    5620    -0.000758613
 611    5621     0.000659309
 611     602     0.000348948
 611     603     0.000648894
 611     604     0.000826599
 611     610    -0.005878690
 611     611     1.997000001
 611     612     0.015818415
 611     613     0.000996389
 612    5620     0.006906665
 612    5621     0.006779940
 612     602     0.002599196
 612     603    -0.000023767
 612     604    -0.000326228
 612     610     0.001832781
 612     611     0.015818415
 612     612     2.046300000
 612     613    -0.000236753
 613    5620     0.007417976
 613    5621    -0.007692091
 613     602     0.000757297
 613     603     0.004168642
 613     604     0.001477256
 613     610    -0.000529343
 613     611     0.000996389
 613     612    -0.000236753
 613     613     2.009000000
