5620    5620     2.311299998
5620    5621    -0.004210091
5620     602     0.000772935
5620     603     0.005345611
5620     604     0.001038943
5620     610     0.000498791
5620     611     0.002251836
5620     612    -0.005661484
5620     613    -0.007452388
5621    5620    -0.004210091
5621    5621     2.287800003
5621     602    -0.003787819
5621     603     0.021583565
5621     604    -0.032689164
5621     610     0.001417894
5621     611    -0.000824029
5621     612    -0.009178983
5621     613    -0.007545766
 602    5620     0.000772935
 602    5621    -0.003787819
 602     602     1.942900002
 602     603    -0.013110197
 602     604     0.001671676
 602     610     0.001553435
 602     611    -0.000154833
 602     612    -0.003098659
 602     613     0.000861744
 603    5620     0.005345611
 603    5621     0.021583565
 603     602    -0.013110197
 603     603     1.933000000
 603     604     0.001171134
 603     610    -0.001734000
 603     611    -0.000093840
 603     612    -0.000292033
 603     613    -0.003632973
 604    5620     0.001038943
 604    5621    -0.032689164
 604     602     0.001671676
 604     603     0.001171134
 604     604     2.057300000
 604     610     0.000766066
 604     611     0.000457448
 604     612     0.000335936
 604     613     0.001067740
 610    5620     0.000498791
 610    5621     0.001417894
 610     602     0.001553435
 610     603    -0.001734000
 610     604     0.000766066
 610     610     2.065400000
 610     611     0.005903614
 610     612     0.003105022
 610     613    -0.000600553
 611    5620     0.002251836
 611    5621    -0.000824029
 611     602    -0.000154833
 611     603    -0.000093840
 611     604     0.000457448
 611     610     0.005903614
 611     611     2.042600001
 611     612     0.020747979
 611     613    -0.000495695
 612    5620    -0.005661484
 612    5621    -0.009178983
 612     602    -0.003098659
 612     603    -0.000292033
 612     604     0.000335936
 612     610     0.003105022
 612     611     0.020747979
 612     612     1.988200000
 612     613     0.000144457
 613    5620    -0.007452388
 613    5621    -0.007545766
 613     602     0.000861744
 613     603    -0.003632973
 613     604     0.001067740
 613     610    -0.000600553
 613     611    -0.000495695
 613     612     0.000144457
 613     613     1.974200000
