5620    5620     2.361799998
5620    5621     0.004283160
5620     602    -0.001362461
5620     603    -0.006367566
5620     604     0.001642492
5620     610     0.004010739
5620     611    -0.002561275
5620     612     0.017888278
5620     613    -0.006590372
5621    5620     0.004283160
5621    5621     2.263600003
5621     602     0.008284721
5621     603    -0.017088084
5621     604    -0.031536114
5621     610    -0.003100172
5621     611    -0.000626397
5621     612     0.007312502
5621     613    -0.006364955
 602    5620    -0.001362461
 602    5621     0.008284721
 602     602     1.932000002
 602     603     0.008347154
 602     604     0.001789495
 602     610     0.002475421
 602     611     0.000705880
 602     612     0.002388180
 602     613     0.000606439
 603    5620    -0.006367566
 603    5621    -0.017088084
 603     602     0.008347154
 603     603     1.896400000
 603     604     0.000828780
 603     610    -0.002324703
 603     611     0.000250238
 603     612     0.000117933
 603     613    -0.004450975
 604    5620     0.001642492
 604    5621    -0.031536114
 604     602     0.001789495
 604     603     0.000828780
 604     604     2.065300000
 604     610     0.001745360
 604     611     0.000630913
 604     612     0.000181561
 604     613    -0.001227634
 610    5620     0.004010739
 610    5621    -0.003100172
 610     602     0.002475421
 610     603    -0.002324703
 610     604     0.001745360
 610     610     2.020700000
 610     611    -0.006112772
 610     612     0.002286017
 610     613    -0.000424005
 611    5620    -0.002561275
 611    5621    -0.000626397
 611     602     0.000705880
 611     603     0.000250238
 611     604     0.000630913
 611     610    -0.006112772
 611     611     2.024600001
 611     612     0.017005836
 611     613    -0.000740807
 612    5620     0.017888278
 612    5621     0.007312502
 612     602     0.002388180
 612     603     0.000117933
 612     604     0.000181561
 612     610     0.002286017
 612     611     0.017005836
 612     612     2.102800000
 612     613    -0.000010681
 613    5620    -0.006590372
 613    5621    -0.006364955
 613     602     0.000606439
 613     603    -0.004450975
 613     604    -0.001227634
 613     610    -0.000424005
 613     611    -0.000740807
 613     612    -0.000010681
 613     613     2.074000000
