5620    5620     2.235099998
5620    5621     0.003481153
5620     602     0.000112994
5620     603     0.005936866
5620     604    -0.001448417
5620     610    -0.004793880
5620     611     0.002162952
5620     612     0.009750169
5620     613    -0.007666383
5621    5620     0.003481153
5621    5621     2.381800003
5621     602     0.002780074
5621     603     0.017381061
5621     604     0.032283112
5621     610    -0.000760325
5621     611    -0.000300558
5621     612    -0.007279283
5621     613    -0.007239872
 602    5620     0.000112994
 602    5621     0.002780074
 602     602     1.930500002
 602     603     0.011006902
 602     604    -0.001880166
 602     610     0.001315933
 602     611    -0.000113749
 602     612     0.002962998
 602     613     0.001204813
 603    5620     0.005936866
 603    5621     0.017381061
 603     602     0.011006902
 603     603     1.900500000
 603     604    -0.000667670
 603     610    -0.001860863
 603     611     0.000387470
 603     612     0.000038467
 603     613     0.003444858
 604    5620    -0.001448417
 604    5621     0.032283112
 604     602    -0.001880166
 604     603    -0.000667670
 604     604     2.023700000
 604     610    -0.000861274
 604     611     0.000449748
 604     612    -0.001046490
 604     613     0.000836296
 610    5620    -0.004793880
 610    5621    -0.000760325
 610     602     0.001315933
 610     603    -0.001860863
 610     604    -0.000861274
 610     610     1.992500000
 610     611     0.006932831
 610     612    -0.004507588
 610     613     0.000594545
 611    5620     0.002162952
 611    5621    -0.000300558
 611     602    -0.000113749
 611     603     0.000387470
 611     604     0.000449748
 611     610     0.006932831
 611     611     1.893900001
 611     612    -0.022751009
 611     613     0.000818550
 612    5620     0.009750169
 612    5621    -0.007279283
 612     602     0.002962998
 612     603     0.000038467
 612     604    -0.001046490
 612     610    -0.004507588
 612     611    -0.022751009
 612     612     2.019600000
 612     613     0.000212948
 613    5620    -0.007666383
 613    5621    -0.007239872
 613     602     0.001204813
 613     603     0.003444858
 613     604     0.000836296
 613     610     0.000594545
 613     611     0.000818550
 613     612     0.000212948
 613     613     2.040000000
