5620    5620     2.369299998
5620    5621     0.005181553
5620     602     0.000876921
5620     603     0.005214206
5620     604    -0.000720276
5620     610    -0.001370299
5620     611     0.003710093
5620     612     0.018038165
5620     613    -0.004340970
5621    5620     0.005181553
5621    5621     2.321800003
5621     602    -0.001791023
5621     603     0.015683108
5621     604     0.028462531
5621     610    -0.002049682
5621     611    -0.000259976
5621     612    -0.006695876
5621     613     0.006910984
 602    5620     0.000876921
 602    5621    -0.001791023
 602     602     1.985700002
 602     603    -0.004844967
 602     604    -0.001507914
 602     610    -0.001708460
 602     611     0.000511939
 602     612    -0.002435457
 602     613    -0.000778474
 603    5620     0.005214206
 603    5621     0.015683108
 603     602    -0.004844967
 603     603     1.945200000
 603     604     0.000195288
 603     610     0.001730423
 603     611     0.000222188
 603     612     0.000060588
 603     613     0.003667662
 604    5620    -0.000720276
 604    5621     0.028462531
 604     602    -0.001507914
 604     603     0.000195288
 604     604     2.029800000
 604     610    -0.001205307
 604     611    -0.000389016
 604     612    -0.000897369
 604     613    -0.000874917
 610    5620    -0.001370299
 610    5621    -0.002049682
 610     602    -0.001708460
 610     603     0.001730423
 610     604    -0.001205307
 610     610     2.059500000
 610     611    -0.006331211
 610     612     0.004357948
 610     613    -0.000388943
 611    5620     0.003710093
 611    5621    -0.000259976
 611     602     0.000511939
 611     603     0.000222188
 611     604    -0.000389016
 611     610    -0.006331211
 611     611     1.996100001
 611     612     0.018242172
 611     613     0.000627824
 612    5620     0.018038165
 612    5621    -0.006695876
 612     602    -0.002435457
 612     603     0.000060588
 612     604    -0.000897369
 612     610     0.004357948
 612     611     0.018242172
 612     612     2.054500000
 612     613     0.000028752
 613    5620    -0.004340970
 613    5621     0.006910984
 613     602    -0.000778474
 613     603     0.003667662
 613     604    -0.000874917
 613     610    -0.000388943
 613     611     0.000627824
 613     612     0.000028752
 613     613     2.057500000
