5620    5620     2.207799998
5620    5621    -0.005541284
5620     602     0.000355084
5620     603     0.006689078
5620     604    -0.000591500
5620     610     0.005019679
5620     611     0.001210327
5620     612     0.007406340
5620     613     0.008386373
5621    5620    -0.005541284
5621    5621     2.377100003
5621     602     0.003783121
5621     603     0.016924912
5621     604    -0.030315077
5621     610     0.001454052
5621     611     0.000011884
5621     612    -0.007114947
5621     613     0.005653860
 602    5620     0.000355084
 602    5621     0.003783121
 602     602     1.962200002
 602     603    -0.005596822
 602     604     0.001596701
 602     610    -0.001286117
 602     611    -0.000135306
 602     612     0.002559155
 602     613     0.001154237
 603    5620     0.006689078
 603    5621     0.016924912
 603     602    -0.005596822
 603     603     1.893300000
 603     604     0.000110045
 603     610    -0.002223204
 603     611    -0.000485037
 603     612     0.000289576
 603     613     0.003744877
 604    5620    -0.000591500
 604    5621    -0.030315077
 604     602     0.001596701
 604     603     0.000110045
 604     604     2.010600000
 604     610     0.001090524
 604     611    -0.000621049
 604     612     0.000865047
 604     613    -0.000929630
 610    5620     0.005019679
 610    5621     0.001454052
 610     602    -0.001286117
 610     603    -0.002223204
 610     604     0.001090524
 610     610     1.939900000
 610     611    -0.006739626
 610     612     0.003207378
 610     613    -0.000557748
 611    5620     0.001210327
 611    5621     0.000011884
 611     602    -0.000135306
 611     603    -0.000485037
 611     604    -0.000621049
 611     610    -0.006739626
 611     611     1.908400001
 611     612    -0.020386397
 611     613     0.000754570
 612    5620     0.007406340
 612    5621    -0.007114947
 612     602     0.002559155
 612     603     0.000289576
 612     604     0.000865047
 612     610     0.003207378
 612     611    -0.020386397
 612     612     2.024700000
 612     613     0.000248001
 613    5620     0.008386373
 613    5621     0.005653860
 613     602     0.001154237
 613     603     0.003744877
 613     604    -0.000929630
 613     610    -0.000557748
 613     611     0.000754570
 613     612     0.000248001
 613     613     2.075600000
