5620    5620     2.348499998
5620    5621     0.003307870
5620     602     0.001066234
5620     603     0.006596324
5620     604    -0.000866242
5620     610    -0.003321717
5620     611     0.002897014
5620     612     0.022285779
5620     613    -0.007546126
5621    5620     0.003307870
5621    5621     2.490700003
5621     602     0.003111909
5621     603    -0.021962999
5621     604    -0.030432064
5621     610     0.002870718
5621     611     0.000481982
5621     612     0.006710461
5621     613    -0.005632514
 602    5620     0.001066234
 602    5621     0.003111909
 602     602     1.936000002
 602     603    -0.014684163
 602     604     0.002030856
 602     610     0.002597726
 602     611    -0.000693146
 602     612    -0.002876700
 602     613    -0.000696506
 603    5620     0.006596324
 603    5621    -0.021962999
 603     602    -0.014684163
 603     603     1.828900000
 603     604     0.001539015
 603     610     0.002721287
 603     611    -0.000310661
 603     612     0.000506872
 603     613     0.004293147
 604    5620    -0.000866242
 604    5621    -0.030432064
 604     602     0.002030856
 604     603     0.001539015
 604     604     1.962400000
 604     610     0.002270939
 604     611     0.000723054
 604     612    -0.000480715
 604     613    -0.001213215
 610    5620    -0.003321717
 610    5621     0.002870718
 610     602     0.002597726
 610     603     0.002721287
 610     604     0.002270939
 610     610     1.967900000
 610     611    -0.008349854
 610     612    -0.009001878
 610     613    -0.000587589
 611    5620     0.002897014
 611    5621     0.000481982
 611     602    -0.000693146
 611     603    -0.000310661
 611     604     0.000723054
 611     610    -0.008349854
 611     611     2.023200001
 611     612    -0.018616204
 611     613    -0.000834501
 612    5620     0.022285779
 612    5621     0.006710461
 612     602    -0.002876700
 612     603     0.000506872
 612     604    -0.000480715
 612     610    -0.009001878
 612     611    -0.018616204
 612     612     2.034000000
 612     613     0.000069473
 613    5620    -0.007546126
 613    5621    -0.005632514
 613     602    -0.000696506
 613     603     0.004293147
 613     604    -0.001213215
 613     610    -0.000587589
 613     611    -0.000834501
 613     612     0.000069473
 613     613     1.932300000
