5620    5620     2.234999998
5620    5621     0.006355401
5620     602    -0.000970301
5620     603     0.006355317
5620     604    -0.002489489
5620     610    -0.001638815
5620     611     0.003443492
5620     612     0.020532159
5620     613    -0.006197687
5621    5620     0.006355401
5621    5621     2.454100003
5621     602     0.002878081
5621     603     0.027301110
5621     604    -0.027996891
5621     610     0.003745218
5621     611     0.000070516
5621     612     0.007082471
5621     613    -0.007586598
 602    5620    -0.000970301
 602    5621     0.002878081
 602     602     1.970300002
 602     603     0.008233657
 602     604     0.001532430
 602     610     0.002110775
 602     611    -0.000024404
 602     612     0.002852760
 602     613    -0.000983834
 603    5620     0.006355317
 603    5621     0.027301110
 603     602     0.008233657
 603     603     1.932600000
 603     604    -0.000891050
 603     610    -0.002284015
 603     611     0.000153496
 603     612     0.000380414
 603     613    -0.004533082
 604    5620    -0.002489489
 604    5621    -0.027996891
 604     602     0.001532430
 604     603    -0.000891050
 604     604     2.074800000
 604     610    -0.001712323
 604     611    -0.000662731
 604     612    -0.000409931
 604     613    -0.001109436
 610    5620    -0.001638815
 610    5621     0.003745218
 610     602     0.002110775
 610     603    -0.002284015
 610     604    -0.001712323
 610     610     2.010200000
 610     611     0.006181094
 610     612    -0.006181665
 610     613    -0.000322598
 611    5620     0.003443492
 611    5621     0.000070516
 611     602    -0.000024404
 611     603     0.000153496
 611     604    -0.000662731
 611     610     0.006181094
 611     611     2.056400001
 611     612     0.020350222
 611     613    -0.000603446
 612    5620     0.020532159
 612    5621     0.007082471
 612     602     0.002852760
 612     603     0.000380414
 612     604    -0.000409931
 612     610    -0.006181665
 612     611     0.020350222
 612     612     2.006700000
 612     613    -0.000078521
 613    5620    -0.006197687
 613    5621    -0.007586598
 613     602    -0.000983834
 613     603    -0.004533082
 613     604    -0.001109436
 613     610    -0.000322598
 613     611    -0.000603446
 613     612    -0.000078521
 613     613     1.999800000
