5620    5620     2.113899998
5620    5621    -0.003764568
5620     602     0.000989060
5620     603    -0.006120218
5620     604    -0.000168872
5620     610    -0.005963543
5620     611    -0.002361886
5620     612    -0.004734970
5620     613    -0.008655251
5621    5620    -0.003764568
5621    5621     2.373400003
5621     602     0.004284208
5621     603    -0.012989913
5621     604    -0.027640126
5621     610     0.001241387
5621     611     0.000271435
5621     612     0.006155006
5621     613    -0.007555553
 602    5620     0.000989060
 602    5621     0.004284208
 602     602     1.948600002
 602     603     0.004034104
 602     604     0.001366442
 602     610     0.001815072
 602     611    -0.000564909
 602     612    -0.002722625
 602     613     0.000740387
 603    5620    -0.006120218
 603    5621    -0.012989913
 603     602     0.004034104
 603     603     1.946300000
 603     604    -0.000221609
 603     610     0.001883838
 603     611    -0.000302743
 603     612    -0.000376526
 603     613    -0.003861454
 604    5620    -0.000168872
 604    5621    -0.027640126
 604     602     0.001366442
 604     603    -0.000221609
 604     604     2.081800000
 604     610     0.000885540
 604     611    -0.000530567
 604     612    -0.000086384
 604     613     0.001050058
 610    5620    -0.005963543
 610    5621     0.001241387
 610     602     0.001815072
 610     603     0.001883838
 610     604     0.000885540
 610     610     2.063900000
 610     611     0.006410076
 610     612    -0.003516575
 610     613     0.000619044
 611    5620    -0.002361886
 611    5621     0.000271435
 611     602    -0.000564909
 611     603    -0.000302743
 611     604    -0.000530567
 611     610     0.006410076
 611     611     2.072400001
 611     612     0.020758096
 611     613    -0.000807361
 612    5620    -0.004734970
 612    5621     0.006155006
 612     602    -0.002722625
 612     603    -0.000376526
 612     604    -0.000086384
 612     610    -0.003516575
 612     611     0.020758096
 612     612     1.995800000
 612     613     0.000439695
 613    5620    -0.008655251
 613    5621    -0.007555553
 613     602     0.000740387
 613     603    -0.003861454
 613     604     0.001050058
 613     610     0.000619044
 613     611    -0.000807361
 613     612     0.000439695
 613     613     1.895400000
