5620    5620     2.335399998
5620    5621     0.006144150
5620     602     0.000899852
5620     603    -0.005471042
5620     604    -0.001061094
5620     610    -0.011089986
5620     611     0.002689289
5620     612    -0.023769333
5620     613    -0.008649698
5621    5620     0.006144150
5621    5621     2.196500003
5621     602    -0.002102671
5621     603    -0.030361777
5621     604    -0.037895797
5621     610     0.001115264
5621     611    -0.000428973
5621     612     0.007249969
5621     613    -0.006847811
 602    5620     0.000899852
 602    5621    -0.002102671
 602     602     1.928400002
 602     603    -0.011287210
 602     604     0.001893598
 602     610     0.001294328
 602     611     0.000255630
 602     612     0.002542503
 602     613     0.000636509
 603    5620    -0.005471042
 603    5621    -0.030361777
 603     602    -0.011287210
 603     603     1.878300000
 603     604    -0.001326426
 603     610     0.002139566
 603     611    -0.000407743
 603     612     0.000318056
 603     613    -0.003117898
 604    5620    -0.001061094
 604    5621    -0.037895797
 604     602     0.001893598
 604     603    -0.001326426
 604     604     2.070000000
 604     610    -0.000594504
 604     611     0.000501057
 604     612     0.000551225
 604     613     0.000800075
 610    5620    -0.011089986
 610    5621     0.001115264
 610     602     0.001294328
 610     603     0.002139566
 610     604    -0.000594504
 610     610     1.938700000
 610     611     0.007991154
 610     612     0.005972194
 610     613    -0.000802914
 611    5620     0.002689289
 611    5621    -0.000428973
 611     602     0.000255630
 611     603    -0.000407743
 611     604     0.000501057
 611     610     0.007991154
 611     611     2.004500001
 611     612    -0.017997707
 611     613    -0.000832777
 612    5620    -0.023769333
 612    5621     0.007249969
 612     602     0.002542503
 612     603     0.000318056
 612     604     0.000551225
 612     610     0.005972194
 612     611    -0.017997707
 612     612     2.103900000
 612     613     0.000152242
 613    5620    -0.008649698
 613    5621    -0.006847811
 613     602     0.000636509
 613     603    -0.003117898
 613     604     0.000800075
 613     610    -0.000802914
 613     611    -0.000832777
 613     612     0.000152242
 613     613     2.000500000
