5620    5620     2.484899998
5620    5621    -0.005221564
5620     602    -0.001156930
5620     603     0.005544546
5620     604    -0.001461197
5620     610    -0.002618280
5620     611    -0.001855534
5620     612     0.004177782
5620     613    -0.002056898
5621    5620    -0.005221564
5621    5621     2.342000003
5621     602     0.000157818
5621     603    -0.022601922
5621     604     0.024651700
5621     610     0.002410326
5621     611    -0.000043919
5621     612     0.007274587
5621     613    -0.009155176
 602    5620    -0.001156930
 602    5621     0.000157818
 602     602     2.021200002
 602     603     0.005454061
 602     604    -0.001246294
 602     610    -0.001750276
 602     611     0.000221247
 602     612     0.002515934
 602     613    -0.000910643
 603    5620     0.005544546
 603    5621    -0.022601922
 603     602     0.005454061
 603     603     1.940100000
 603     604     0.000381574
 603     610     0.002130414
 603     611    -0.000378342
 603     612    -0.000388510
 603     613    -0.004777159
 604    5620    -0.001461197
 604    5621     0.024651700
 604     602    -0.001246294
 604     603     0.000381574
 604     604     2.089600000
 604     610     0.001474396
 604     611     0.000511247
 604     612     0.000147163
 604     613    -0.001114728
 610    5620    -0.002618280
 610    5621     0.002410326
 610     602    -0.001750276
 610     603     0.002130414
 610     604     0.001474396
 610     610     2.029000000
 610     611    -0.006222907
 610     612    -0.003499677
 610     613    -0.000152278
 611    5620    -0.001855534
 611    5621    -0.000043919
 611     602     0.000221247
 611     603    -0.000378342
 611     604     0.000511247
 611     610    -0.006222907
 611     611     2.062200001
 611     612    -0.019008768
 611     613     0.000566395
 612    5620     0.004177782
 612    5621     0.007274587
 612     602     0.002515934
 612     603    -0.000388510
 612     604     0.000147163
 612     610    -0.003499677
 612     611    -0.019008768
 612     612     2.060700000
 612     613     0.000172205
 613    5620    -0.002056898
 613    5621    -0.009155176
 613     602    -0.000910643
 613     603    -0.004777159
 613     604    -0.001114728
 613     610    -0.000152278
 613     611     0.000566395
 613     612     0.000172205
 613     613     2.002500000
