5620    5620     2.399899998
5620    5621     0.002428411
5620     602    -0.000277277
5620     603     0.005966574
5620     604     0.001208465
5620     610     0.001074036
5620     611     0.001843718
5620     612    -0.001775702
5620     613    -0.004427571
5621    5620     0.002428411
5621    5621     2.365200003
5621     602    -0.000524931
5621     603    -0.017732832
5621     604     0.027889285
5621     610    -0.001742454
5621     611    -0.000383009
5621     612     0.007108145
5621     613     0.008051153
 602    5620    -0.000277277
 602    5621    -0.000524931
 602     602     1.900800002
 602     603     0.007767006
 602     604     0.001733701
 602     610    -0.002000432
 602     611    -0.000770155
 602     612    -0.003104794
 602     613    -0.001450229
 603    5620     0.005966574
 603    5621    -0.017732832
 603     602     0.007767006
 603     603     1.881400000
 603     604    -0.000407986
 603     610    -0.001966365
 603     611     0.000184549
 603     612     0.000224552
 603     613     0.004866570
 604    5620     0.001208465
 604    5621     0.027889285
 604     602     0.001733701
 604     603    -0.000407986
 604     604     2.006300000
 604     610     0.000745589
 604     611     0.000765915
 604     612     0.000720363
 604     613    -0.001474646
 610    5620     0.001074036
 610    5621    -0.001742454
 610     602    -0.002000432
 610     603    -0.001966365
 610     604     0.000745589
 610     610     2.040800000
 610     611    -0.006919806
 610     612     0.004526534
 610     613     0.000473160
 611    5620     0.001843718
 611    5621    -0.000383009
 611     602    -0.000770155
 611     603     0.000184549
 611     604     0.000765915
 611     610    -0.006919806
 611     611     2.043800001
 611     612     0.017023989
 611     613    -0.000735956
 612    5620    -0.001775702
 612    5621     0.007108145
 612     602    -0.003104794
 612     603     0.000224552
 612     604     0.000720363
 612     610     0.004526534
 612     611     0.017023989
 612     612     2.081100000
 612     613     0.000291657
 613    5620    -0.004427571
 613    5621     0.008051153
 613     602    -0.001450229
 613     603     0.004866570
 613     604    -0.001474646
 613     610     0.000473160
 613     611    -0.000735956
 613     612     0.000291657
 613     613     2.040100000
