5620    5620     2.224199998
5620    5621    -0.004388065
5620     602    -0.001142782
5620     603    -0.005604263
5620     604    -0.003450801
5620     610    -0.002567037
5620     611    -0.000395699
5620     612    -0.012282959
5620     613     0.007536797
5621    5620    -0.004388065
5621    5621     2.191200003
5621     602    -0.003065937
5621     603    -0.019562224
5621     604     0.031110382
5621     610    -0.002216669
5621     611    -0.000433714
5621     612     0.006839277
5621     613    -0.008038633
 602    5620    -0.001142782
 602    5621    -0.003065937
 602     602     1.990600002
 602     603     0.006235911
 602     604     0.001579270
 602     610     0.001769409
 602     611     0.000343581
 602     612    -0.002519329
 602     613    -0.000547739
 603    5620    -0.005604263
 603    5621    -0.019562224
 603     602     0.006235911
 603     603     1.986100000
 603     604     0.000069654
 603     610    -0.001933906
 603     611     0.000530236
 603     612     0.000141207
 603     613     0.003389223
 604    5620    -0.003450801
 604    5621     0.031110382
 604     602     0.001579270
 604     603     0.000069654
 604     604     2.049800000
 604     610    -0.000490486
 604     611     0.001025080
 604     612     0.001172373
 604     613     0.001339742
 610    5620    -0.002567037
 610    5621    -0.002216669
 610     602     0.001769409
 610     603    -0.001933906
 610     604    -0.000490486
 610     610     2.049800000
 610     611    -0.006050731
 610     612     0.009595087
 610     613    -0.000560769
 611    5620    -0.000395699
 611    5621    -0.000433714
 611     602     0.000343581
 611     603     0.000530236
 611     604     0.001025080
 611     610    -0.006050731
 611     611     2.085800001
 611     612    -0.017388204
 611     613     0.000941662
 612    5620    -0.012282959
 612    5621     0.006839277
 612     602    -0.002519329
 612     603     0.000141207
 612     604     0.001172373
 612     610     0.009595087
 612     611    -0.017388204
 612     612     2.075700000
 612     613     0.000029638
 613    5620     0.007536797
 613    5621    -0.008038633
 613     602    -0.000547739
 613     603     0.003389223
 613     604     0.001339742
 613     610    -0.000560769
 613     611     0.000941662
 613     612     0.000029638
 613     613     1.968700000
