5620    5620     2.330599998
5620    5621    -0.005771205
5620     602     0.001660530
5620     603    -0.006127699
5620     604    -0.001532765
5620     610     0.005587429
5620     611     0.001075185
5620     612    -0.016918054
5620     613    -0.006607777
5621    5620    -0.005771205
5621    5621     2.393200003
5621     602     0.001449841
5621     603    -0.024277497
5621     604    -0.028347894
5621     610     0.002589078
5621     611    -0.000023870
5621     612    -0.006879581
5621     613    -0.009142219
 602    5620     0.001660530
 602    5621     0.001449841
 602     602     1.894400002
 602     603    -0.005687506
 602     604    -0.001419701
 602     610     0.002071645
 602     611    -0.000480809
 602     612     0.002524221
 602     613     0.000433230
 603    5620    -0.006127699
 603    5621    -0.024277497
 603     602    -0.005687506
 603     603     1.931900000
 603     604    -0.001150106
 603     610     0.002180682
 603     611    -0.000402136
 603     612    -0.000271986
 603     613     0.004573609
 604    5620    -0.001532765
 604    5621    -0.028347894
 604     602    -0.001419701
 604     603    -0.001150106
 604     604     2.015000000
 604     610    -0.001500819
 604     611     0.000642611
 604     612     0.000123729
 604     613     0.001212907
 610    5620     0.005587429
 610    5621     0.002589078
 610     602     0.002071645
 610     603     0.002180682
 610     604    -0.001500819
 610     610     2.038500000
 610     611    -0.006216288
 610     612    -0.006435150
 610     613    -0.000521628
 611    5620     0.001075185
 611    5621    -0.000023870
 611     602    -0.000480809
 611     603    -0.000402136
 611     604     0.000642611
 611     610    -0.006216288
 611     611     2.083400001
 611     612     0.017536756
 611     613    -0.000924732
 612    5620    -0.016918054
 612    5621    -0.006879581
 612     602     0.002524221
 612     603    -0.000271986
 612     604     0.000123729
 612     610    -0.006435150
 612     611     0.017536756
 612     612     2.084800000
 612     613    -0.000128717
 613    5620    -0.006607777
 613    5621    -0.009142219
 613     602     0.000433230
 613     603     0.004573609
 613     604     0.001212907
 613     610    -0.000521628
 613     611    -0.000924732
 613     612    -0.000128717
 613     613     1.935900000
