5620    5620     2.241199998
5620    5621    -0.008220767
5620     602    -0.000458794
5620     603     0.007186416
5620     604    -0.001119221
5620     610    -0.008257206
5620     611     0.002811263
5620     612     0.014186470
5620     613     0.006681546
5621    5620    -0.008220767
5621    5621     2.146300003
5621     602    -0.001871041
5621     603     0.021271344
5621     604     0.039988221
5621     610    -0.001950385
5621     611    -0.000197339
5621     612     0.007820288
5621     613    -0.006666836
 602    5620    -0.000458794
 602    5621    -0.001871041
 602     602     1.989800002
 602     603     0.007285054
 602     604     0.001665114
 602     610    -0.001596548
 602     611    -0.000208086
 602     612    -0.002539888
 602     613     0.000829944
 603    5620     0.007186416
 603    5621     0.021271344
 603     602     0.007285054
 603     603     1.845400000
 603     604     0.000309916
 603     610     0.002416583
 603     611     0.000461032
 603     612     0.000173849
 603     613    -0.003997142
 604    5620    -0.001119221
 604    5621     0.039988221
 604     602     0.001665114
 604     603     0.000309916
 604     604     2.025700000
 604     610    -0.001150142
 604     611     0.000637698
 604     612    -0.000574410
 604     613     0.001005762
 610    5620    -0.008257206
 610    5621    -0.001950385
 610     602    -0.001596548
 610     603     0.002416583
 610     604    -0.001150142
 610     610     2.067200000
 610     611    -0.006781861
 610     612    -0.004979779
 610     613     0.000450604
 611    5620     0.002811263
 611    5621    -0.000197339
 611     602    -0.000208086
 611     603     0.000461032
 611     604     0.000637698
 611     610    -0.006781861
 611     611     2.039400001
 611     612     0.019157302
 611     613     0.000614485
 612    5620     0.014186470
 612    5621     0.007820288
 612     602    -0.002539888
 612     603     0.000173849
 612     604    -0.000574410
 612     610    -0.004979779
 612     611     0.019157302
 612     612     1.987500000
 612     613     0.000100613
 613    5620     0.006681546
 613    5621    -0.006666836
 613     602     0.000829944
 613     603    -0.003997142
 613     604     0.001005762
 613     610     0.000450604
 613     611     0.000614485
 613     612     0.000100613
 613     613     2.056200000
