5620    5620     2.356099998
5620    5621     0.003381408
5620     602     0.001819821
5620     603    -0.006186974
5620     604     0.003048559
5620     610    -0.000059385
5620     611     0.000838241
5620     612    -0.004566872
5620     613    -0.006940550
5621    5620     0.003381408
5621    5621     2.331900003
5621     602    -0.004808598
5621     603    -0.014613927
5621     604     0.030323187
5621     610    -0.000371503
5621     611    -0.000546895
5621     612     0.007864671
5621     613    -0.006649746
 602    5620     0.001819821
 602    5621    -0.004808598
 602     602     1.851200002
 602     603    -0.004724782
 602     604     0.001605688
 602     610     0.001998320
 602     611     0.001251830
 602     612    -0.002859874
 602     613    -0.000043271
 603    5620    -0.006186974
 603    5621    -0.014613927
 603     602    -0.004724782
 603     603     1.897800000
 603     604     0.000208680
 603     610    -0.002271487
 603     611     0.000483018
 603     612    -0.000239368
 603     613    -0.003969343
 604    5620     0.003048559
 604    5621     0.030323187
 604     602     0.001605688
 604     603     0.000208680
 604     604     1.960000000
 604     610     0.001308346
 604     611     0.000290020
 604     612     0.001649827
 604     613    -0.000682430
 610    5620    -0.000059385
 610    5621    -0.000371503
 610     602     0.001998320
 610     603    -0.002271487
 610     604     0.001308346
 610     610     2.000600000
 610     611     0.007670032
 610     612    -0.008650820
 610     613    -0.000789724
 611    5620     0.000838241
 611    5621    -0.000546895
 611     602     0.001251830
 611     603     0.000483018
 611     604     0.000290020
 611     610     0.007670032
 611     611     2.042900001
 611     612     0.018386156
 611     613     0.000861554
 612    5620    -0.004566872
 612    5621     0.007864671
 612     602    -0.002859874
 612     603    -0.000239368
 612     604     0.001649827
 612     610    -0.008650820
 612     611     0.018386156
 612     612     2.099500000
 612     613    -0.000206687
 613    5620    -0.006940550
 613    5621    -0.006649746
 613     602    -0.000043271
 613     603    -0.003969343
 613     604    -0.000682430
 613     610    -0.000789724
 613     611     0.000861554
 613     612    -0.000206687
 613     613     2.063000000
