5620    5620     2.447199998
5620    5621    -0.003434222
5620     602    -0.000188958
5620     603     0.005707724
5620     604     0.003704245
5620     610    -0.004424666
5620     611     0.001420641
5620     612    -0.013652627
5620     613     0.003047655
5621    5620    -0.003434222
5621    5621     2.647400003
5621     602     0.000617894
5621     603     0.016558340
5621     604    -0.025893732
5621     610    -0.001324704
5621     611    -0.000407817
5621     612    -0.007065194
5621     613     0.007507540
 602    5620    -0.000188958
 602    5621     0.000617894
 602     602     1.964100002
 602     603     0.009267369
 602     604    -0.001397500
 602     610     0.001671174
 602     611     0.000098398
 602     612     0.002740081
 602     613    -0.001452888
 603    5620     0.005707724
 603    5621     0.016558340
 603     602     0.009267369
 603     603     1.856900000
 603     604     0.000920714
 603     610    -0.002132224
 603     611     0.000400512
 603     612    -0.000090494
 603     613    -0.004715577
 604    5620     0.003704245
 604    5621    -0.025893732
 604     602    -0.001397500
 604     603     0.000920714
 604     604     2.066700000
 604     610    -0.000649286
 604     611     0.000895481
 604     612    -0.000957593
 604     613    -0.001664311
 610    5620    -0.004424666
 610    5621    -0.001324704
 610     602     0.001671174
 610     603    -0.002132224
 610     604    -0.000649286
 610     610     2.007000000
 610     611     0.006155168
 610     612     0.005925061
 610     613     0.000304648
 611    5620     0.001420641
 611    5621    -0.000407817
 611     602     0.000098398
 611     603     0.000400512
 611     604     0.000895481
 611     610     0.006155168
 611     611     1.990300001
 611     612     0.020894513
 611     613     0.000932445
 612    5620    -0.013652627
 612    5621    -0.007065194
 612     602     0.002740081
 612     603    -0.000090494
 612     604    -0.000957593
 612     610     0.005925061
 612     611     0.020894513
 612     612     1.995600000
 612     613     0.000017950
 613    5620     0.003047655
 613    5621     0.007507540
 613     602    -0.001452888
 613     603    -0.004715577
 613     604    -0.001664311
 613     610     0.000304648
 613     611     0.000932445
 613     612     0.000017950
 613     613     1.979100000
