5620    5620     2.403899998
5620    5621    -0.003539235
5620     602    -0.001116996
5620     603     0.006542117
5620     604    -0.002634751
5620     610     0.004087399
5620     611    -0.001120391
5620     612     0.016358320
5620     613     0.003780189
5621    5620    -0.003539235
5621    5621     2.588500003
5621     602    -0.003974750
5621     603     0.013366640
5621     604     0.026120772
5621     610    -0.001158003
5621     611    -0.000078106
5621     612    -0.006554422
5621     613     0.007502611
 602    5620    -0.001116996
 602    5621    -0.003974750
 602     602     1.966200002
 602     603     0.007995218
 602     604     0.001400330
 602     610    -0.001727427
 602     611     0.000603920
 602     612    -0.002773808
 602     613    -0.001002485
 603    5620     0.006542117
 603    5621     0.013366640
 603     602     0.007995218
 603     603     1.836800000
 603     604     0.000689525
 603     610    -0.002034085
 603     611     0.000280832
 603     612    -0.000248590
 603     613    -0.005325200
 604    5620    -0.002634751
 604    5621     0.026120772
 604     602     0.001400330
 604     603     0.000689525
 604     604     2.027100000
 604     610     0.001007493
 604     611    -0.000203428
 604     612     0.001590059
 604     613    -0.000893232
 610    5620     0.004087399
 610    5621    -0.001158003
 610     602    -0.001727427
 610     603    -0.002034085
 610     604     0.001007493
 610     610     1.990500000
 610     611     0.006853243
 610     612    -0.008170917
 610     613     0.000470403
 611    5620    -0.001120391
 611    5621    -0.000078106
 611     602     0.000603920
 611     603     0.000280832
 611     604    -0.000203428
 611     610     0.006853243
 611     611     2.053900001
 611     612    -0.018899315
 611     613     0.000807572
 612    5620     0.016358320
 612    5621    -0.006554422
 612     602    -0.002773808
 612     603    -0.000248590
 612     604     0.001590059
 612     610    -0.008170917
 612     611    -0.018899315
 612     612     2.034700000
 612     613    -0.000071374
 613    5620     0.003780189
 613    5621     0.007502611
 613     602    -0.001002485
 613     603    -0.005325200
 613     604    -0.000893232
 613     610     0.000470403
 613     611     0.000807572
 613     612    -0.000071374
 613     613     1.975300000
