5620    5620     2.115199998
5620    5621    -0.006565534
5620     602     0.000758348
5620     603     0.006502437
5620     604     0.002129589
5620     610    -0.004810838
5620     611     0.002306302
5620     612     0.013196304
5620     613    -0.008170791
5621    5620    -0.006565534
5621    5621     2.332300003
5621     602    -0.002227872
5621     603     0.024045118
5621     604    -0.031150771
5621     610    -0.000719881
5621     611    -0.000183935
5621     612    -0.007195615
5621     613    -0.007601193
 602    5620     0.000758348
 602    5621    -0.002227872
 602     602     1.981800002
 602     603     0.011637905
 602     604     0.001807643
 602     610     0.001278043
 602     611     0.000200265
 602     612     0.002650887
 602     613    -0.000967038
 603    5620     0.006502437
 603    5621     0.024045118
 603     602     0.011637905
 603     603     1.851100000
 603     604    -0.001174379
 603     610     0.002283157
 603     611    -0.000278782
 603     612    -0.000235453
 603     613     0.003996255
 604    5620     0.002129589
 604    5621    -0.031150771
 604     602     0.001807643
 604     603    -0.001174379
 604     604     2.022800000
 604     610    -0.000398046
 604     611     0.000777631
 604     612    -0.000515558
 604     613    -0.001311204
 610    5620    -0.004810838
 610    5621    -0.000719881
 610     602     0.001278043
 610     603     0.002283157
 610     604    -0.000398046
 610     610     2.054200000
 610     611     0.006700666
 610     612    -0.010381259
 610     613    -0.000682325
 611    5620     0.002306302
 611    5621    -0.000183935
 611     602     0.000200265
 611     603    -0.000278782
 611     604     0.000777631
 611     610     0.006700666
 611     611     1.999900001
 611     612     0.020647180
 611     613    -0.000741984
 612    5620     0.013196304
 612    5621    -0.007195615
 612     602     0.002650887
 612     603    -0.000235453
 612     604    -0.000515558
 612     610    -0.010381259
 612     611     0.020647180
 612     612     1.977000000
 612     613     0.000199544
 613    5620    -0.008170791
 613    5621    -0.007601193
 613     602    -0.000967038
 613     603     0.003996255
 613     604    -0.001311204
 613     610    -0.000682325
 613     611    -0.000741984
 613     612     0.000199544
 613     613     1.986300000
