5620    5620     2.355899998
5620    5621    -0.004180102
5620     602     0.001054984
5620     603     0.005101487
5620     604     0.002474174
5620     610    -0.008539646
5620     611     0.002077895
5620     612    -0.021319827
5620     613    -0.004661868
5621    5620    -0.004180102
5621    5621     2.471300003
5621     602     0.001849449
5621     603    -0.020816266
5621     604    -0.028267848
5621     610     0.000141064
5621     611     0.000188069
5621     612    -0.007354662
5621     613    -0.008193196
 602    5620     0.001054984
 602    5621     0.001849449
 602     602     1.980800002
 602     603     0.010435437
 602     604    -0.001435818
 602     610    -0.001457832
 602     611     0.000784881
 602     612     0.002737694
 602     613     0.000567460
 603    5620     0.005101487
 603    5621    -0.020816266
 603     602     0.010435437
 603     603     1.928700000
 603     604     0.001405638
 603     610     0.001565359
 603     611    -0.000337971
 603     612    -0.000447886
 603     613    -0.003890388
 604    5620     0.002474174
 604    5621    -0.028267848
 604     602    -0.001435818
 604     603     0.001405638
 604     604     2.039500000
 604     610    -0.000284985
 604     611     0.000605647
 604     612     0.000127459
 604     613     0.001236790
 610    5620    -0.008539646
 610    5621     0.000141064
 610     602    -0.001457832
 610     603     0.001565359
 610     604    -0.000284985
 610     610     2.113900000
 610     611    -0.004842075
 610     612    -0.007995850
 610     613    -0.000559806
 611    5620     0.002077895
 611    5621     0.000188069
 611     602     0.000784881
 611     603    -0.000337971
 611     604     0.000605647
 611     610    -0.004842075
 611     611     2.099500001
 611     612     0.017969706
 611     613    -0.000793958
 612    5620    -0.021319827
 612    5621    -0.007354662
 612     602     0.002737694
 612     603    -0.000447886
 612     604     0.000127459
 612     610    -0.007995850
 612     611     0.017969706
 612     612     2.118000000
 612     613    -0.000227726
 613    5620    -0.004661868
 613    5621    -0.008193196
 613     602     0.000567460
 613     603    -0.003890388
 613     604     0.001236790
 613     610    -0.000559806
 613     611    -0.000793958
 613     612    -0.000227726
 613     613     1.981700000
