5620    5620     2.376599998
5620    5621     0.005269821
5620     602     0.000048838
5620     603    -0.006653695
5620     604    -0.000994150
5620     610    -0.000753503
5620     611     0.002673434
5620     612     0.005711139
5620     613    -0.005218666
5621    5620     0.005269821
5621    5621     2.273200003
5621     602    -0.003646428
5621     603     0.023618780
5621     604     0.026481364
5621     610     0.002991218
5621     611    -0.000845441
5621     612     0.007246774
5621     613    -0.008057187
 602    5620     0.000048838
 602    5621    -0.003646428
 602     602     2.024200002
 602     603     0.006086240
 602     604     0.001319684
 602     610     0.001785502
 602     611     0.000030879
 602     612     0.002463940
 602     613    -0.001299757
 603    5620    -0.006653695
 603    5621     0.023618780
 603     602     0.006086240
 603     603     1.899100000
 603     604     0.001133816
 603     610     0.002305791
 603     611     0.000106481
 603     612    -0.000053355
 603     613    -0.005094237
 604    5620    -0.000994150
 604    5621     0.026481364
 604     602     0.001319684
 604     603     0.001133816
 604     604     2.030600000
 604     610    -0.002319834
 604     611     0.000262906
 604     612    -0.001170692
 604     613    -0.000907300
 610    5620    -0.000753503
 610    5621     0.002991218
 610     602     0.001785502
 610     603     0.002305791
 610     604    -0.002319834
 610     610     2.027800000
 610     611     0.006484417
 610     612     0.006256977
 610     613     0.000370418
 611    5620     0.002673434
 611    5621    -0.000845441
 611     602     0.000030879
 611     603     0.000106481
 611     604     0.000262906
 611     610     0.006484417
 611     611     2.076900001
 611     612     0.017941151
 611     613    -0.000509483
 612    5620     0.005711139
 612    5621     0.007246774
 612     602     0.002463940
 612     603    -0.000053355
 612     604    -0.001170692
 612     610     0.006256977
 612     611     0.017941151
 612     612     2.052500000
 612     613     0.000041686
 613    5620    -0.005218666
 613    5621    -0.008057187
 613     602    -0.001299757
 613     603    -0.005094237
 613     604    -0.000907300
 613     610     0.000370418
 613     611    -0.000509483
 613     612     0.000041686
 613     613     1.989900000
