5620    5620     2.145299998
5620    5621    -0.005083943
5620     602     0.001693440
5620     603    -0.006465533
5620     604     0.000588795
5620     610     0.001080379
5620     611    -0.004361614
5620     612     0.011053778
5620     613     0.007219536
5621    5620    -0.005083943
5621    5621     2.158900003
5621     602     0.003635520
5621     603    -0.020395553
5621     604     0.032277636
5621     610     0.002811900
5621     611     0.000711035
5621     612     0.007045845
5621     613    -0.006818657
 602    5620     0.001693440
 602    5621     0.003635520
 602     602     1.996800002
 602     603     0.006026934
 602     604     0.001422454
 602     610    -0.001935593
 602     611    -0.000077074
 602     612    -0.002335093
 602     613     0.000474777
 603    5620    -0.006465533
 603    5621    -0.020395553
 603     602     0.006026934
 603     603     1.908500000
 603     604    -0.000164225
 603     610     0.001954393
 603     611    -0.000285586
 603     612    -0.000107603
 603     613    -0.004202403
 604    5620     0.000588795
 604    5621     0.032277636
 604     602     0.001422454
 604     603    -0.000164225
 604     604     2.050400000
 604     610     0.001200400
 604     611    -0.000623104
 604     612    -0.000289880
 604     613    -0.001112450
 610    5620     0.001080379
 610    5621     0.002811900
 610     602    -0.001935593
 610     603     0.001954393
 610     604     0.001200400
 610     610     2.078200000
 610     611     0.006738185
 610     612     0.006183804
 610     613     0.000342145
 611    5620    -0.004361614
 611    5621     0.000711035
 611     602    -0.000077074
 611     603    -0.000285586
 611     604    -0.000623104
 611     610     0.006738185
 611     611     2.000400001
 611     612    -0.020539594
 611     613     0.000613520
 612    5620     0.011053778
 612    5621     0.007045845
 612     602    -0.002335093
 612     603    -0.000107603
 612     604    -0.000289880
 612     610     0.006183804
 612     611    -0.020539594
 612     612     2.110300000
 612     613     0.000276815
 613    5620     0.007219536
 613    5621    -0.006818657
 613     602     0.000474777
 613     603    -0.004202403
 613     604    -0.001112450
 613     610     0.000342145
 613     611     0.000613520
 613     612     0.000276815
 613     613     2.030900000
