5620    5620     2.485899998
5620    5621     0.007558783
5620     602     0.001755711
5620     603     0.006531839
5620     604     0.001079640
5620     610     0.002514451
5620     611     0.001005384
5620     612    -0.005104164
5620     613    -0.004642150
5621    5620     0.007558783
5621    5621     2.378600003
5621     602     0.000435664
5621     603    -0.027533244
5621     604     0.030113535
5621     610    -0.003237148
5621     611     0.000190820
5621     612    -0.006458033
5621     613     0.010214718
 602    5620     0.001755711
 602    5621     0.000435664
 602     602     1.984400002
 602     603     0.004218376
 602     604    -0.001182481
 602     610    -0.002494729
 602     611     0.000573474
 602     612    -0.002217177
 602     613     0.000152569
 603    5620     0.006531839
 603    5621    -0.027533244
 603     602     0.004218376
 603     603     1.911900000
 603     604    -0.000292577
 603     610    -0.002606404
 603     611    -0.000513481
 603     612     0.000188761
 603     613    -0.005140596
 604    5620     0.001079640
 604    5621     0.030113535
 604     602    -0.001182481
 604     603    -0.000292577
 604     604     2.088600000
 604     610     0.001820657
 604     611     0.000617001
 604     612    -0.000109411
 604     613     0.001106554
 610    5620     0.002514451
 610    5621    -0.003237148
 610     602    -0.002494729
 610     603    -0.002606404
 610     604     0.001820657
 610     610     1.949300000
 610     611     0.007007835
 610     612     0.007677067
 610     613    -0.000429807
 611    5620     0.001005384
 611    5621     0.000190820
 611     602     0.000573474
 611     603    -0.000513481
 611     604     0.000617001
 611     610     0.007007835
 611     611     2.023500001
 611     612     0.017566281
 611     613     0.000799732
 612    5620    -0.005104164
 612    5621    -0.006458033
 612     602    -0.002217177
 612     603     0.000188761
 612     604    -0.000109411
 612     610     0.007677067
 612     611     0.017566281
 612     612     2.073500000
 612     613    -0.000099461
 613    5620    -0.004642150
 613    5621     0.010214718
 613     602     0.000152569
 613     603    -0.005140596
 613     604     0.001106554
 613     610    -0.000429807
 613     611     0.000799732
 613     612    -0.000099461
 613     613     2.038100000
