5620    5620     2.325799998
5620    5621    -0.009362483
5620     602     0.002028448
5620     603    -0.005874311
5620     604    -0.000686159
5620     610    -0.000032176
5620     611    -0.002703264
5620     612     0.016095535
5620     613     0.007069296
5621    5620    -0.009362483
5621    5621     2.429100003
5621     602     0.004241647
5621     603     0.020628508
5621     604     0.032728112
5621     610     0.002412037
5621     611    -0.000393395
5621     612     0.006982025
5621     613    -0.006951262
 602    5620     0.002028448
 602    5621     0.004241647
 602     602     1.910400002
 602     603     0.008110570
 602     604     0.001481626
 602     610     0.001796085
 602     611     0.000422233
 602     612     0.002364932
 602     613    -0.000124345
 603    5620    -0.005874311
 603    5621     0.020628508
 603     602     0.008110570
 603     603     1.915600000
 603     604    -0.000677390
 603     610     0.001833784
 603     611     0.000357498
 603     612     0.000082158
 603     613    -0.003421914
 604    5620    -0.000686159
 604    5621     0.032728112
 604     602     0.001481626
 604     603    -0.000677390
 604     604     2.068400000
 604     610     0.001437023
 604     611    -0.000343936
 604     612     0.001150758
 604     613     0.000848358
 610    5620    -0.000032176
 610    5621     0.002412037
 610     602     0.001796085
 610     603     0.001833784
 610     604     0.001437023
 610     610     2.007200000
 610     611     0.005910437
 610     612     0.005795823
 610     613     0.000404637
 611    5620    -0.002703264
 611    5621    -0.000393395
 611     602     0.000422233
 611     603     0.000357498
 611     604    -0.000343936
 611     610     0.005910437
 611     611     1.986500001
 611     612     0.018579374
 611     613    -0.000646928
 612    5620     0.016095535
 612    5621     0.006982025
 612     602     0.002364932
 612     603     0.000082158
 612     604     0.001150758
 612     610     0.005795823
 612     611     0.018579374
 612     612     1.993700000
 612     613    -0.000020911
 613    5620     0.007069296
 613    5621    -0.006951262
 613     602    -0.000124345
 613     603    -0.003421914
 613     604     0.000848358
 613     610     0.000404637
 613     611    -0.000646928
 613     612    -0.000020911
 613     613     2.019600000
