5620    5620     2.321199998
5620    5621    -0.003791258
5620     602     0.001450214
5620     603     0.006369225
5620     604    -0.002427680
5620     610    -0.001076675
5620     611    -0.002609474
5620     612     0.007155728
5620     613    -0.009195159
5621    5620    -0.003791258
5621    5621     2.516500003
5621     602     0.001902565
5621     603     0.008162592
5621     604     0.029743904
5621     610     0.002002773
5621     611     0.000567477
5621     612     0.006007773
5621     613     0.005736853
 602    5620     0.001450214
 602    5621     0.001902565
 602     602     1.930900002
 602     603    -0.007876589
 602     604     0.002171838
 602     610    -0.001607752
 602     611     0.000100314
 602     612    -0.002602280
 602     613    -0.001723125
 603    5620     0.006369225
 603    5621     0.008162592
 603     602    -0.007876589
 603     603     1.951200000
 603     604     0.000099246
 603     610     0.002310167
 603     611     0.000101054
 603     612    -0.000190360
 603     613    -0.003387740
 604    5620    -0.002427680
 604    5621     0.029743904
 604     602     0.002171838
 604     603     0.000099246
 604     604     2.012700000
 604     610     0.001028792
 604     611    -0.000848274
 604     612    -0.000910829
 604     613     0.001169504
 610    5620    -0.001076675
 610    5621     0.002002773
 610     602    -0.001607752
 610     603     0.002310167
 610     604     0.001028792
 610     610     2.006400000
 610     611     0.007463723
 610     612    -0.007034023
 610     613    -0.000655892
 611    5620    -0.002609474
 611    5621     0.000567477
 611     602     0.000100314
 611     603     0.000101054
 611     604    -0.000848274
 611     610     0.007463723
 611     611     2.013300001
 611     612    -0.016626220
 611     613    -0.000515906
 612    5620     0.007155728
 612    5621     0.006007773
 612     602    -0.002602280
 612     603    -0.000190360
 612     604    -0.000910829
 612     610    -0.007034023
 612     611    -0.016626220
 612     612     2.076900000
 612     613    -0.000239469
 613    5620    -0.009195159
 613    5621     0.005736853
 613     602    -0.001723125
 613     603    -0.003387740
 613     604     0.001169504
 613     610    -0.000655892
 613     611    -0.000515906
 613     612    -0.000239469
 613     613     1.969100000
