5620    5620     2.493399998
5620    5621     0.006031887
5620     602    -0.001745038
5620     603     0.005945283
5620     604    -0.000429977
5620     610     0.002858155
5620     611    -0.002525184
5620     612     0.011404509
5620     613     0.000881412
5621    5620     0.006031887
5621    5621     2.334100003
5621     602     0.004946890
5621     603     0.011847312
5621     604     0.023875005
5621     610    -0.001085816
5621     611    -0.000181296
5621     612     0.006172206
5621     613     0.010504421
 602    5620    -0.001745038
 602    5621     0.004946890
 602     602     1.979500002
 602     603    -0.002700788
 602     604    -0.001267205
 602     610    -0.001756730
 602     611    -0.000987618
 602     612     0.002670238
 602     613     0.001012226
 603    5620     0.005945283
 603    5621     0.011847312
 603     602    -0.002700788
 603     603     1.968900000
 603     604    -0.000101919
 603     610     0.001910277
 603     611     0.000222660
 603     612    -0.000167977
 603     613     0.005136826
 604    5620    -0.000429977
 604    5621     0.023875005
 604     602    -0.001267205
 604     603    -0.000101919
 604     604     2.087600000
 604     610    -0.000594996
 604     611     0.000460476
 604     612     0.000287522
 604     613    -0.001119058
 610    5620     0.002858155
 610    5621    -0.001085816
 610     602    -0.001756730
 610     603     0.001910277
 610     604    -0.000594996
 610     610     2.057600000
 610     611    -0.006377461
 610     612     0.007224578
 610     613    -0.000351616
 611    5620    -0.002525184
 611    5621    -0.000181296
 611     602    -0.000987618
 611     603     0.000222660
 611     604     0.000460476
 611     610    -0.006377461
 611     611     2.031900001
 611     612    -0.016203976
 611     613     0.000731820
 612    5620     0.011404509
 612    5621     0.006172206
 612     602     0.002670238
 612     603    -0.000167977
 612     604     0.000287522
 612     610     0.007224578
 612     611    -0.016203976
 612     612     2.080700000
 612     613    -0.000059017
 613    5620     0.000881412
 613    5621     0.010504421
 613     602     0.001012226
 613     603     0.005136826
 613     604    -0.001119058
 613     610    -0.000351616
 613     611     0.000731820
 613     612    -0.000059017
 613     613     2.000300000
