5620    5620     2.207799998
5620    5621     0.003175365
5620     602    -0.001548155
5620     603     0.006313117
5620     604    -0.003780824
5620     610     0.004565737
5620     611     0.001787879
5620     612     0.014789329
5620     613     0.001893453
5621    5620     0.003175365
5621    5621     2.361400003
5621     602     0.000552659
5621     603     0.016404702
5621     604     0.029750399
5621     610     0.003161822
5621     611     0.000377307
5621     612     0.006595744
5621     613     0.009646594
 602    5620    -0.001548155
 602    5621     0.000552659
 602     602     1.927000002
 602     603    -0.003008682
 602     604    -0.001336883
 602     610    -0.002647387
 602     611     0.000672724
 602     612    -0.002425730
 602     613    -0.000503244
 603    5620     0.006313117
 603    5621     0.016404702
 603     602    -0.003008682
 603     603     1.978600000
 603     604     0.000240941
 603     610     0.002236822
 603     611     0.000489524
 603     612     0.000411934
 603     613    -0.004339437
 604    5620    -0.003780824
 604    5621     0.029750399
 604     602    -0.001336883
 604     603     0.000240941
 604     604     2.062100000
 604     610     0.001505487
 604     611     0.000977160
 604     612     0.000992600
 604     613     0.001454900
 610    5620     0.004565737
 610    5621     0.003161822
 610     602    -0.002647387
 610     603     0.002236822
 610     604     0.001505487
 610     610     1.942600000
 610     611     0.006984514
 610     612    -0.001432047
 610     613    -0.000219356
 611    5620     0.001787879
 611    5621     0.000377307
 611     602     0.000672724
 611     603     0.000489524
 611     604     0.000977160
 611     610     0.006984514
 611     611     1.981300001
 611     612    -0.017800263
 611     613     0.000799038
 612    5620     0.014789329
 612    5621     0.006595744
 612     602    -0.002425730
 612     603     0.000411934
 612     604     0.000992600
 612     610    -0.001432047
 612     611    -0.017800263
 612     612     2.029400000
 612     613     0.000044861
 613    5620     0.001893453
 613    5621     0.009646594
 613     602    -0.000503244
 613     603    -0.004339437
 613     604     0.001454900
 613     610    -0.000219356
 613     611     0.000799038
 613     612     0.000044861
 613     613     2.029400000
