5620    5620     2.251599998
5620    5621     0.004794481
5620     602     0.000973216
5620     603     0.007508588
5620     604    -0.000547477
5620     610    -0.004252009
5620     611    -0.004093901
5620     612    -0.012607728
5620     613     0.007128848
5621    5620     0.004794481
5621    5621     2.206000003
5621     602    -0.002568534
5621     603     0.016401224
5621     604    -0.033660844
5621     610    -0.001952754
5621     611     0.000760066
5621     612    -0.007173715
5621     613    -0.009853527
 602    5620     0.000973216
 602    5621    -0.002568534
 602     602     1.957600002
 602     603    -0.007811209
 602     604    -0.001740875
 602     610     0.002027142
 602     611     0.000007864
 602     612     0.002977850
 602     613    -0.001031094
 603    5620     0.007508588
 603    5621     0.016401224
 603     602    -0.007811209
 603     603     1.969100000
 603     604    -0.000220360
 603     610    -0.002205512
 603     611     0.000240600
 603     612    -0.000327584
 603     613     0.005076393
 604    5620    -0.000547477
 604    5621    -0.033660844
 604     602    -0.001740875
 604     603    -0.000220360
 604     604     2.045600000
 604     610     0.001048752
 604     611     0.000455136
 604     612    -0.000059184
 604     613     0.001191255
 610    5620    -0.004252009
 610    5621    -0.001952754
 610     602     0.002027142
 610     603    -0.002205512
 610     604     0.001048752
 610     610     2.047000000
 610     611    -0.006041705
 610     612    -0.007339744
 610     613    -0.000420017
 611    5620    -0.004093901
 611    5621     0.000760066
 611     602     0.000007864
 611     603     0.000240600
 611     604     0.000455136
 611     610    -0.006041705
 611     611     2.073200001
 611     612     0.017234049
 611     613     0.000504570
 612    5620    -0.012607728
 612    5621    -0.007173715
 612     602     0.002977850
 612     603    -0.000327584
 612     604    -0.000059184
 612     610    -0.007339744
 612     611     0.017234049
 612     612     2.075000000
 612     613    -0.000192605
 613    5620     0.007128848
 613    5621    -0.009853527
 613     602    -0.001031094
 613     603     0.005076393
 613     604     0.001191255
 613     610    -0.000420017
 613     611     0.000504570
 613     612    -0.000192605
 613     613     1.983600000
