5620    5620     2.364299998
5620    5621    -0.003850046
5620     602    -0.001774087
5620     603    -0.006578970
5620     604     0.000566410
5620     610    -0.000717532
5620     611    -0.001620496
5620     612     0.005896274
5620     613    -0.006643984
5621    5620    -0.003850046
5621    5621     2.243600003
5621     602     0.000387351
5621     603     0.025436362
5621     604    -0.033953431
5621     610     0.003306846
5621     611    -0.000113664
5621     612    -0.007134885
5621     613    -0.009319877
 602    5620    -0.001774087
 602    5621     0.000387351
 602     602     2.012600002
 602     603     0.006631526
 602     604     0.001387061
 602     610     0.002200752
 602     611    -0.000788499
 602     612     0.002340151
 602     613     0.000200480
 603    5620    -0.006578970
 603    5621     0.025436362
 603     602     0.006631526
 603     603     1.879000000
 603     604    -0.000573964
 603     610    -0.002314550
 603     611     0.000413478
 603     612    -0.000316944
 603     613     0.004854966
 604    5620     0.000566410
 604    5621    -0.033953431
 604     602     0.001387061
 604     603    -0.000573964
 604     604     2.131600000
 604     610    -0.001703672
 604     611     0.000628770
 604     612    -0.000157259
 604     613    -0.001211950
 610    5620    -0.000717532
 610    5621     0.003306846
 610     602     0.002200752
 610     603    -0.002314550
 610     604    -0.001703672
 610     610     2.041500000
 610     611    -0.005970307
 610     612    -0.002023222
 610     613     0.000506014
 611    5620    -0.001620496
 611    5621    -0.000113664
 611     602    -0.000788499
 611     603     0.000413478
 611     604     0.000628770
 611     610    -0.005970307
 611     611     2.049200001
 611     612     0.018269719
 611     613    -0.000815655
 612    5620     0.005896274
 612    5621    -0.007134885
 612     602     0.002340151
 612     603    -0.000316944
 612     604    -0.000157259
 612     610    -0.002023222
 612     611     0.018269719
 612     612     2.103100000
 612     613     0.000340472
 613    5620    -0.006643984
 613    5621    -0.009319877
 613     602     0.000200480
 613     603     0.004854966
 613     604    -0.001211950
 613     610     0.000506014
 613     611    -0.000815655
 613     612     0.000340472
 613     613     1.928800000
