5620    5620     2.248599998
5620    5621    -0.005952555
5620     602    -0.000732555
5620     603    -0.005497594
5620     604    -0.002633117
5620     610    -0.002136216
5620     611     0.001216133
5620     612    -0.004615674
5620     613    -0.007685563
5621    5620    -0.005952555
5621    5621     2.315900003
5621     602     0.001667646
5621     603    -0.017513504
5621     604    -0.031548115
5621     610    -0.002284067
5621     611    -0.000327037
5621     612     0.006626821
5621     613    -0.007218964
 602    5620    -0.000732555
 602    5621     0.001667646
 602     602     1.937500002
 602     603    -0.009253158
 602     604     0.001622268
 602     610    -0.001605220
 602     611    -0.000032579
 602     612     0.002589423
 602     613    -0.000825853
 603    5620    -0.005497594
 603    5621    -0.017513504
 603     602    -0.009253158
 603     603     1.981600000
 603     604    -0.000141280
 603     610     0.001878962
 603     611    -0.000299460
 603     612     0.000312457
 603     613    -0.003155091
 604    5620    -0.002633117
 604    5621    -0.031548115
 604     602     0.001622268
 604     603    -0.000141280
 604     604     2.112400000
 604     610     0.001080128
 604     611    -0.000235917
 604     612    -0.000927134
 604     613     0.000776443
 610    5620    -0.002136216
 610    5621    -0.002284067
 610     602    -0.001605220
 610     603     0.001878962
 610     604     0.001080128
 610     610     2.025100000
 610     611    -0.006508827
 610     612    -0.003685693
 610     613    -0.000595870
 611    5620     0.001216133
 611    5621    -0.000327037
 611     602    -0.000032579
 611     603    -0.000299460
 611     604    -0.000235917
 611     610    -0.006508827
 611     611     2.013300001
 611     612     0.018416390
 611     613    -0.000655712
 612    5620    -0.004615674
 612    5621     0.006626821
 612     602     0.002589423
 612     603     0.000312457
 612     604    -0.000927134
 612     610    -0.003685693
 612     611     0.018416390
 612     612     2.040300000
 612     613     0.000450160
 613    5620    -0.007685563
 613    5621    -0.007218964
 613     602    -0.000825853
 613     603    -0.003155091
 613     604     0.000776443
 613     610    -0.000595870
 613     611    -0.000655712
 613     612     0.000450160
 613     613     2.025300000
