5620    5620     2.424099998
5620    5621    -0.003262386
5620     602    -0.000197235
5620     603    -0.005070666
5620     604     0.000342045
5620     610     0.003609835
5620     611     0.001524432
5620     612     0.001682067
5620     613    -0.002533656
5621    5620    -0.003262386
5621    5621     2.565500003
5621     602    -0.007343259
5621     603    -0.022516752
5621     604     0.028838651
5621     610     0.000537582
5621     611     0.000332420
5621     612     0.005302275
5621     613    -0.008096109
 602    5620    -0.000197235
 602    5621    -0.007343259
 602     602     1.911500002
 602     603     0.010765473
 602     604     0.001675203
 602     610    -0.000819405
 602     611    -0.000031256
 602     612     0.002478025
 602     613     0.001948405
 603    5620    -0.005070666
 603    5621    -0.022516752
 603     602     0.010765473
 603     603     1.902300000
 603     604     0.001345208
 603     610     0.001785634
 603     611     0.000279312
 603     612    -0.000102470
 603     613     0.004563828
 604    5620     0.000342045
 604    5621     0.028838651
 604     602     0.001675203
 604     603     0.001345208
 604     604     2.068900000
 604     610     0.000450227
 604     611    -0.000360719
 604     612    -0.000619238
 604     613    -0.001248390
 610    5620     0.003609835
 610    5621     0.000537582
 610     602    -0.000819405
 610     603     0.001785634
 610     604     0.000450227
 610     610     1.979800000
 610     611     0.006535407
 610     612    -0.005852792
 610     613     0.000499203
 611    5620     0.001524432
 611    5621     0.000332420
 611     602    -0.000031256
 611     603     0.000279312
 611     604    -0.000360719
 611     610     0.006535407
 611     611     1.992900001
 611     612     0.018083127
 611     613    -0.000685716
 612    5620     0.001682067
 612    5621     0.005302275
 612     602     0.002478025
 612     603    -0.000102470
 612     604    -0.000619238
 612     610    -0.005852792
 612     611     0.018083127
 612     612     2.031400000
 612     613     0.000223988
 613    5620    -0.002533656
 613    5621    -0.008096109
 613     602     0.001948405
 613     603     0.004563828
 613     604    -0.001248390
 613     610     0.000499203
 613     611    -0.000685716
 613     612     0.000223988
 613     613     1.988800000
