5620    5620     2.240099998
5620    5621    -0.005195596
5620     602    -0.001618387
5620     603     0.006103279
5620     604     0.001575369
5620     610     0.005360328
5620     611     0.001981792
5620     612     0.005141861
5620     613    -0.001605637
5621    5620    -0.005195596
5621    5621     2.426500003
5621     602    -0.001714562
5621     603     0.030850731
5621     604    -0.033385004
5621     610    -0.000079141
5621     611    -0.000096184
5621     612    -0.006801329
5621     613     0.009861640
 602    5620    -0.001618387
 602    5621    -0.001714562
 602     602     1.978800002
 602     603     0.012663349
 602     604    -0.001801403
 602     610     0.001321078
 602     611     0.000240699
 602     612    -0.002941999
 602     613     0.000886538
 603    5620     0.006103279
 603    5621     0.030850731
 603     602     0.012663349
 603     603     1.847000000
 603     604    -0.001420717
 603     610    -0.002000543
 603     611     0.000274133
 603     612     0.000091108
 603     613    -0.004332800
 604    5620     0.001575369
 604    5621    -0.033385004
 604     602    -0.001801403
 604     603    -0.001420717
 604     604     2.006300000
 604     610     0.000484608
 604     611     0.000330370
 604     612     0.000972912
 604     613     0.001014738
 610    5620     0.005360328
 610    5621    -0.000079141
 610     602     0.001321078
 610     603    -0.002000543
 610     604     0.000484608
 610     610     2.000900000
 610     611    -0.005897347
 610     612    -0.005805863
 610     613    -0.000493264
 611    5620     0.001981792
 611    5621    -0.000096184
 611     602     0.000240699
 611     603     0.000274133
 611     604     0.000330370
 611     610    -0.005897347
 611     611     2.057000001
 611     612     0.018112364
 611     613     0.000498074
 612    5620     0.005141861
 612    5621    -0.006801329
 612     602    -0.002941999
 612     603     0.000091108
 612     604     0.000972912
 612     610    -0.005805863
 612     611     0.018112364
 612     612     2.030700000
 612     613    -0.000020647
 613    5620    -0.001605637
 613    5621     0.009861640
 613     602     0.000886538
 613     603    -0.004332800
 613     604     0.001014738
 613     610    -0.000493264
 613     611     0.000498074
 613     612    -0.000020647
 613     613     2.048700000
