5620    5620     2.493699998
5620    5621    -0.006848860
5620     602    -0.001967854
5620     603     0.005364396
5620     604    -0.000532039
5620     610     0.002800046
5620     611    -0.002086908
5620     612    -0.010065313
5620     613     0.005236346
5621    5620    -0.006848860
5621    5621     2.244000003
5621     602     0.002791040
5621     603    -0.012158557
5621     604     0.034162118
5621     610    -0.002136976
5621     611     0.000205922
5621     612    -0.007484357
5621     613    -0.007740510
 602    5620    -0.001967854
 602    5621     0.002791040
 602     602     1.942000002
 602     603     0.003865411
 602     604     0.001734757
 602     610    -0.002038648
 602     611    -0.000280454
 602     612    -0.002791598
 602     613    -0.000356246
 603    5620     0.005364396
 603    5621    -0.012158557
 603     602     0.003865411
 603     603     1.958400000
 603     604    -0.000632530
 603     610    -0.002084138
 603     611    -0.000458528
 603     612     0.000421841
 603     613     0.003528418
 604    5620    -0.000532039
 604    5621     0.034162118
 604     602     0.001734757
 604     603    -0.000632530
 604     604     1.989600000
 604     610     0.001309391
 604     611     0.000415544
 604     612     0.000707627
 604     613    -0.000907539
 610    5620     0.002800046
 610    5621    -0.002136976
 610     602    -0.002038648
 610     603    -0.002084138
 610     604     0.001309391
 610     610     2.019100000
 610     611    -0.006805723
 610     612    -0.005896873
 610     613     0.000538420
 611    5620    -0.002086908
 611    5621     0.000205922
 611     602    -0.000280454
 611     603    -0.000458528
 611     604     0.000415544
 611     610    -0.006805723
 611     611     2.067200001
 611     612    -0.019398329
 611     613    -0.000666941
 612    5620    -0.010065313
 612    5621    -0.007484357
 612     602    -0.002791598
 612     603     0.000421841
 612     604     0.000707627
 612     610    -0.005896873
 612     611    -0.019398329
 612     612     2.024000000
 612     613     0.000156941
 613    5620     0.005236346
 613    5621    -0.007740510
 613     602    -0.000356246
 613     603     0.003528418
 613     604    -0.000907539
 613     610     0.000538420
 613     611    -0.000666941
 613     612     0.000156941
 613     613     2.016900000
