5620    5620     2.360399998
5620    5621     0.006265478
5620     602    -0.001892302
5620     603     0.005510466
5620     604     0.001866067
5620     610     0.005482242
5620     611    -0.001763727
5620     612    -0.009289172
5620     613     0.006147960
5621    5620     0.006265478
5621    5621     2.370200003
5621     602    -0.004722391
5621     603    -0.027115885
5621     604     0.031313434
5621     610    -0.001254181
5621     611    -0.000118659
5621     612    -0.006380951
5621     613    -0.008161592
 602    5620    -0.001892302
 602    5621    -0.004722391
 602     602     1.923200002
 602     603     0.013103859
 602     604    -0.001349176
 602     610    -0.002295216
 602     611    -0.000792472
 602     612    -0.002203088
 602     613    -0.000210618
 603    5620     0.005510466
 603    5621    -0.027115885
 603     602     0.013103859
 603     603     1.817900000
 603     604    -0.001549121
 603     610    -0.002348519
 603     611     0.000357427
 603     612     0.000299493
 603     613    -0.004439577
 604    5620     0.001866067
 604    5621     0.031313434
 604     602    -0.001349176
 604     603    -0.001549121
 604     604     2.038100000
 604     610    -0.001539641
 604     611     0.000359201
 604     612    -0.000981718
 604     613    -0.000996385
 610    5620     0.005482242
 610    5621    -0.001254181
 610     602    -0.002295216
 610     603    -0.002348519
 610     604    -0.001539641
 610     610     1.945400000
 610     611    -0.006752152
 610     612    -0.009765619
 610     613    -0.000667776
 611    5620    -0.001763727
 611    5621    -0.000118659
 611     602    -0.000792472
 611     603     0.000357427
 611     604     0.000359201
 611     610    -0.006752152
 611     611     2.059800001
 611     612    -0.016078148
 611     613    -0.000772056
 612    5620    -0.009289172
 612    5621    -0.006380951
 612     602    -0.002203088
 612     603     0.000299493
 612     604    -0.000981718
 612     610    -0.009765619
 612     611    -0.016078148
 612     612     2.082000000
 612     613     0.000153093
 613    5620     0.006147960
 613    5621    -0.008161592
 613     602    -0.000210618
 613     603    -0.004439577
 613     604    -0.000996385
 613     610    -0.000667776
 613     611    -0.000772056
 613     612     0.000153093
 613     613     1.931500000
