5620    5620     2.276199998
5620    5621     0.008323286
5620     602    -0.001637666
5620     603     0.005443928
5620     604    -0.001223385
5620     610     0.001605809
5620     611    -0.001011237
5620     612     0.009447536
5620     613    -0.007832338
5621    5620     0.008323286
5621    5621     2.174900003
5621     602    -0.003476349
5621     603    -0.019464536
5621     604     0.031006979
5621     610     0.003566051
5621     611     0.000093407
5621     612    -0.006997784
5621     613     0.008080434
 602    5620    -0.001637666
 602    5621    -0.003476349
 602     602     1.919800002
 602     603    -0.009259350
 602     604    -0.001466686
 602     610     0.002410269
 602     611    -0.000345732
 602     612    -0.002645522
 602     613    -0.000411876
 603    5620     0.005443928
 603    5621    -0.019464536
 603     602    -0.009259350
 603     603     2.007200000
 603     604     0.000217214
 603     610     0.002046620
 603     611    -0.000555262
 603     612     0.000181406
 603     613     0.003423999
 604    5620    -0.001223385
 604    5621     0.031006979
 604     602    -0.001466686
 604     603     0.000217214
 604     604     2.048200000
 604     610     0.001608592
 604     611    -0.000420194
 604     612     0.000654494
 604     613     0.000833874
 610    5620     0.001605809
 610    5621     0.003566051
 610     602     0.002410269
 610     603     0.002046620
 610     604     0.001608592
 610     610     1.958200000
 610     611    -0.007038454
 610     612     0.003932307
 610     613    -0.000476728
 611    5620    -0.001011237
 611    5621     0.000093407
 611     602    -0.000345732
 611     603    -0.000555262
 611     604    -0.000420194
 611     610    -0.007038454
 611     611     2.024700001
 611     612     0.015677400
 611     613    -0.000809114
 612    5620     0.009447536
 612    5621    -0.006997784
 612     602    -0.002645522
 612     603     0.000181406
 612     604     0.000654494
 612     610     0.003932307
 612     611     0.015677400
 612     612     2.045500000
 612     613     0.000295433
 613    5620    -0.007832338
 613    5621     0.008080434
 613     602    -0.000411876
 613     603     0.003423999
 613     604     0.000833874
 613     610    -0.000476728
 613     611    -0.000809114
 613     612     0.000295433
 613     613     1.954000000
