5620    5620     2.345699998
5620    5621    -0.005348201
5620     602    -0.001640485
5620     603     0.006129590
5620     604    -0.000216158
5620     610    -0.008101641
5620     611     0.001089792
5620     612    -0.011067846
5620     613    -0.007522211
5621    5620    -0.005348201
5621    5621     2.225700003
5621     602     0.002085278
5621     603     0.024886416
5621     604    -0.030507504
5621     610    -0.002201217
5621     611    -0.000175298
5621     612    -0.007590028
5621     613    -0.007570215
 602    5620    -0.001640485
 602    5621     0.002085278
 602     602     1.953000002
 602     603    -0.007933549
 602     604     0.001255704
 602     610    -0.002228351
 602     611     0.000715302
 602     612     0.002514445
 602     613    -0.000386497
 603    5620     0.006129590
 603    5621     0.024886416
 603     602    -0.007933549
 603     603     1.882900000
 603     604    -0.000980709
 603     610     0.002440380
 603     611     0.000416745
 603     612     0.000073497
 603     613    -0.004496096
 604    5620    -0.000216158
 604    5621    -0.030507504
 604     602     0.001255704
 604     603    -0.000980709
 604     604     2.096600000
 604     610    -0.001223055
 604     611    -0.000377144
 604     612    -0.000649380
 604     613     0.001045577
 610    5620    -0.008101641
 610    5621    -0.002201217
 610     602    -0.002228351
 610     603     0.002440380
 610     604    -0.001223055
 610     610     2.018100000
 610     611     0.005596433
 610     612     0.005989064
 610     613     0.000625795
 611    5620     0.001089792
 611    5621    -0.000175298
 611     602     0.000715302
 611     603     0.000416745
 611     604    -0.000377144
 611     610     0.005596433
 611     611     2.070100001
 611     612    -0.016250287
 611     613     0.000896775
 612    5620    -0.011067846
 612    5621    -0.007590028
 612     602     0.002514445
 612     603     0.000073497
 612     604    -0.000649380
 612     610     0.005989064
 612     611    -0.016250287
 612     612     2.016300000
 612     613    -0.000225794
 613    5620    -0.007522211
 613    5621    -0.007570215
 613     602    -0.000386497
 613     603    -0.004496096
 613     604     0.001045577
 613     610     0.000625795
 613     611     0.000896775
 613     612    -0.000225794
 613     613     2.014100000
