5620    5620     2.403599998
5620    5621    -0.005866781
5620     602     0.001164912
5620     603    -0.005886822
5620     604     0.000797236
5620     610     0.000704547
5620     611    -0.000405052
5620     612    -0.002937333
5620     613    -0.004722985
5621    5620    -0.005866781
5621    5621     2.271700003
5621     602     0.001994895
5621     603    -0.020023090
5621     604    -0.029796307
5621     610    -0.002140584
5621     611    -0.000389378
5621     612     0.006717490
5621     613     0.009457346
 602    5620     0.001164912
 602    5621     0.001994895
 602     602     1.980400002
 602     603    -0.009343460
 602     604    -0.001568006
 602     610     0.001783093
 602     611     0.000110889
 602     612     0.002380523
 602     613     0.001088134
 603    5620    -0.005886822
 603    5621    -0.020023090
 603     602    -0.009343460
 603     603     1.912400000
 603     604    -0.001068555
 603     610     0.001960735
 603     611     0.000355997
 603     612     0.000191545
 603     613    -0.004457078
 604    5620     0.000797236
 604    5621    -0.029796307
 604     602    -0.001568006
 604     603    -0.001068555
 604     604     2.037400000
 604     610    -0.001232639
 604     611    -0.000496074
 604     612     0.000116560
 604     613     0.001371117
 610    5620     0.000704547
 610    5621    -0.002140584
 610     602     0.001783093
 610     603     0.001960735
 610     604    -0.001232639
 610     610     2.067000000
 610     611    -0.005625110
 610     612    -0.002509027
 610     613     0.000392181
 611    5620    -0.000405052
 611    5621    -0.000389378
 611     602     0.000110889
 611     603     0.000355997
 611     604    -0.000496074
 611     610    -0.005625110
 611     611     2.110900001
 611     612     0.013990050
 611     613     0.000732626
 612    5620    -0.002937333
 612    5621     0.006717490
 612     602     0.002380523
 612     603     0.000191545
 612     604     0.000116560
 612     610    -0.002509027
 612     611     0.013990050
 612     612     2.048100000
 612     613     0.000376279
 613    5620    -0.004722985
 613    5621     0.009457346
 613     602     0.001088134
 613     603    -0.004457078
 613     604     0.001371117
 613     610     0.000392181
 613     611     0.000732626
 613     612     0.000376279
 613     613     1.987700000
