5620    5620     2.461799998
5620    5621    -0.005323609
5620     602     0.000732190
5620     603    -0.006101291
5620     604     0.001564499
5620     610     0.006760673
5620     611    -0.000490948
5620     612    -0.001637443
5620     613     0.003568569
5621    5620    -0.005323609
5621    5621     2.474100003
5621     602    -0.001493419
5621     603    -0.028525114
5621     604    -0.030018402
5621     610     0.003574153
5621     611    -0.000155398
5621     612     0.006480216
5621     613     0.008912835
 602    5620     0.000732190
 602    5621    -0.001493419
 602     602     1.960200002
 602     603     0.012509109
 602     604    -0.001840587
 602     610    -0.002477658
 602     611     0.000555690
 602     612     0.002684246
 602     613     0.001145109
 603    5620    -0.006101291
 603    5621    -0.028525114
 603     602     0.012509109
 603     603     1.905600000
 603     604    -0.001358928
 603     610    -0.002412486
 603     611    -0.000311273
 603     612    -0.000171155
 603     613     0.004645866
 604    5620     0.001564499
 604    5621    -0.030018402
 604     602    -0.001840587
 604     603    -0.001358928
 604     604     2.043600000
 604     610     0.001693473
 604     611    -0.000859963
 604     612    -0.000688141
 604     613    -0.001393519
 610    5620     0.006760673
 610    5621     0.003574153
 610     602    -0.002477658
 610     603    -0.002412486
 610     604     0.001693473
 610     610     2.005400000
 610     611     0.007519792
 610     612    -0.006163827
 610     613     0.000250976
 611    5620    -0.000490948
 611    5621    -0.000155398
 611     602     0.000555690
 611     603    -0.000311273
 611     604    -0.000859963
 611     610     0.007519792
 611     611     1.984900001
 611     612     0.021053975
 611     613    -0.000764526
 612    5620    -0.001637443
 612    5621     0.006480216
 612     602     0.002684246
 612     603    -0.000171155
 612     604    -0.000688141
 612     610    -0.006163827
 612     611     0.021053975
 612     612     2.056100000
 612     613     0.000073977
 613    5620     0.003568569
 613    5621     0.008912835
 613     602     0.001145109
 613     603     0.004645866
 613     604    -0.001393519
 613     610     0.000250976
 613     611    -0.000764526
 613     612     0.000073977
 613     613     2.011300000
