5620    5620     2.362299998
5620    5621    -0.009613834
5620     602     0.002318957
5620     603     0.005756166
5620     604    -0.000039774
5620     610    -0.002292735
5620     611    -0.002597364
5620     612     0.007960416
5620     613     0.005358467
5621    5620    -0.009613834
5621    5621     2.386600003
5621     602     0.004654267
5621     603     0.023435318
5621     604    -0.032280969
5621     610     0.004610287
5621     611    -0.000209524
5621     612     0.006813918
5621     613     0.008461069
 602    5620     0.002318957
 602    5621     0.004654267
 602     602     1.967900002
 602     603     0.007123187
 602     604    -0.001618228
 602     610    -0.002780426
 602     611    -0.000512654
 602     612    -0.002599640
 602     613    -0.000214004
 603    5620     0.005756166
 603    5621     0.023435318
 603     602     0.007123187
 603     603     1.918500000
 603     604    -0.000869630
 603     610     0.002408643
 603     611     0.000143492
 603     612    -0.000188039
 603     613     0.003959060
 604    5620    -0.000039774
 604    5621    -0.032280969
 604     602    -0.001618228
 604     603    -0.000869630
 604     604     2.015100000
 604     610     0.002262481
 604     611     0.000396006
 604     612     0.000499373
 604     613    -0.001043208
 610    5620    -0.002292735
 610    5621     0.004610287
 610     602    -0.002780426
 610     603     0.002408643
 610     604     0.002262481
 610     610     1.926000000
 610     611     0.006586641
 610     612     0.005061497
 610     613    -0.000452018
 611    5620    -0.002597364
 611    5621    -0.000209524
 611     602    -0.000512654
 611     603     0.000143492
 611     604     0.000396006
 611     610     0.006586641
 611     611     2.070500001
 611     612     0.018635914
 611     613     0.000442237
 612    5620     0.007960416
 612    5621     0.006813918
 612     602    -0.002599640
 612     603    -0.000188039
 612     604     0.000499373
 612     610     0.005061497
 612     611     0.018635914
 612     612     2.030800000
 612     613     0.000300996
 613    5620     0.005358467
 613    5621     0.008461069
 613     602    -0.000214004
 613     603     0.003959060
 613     604    -0.001043208
 613     610    -0.000452018
 613     611     0.000442237
 613     612     0.000300996
 613     613     2.073900000
