5620    5620     2.479999998
5620    5621    -0.006153757
5620     602    -0.000358615
5620     603    -0.006394643
5620     604    -0.001254242
5620     610    -0.001206559
5620     611     0.002328473
5620     612     0.005644461
5620     613    -0.004708861
5621    5620    -0.006153757
5621    5621     2.217500003
5621     602    -0.007011264
5621     603     0.031840148
5621     604    -0.032705683
5621     610     0.003162488
5621     611     0.000094410
5621     612    -0.006921721
5621     613     0.010023663
 602    5620    -0.000358615
 602    5621    -0.007011264
 602     602     2.045200002
 602     603    -0.008609001
 602     604     0.001601989
 602     610     0.001736035
 602     611     0.000058888
 602     612     0.002673051
 602     613    -0.001384149
 603    5620    -0.006394643
 603    5621     0.031840148
 603     602    -0.008609001
 603     603     1.924800000
 603     604    -0.000582170
 603     610     0.002518902
 603     611     0.000290885
 603     612     0.000193563
 603     613     0.004602322
 604    5620    -0.001254242
 604    5621    -0.032705683
 604     602     0.001601989
 604     603    -0.000582170
 604     604     2.023600000
 604     610     0.002016069
 604     611    -0.000434878
 604     612     0.000803405
 604     613    -0.001045879
 610    5620    -0.001206559
 610    5621     0.003162488
 610     602     0.001736035
 610     603     0.002518902
 610     604     0.002016069
 610     610     1.964200000
 610     611     0.007600496
 610     612    -0.007158081
 610     613    -0.000428313
 611    5620     0.002328473
 611    5621     0.000094410
 611     602     0.000058888
 611     603     0.000290885
 611     604    -0.000434878
 611     610     0.007600496
 611     611     2.044600001
 611     612    -0.018664331
 611     613     0.000540401
 612    5620     0.005644461
 612    5621    -0.006921721
 612     602     0.002673051
 612     603     0.000193563
 612     604     0.000803405
 612     610    -0.007158081
 612     611    -0.018664331
 612     612     2.052600000
 612     613    -0.000134832
 613    5620    -0.004708861
 613    5621     0.010023663
 613     602    -0.001384149
 613     603     0.004602322
 613     604    -0.001045879
 613     610    -0.000428313
 613     611     0.000540401
 613     612    -0.000134832
 613     613     2.002300000
