5620    5620     2.449599998
5620    5621     0.005243943
5620     602    -0.001295159
5620     603     0.004915287
5620     604     0.001372909
5620     610    -0.002548392
5620     611    -0.002712478
5620     612    -0.023562162
5620     613    -0.005540392
5621    5620     0.005243943
5621    5621     2.254200003
5621     602     0.002072457
5621     603    -0.017939723
5621     604     0.032185445
5621     610     0.003234684
5621     611    -0.000012918
5621     612     0.006120409
5621     613    -0.007135657
 602    5620    -0.001295159
 602    5621     0.002072457
 602     602     1.966600002
 602     603    -0.011349386
 602     604     0.001775416
 602     610    -0.002508831
 602     611    -0.000269140
 602     612    -0.002697680
 602     613     0.000868817
 603    5620     0.004915287
 603    5621    -0.017939723
 603     602    -0.011349386
 603     603     1.926200000
 603     604    -0.000512440
 603     610    -0.002078833
 603     611    -0.000405390
 603     612    -0.000227656
 603     613     0.003968034
 604    5620     0.001372909
 604    5621     0.032185445
 604     602     0.001775416
 604     603    -0.000512440
 604     604     2.058600000
 604     610    -0.001653262
 604     611    -0.000500735
 604     612     0.000253498
 604     613    -0.001264873
 610    5620    -0.002548392
 610    5621     0.003234684
 610     602    -0.002508831
 610     603    -0.002078833
 610     604    -0.001653262
 610     610     2.029900000
 610     611    -0.006365670
 610     612     0.008734514
 610     613    -0.000369452
 611    5620    -0.002712478
 611    5621    -0.000012918
 611     602    -0.000269140
 611     603    -0.000405390
 611     604    -0.000500735
 611     610    -0.006365670
 611     611     2.026200001
 611     612     0.017021069
 611     613     0.000727891
 612    5620    -0.023562162
 612    5621     0.006120409
 612     602    -0.002697680
 612     603    -0.000227656
 612     604     0.000253498
 612     610     0.008734514
 612     611     0.017021069
 612     612     2.051400000
 612     613    -0.000040661
 613    5620    -0.005540392
 613    5621    -0.007135657
 613     602     0.000868817
 613     603     0.003968034
 613     604    -0.001264873
 613     610    -0.000369452
 613     611     0.000727891
 613     612    -0.000040661
 613     613     2.040900000
