5620    5620     2.329399998
5620    5621    -0.005677118
5620     602     0.000627408
5620     603    -0.005370099
5620     604     0.001341750
5620     610    -0.000470451
5620     611    -0.001597483
5620     612    -0.013202729
5620     613     0.003031673
5621    5620    -0.005677118
5621    5621     2.206100003
5621     602    -0.000680685
5621     603     0.015123946
5621     604    -0.030402307
5621     610     0.003805971
5621     611    -0.000291619
5621     612    -0.007498915
5621     613     0.009823463
 602    5620     0.000627408
 602    5621    -0.000680685
 602     602     2.016500002
 602     603     0.005052402
 602     604     0.001336487
 602     610     0.001926509
 602     611    -0.000029902
 602     612     0.002427361
 602     613     0.001264405
 603    5620    -0.005370099
 603    5621     0.015123946
 603     602     0.005052402
 603     603     1.966800000
 603     604    -0.000025337
 603     610    -0.002071290
 603     611     0.000485522
 603     612    -0.000156544
 603     613    -0.004414374
 604    5620     0.001341750
 604    5621    -0.030402307
 604     602     0.001336487
 604     603    -0.000025337
 604     604     2.098900000
 604     610    -0.001564872
 604     611     0.000474613
 604     612    -0.000341384
 604     613     0.001116542
 610    5620    -0.000470451
 610    5621     0.003805971
 610     602     0.001926509
 610     603    -0.002071290
 610     604    -0.001564872
 610     610     1.952000000
 610     611     0.007136056
 610     612     0.005724943
 610     613    -0.000351191
 611    5620    -0.001597483
 611    5621    -0.000291619
 611     602    -0.000029902
 611     603     0.000485522
 611     604     0.000474613
 611     610     0.007136056
 611     611     1.957100001
 611     612    -0.016958410
 611     613     0.000899004
 612    5620    -0.013202729
 612    5621    -0.007498915
 612     602     0.002427361
 612     603    -0.000156544
 612     604    -0.000341384
 612     610     0.005724943
 612     611    -0.016958410
 612     612     2.049100000
 612     613    -0.000000338
 613    5620     0.003031673
 613    5621     0.009823463
 613     602     0.001264405
 613     603    -0.004414374
 613     604     0.001116542
 613     610    -0.000351191
 613     611     0.000899004
 613     612    -0.000000338
 613     613     2.066400000
