5620    5620     2.404999998
5620    5621     0.001795430
5620     602    -0.000560487
5620     603    -0.005646248
5620     604     0.000705830
5620     610     0.003007014
5620     611    -0.001019831
5620     612    -0.003882065
5620     613     0.004882299
5621    5620     0.001795430
5621    5621     2.358300003
5621     602    -0.000924913
5621     603     0.028292693
5621     604     0.029978915
5621     610    -0.001412598
5621     611    -0.000279769
5621     612    -0.006438128
5621     613     0.007641497
 602    5620    -0.000560487
 602    5621    -0.000924913
 602     602     1.929200002
 602     603     0.010588456
 602     604    -0.001624085
 602     610     0.001910866
 602     611     0.000025949
 602     612    -0.002294498
 602     613    -0.000878044
 603    5620    -0.005646248
 603    5621     0.028292693
 603     602     0.010588456
 603     603     1.841500000
 603     604    -0.001640015
 603     610     0.002473524
 603     611     0.000296850
 603     612    -0.000213351
 603     613     0.004139800
 604    5620     0.000705830
 604    5621     0.029978915
 604     602    -0.001624085
 604     603    -0.001640015
 604     604     2.051800000
 604     610    -0.001570050
 604     611    -0.000358054
 604     612     0.000959783
 604     613     0.001020368
 610    5620     0.003007014
 610    5621    -0.001412598
 610     602     0.001910866
 610     603     0.002473524
 610     604    -0.001570050
 610     610     1.953400000
 610     611    -0.007934510
 610     612     0.006057952
 610     613     0.000609559
 611    5620    -0.001019831
 611    5621    -0.000279769
 611     602     0.000025949
 611     603     0.000296850
 611     604    -0.000358054
 611     610    -0.007934510
 611     611     2.081400001
 611     612    -0.018381494
 611     613    -0.000878338
 612    5620    -0.003882065
 612    5621    -0.006438128
 612     602    -0.002294498
 612     603    -0.000213351
 612     604     0.000959783
 612     610     0.006057952
 612     611    -0.018381494
 612     612     2.067300000
 612     613    -0.000072780
 613    5620     0.004882299
 613    5621     0.007641497
 613     602    -0.000878044
 613     603     0.004139800
 613     604     0.001020368
 613     610     0.000609559
 613     611    -0.000878338
 613     612    -0.000072780
 613     613     1.994500000
