5620    5620     2.345799998
5620    5621     0.005250683
5620     602     0.002044909
5620     603     0.006045591
5620     604     0.001959806
5620     610    -0.005265866
5620     611     0.002791231
5620     612    -0.018149597
5620     613    -0.005261009
5621    5620     0.005250683
5621    5621     2.427000003
5621     602    -0.002119959
5621     603    -0.017595104
5621     604     0.025898515
5621     610    -0.000078594
5621     611     0.000399137
5621     612    -0.006608953
5621     613     0.006164946
 602    5620     0.002044909
 602    5621    -0.002119959
 602     602     1.988600002
 602     603    -0.004673207
 602     604    -0.001205727
 602     610    -0.001557459
 602     611     0.000498156
 602     612    -0.002418411
 602     613     0.000094539
 603    5620     0.006045591
 603    5621    -0.017595104
 603     602    -0.004673207
 603     603     1.913600000
 603     604     0.000048727
 603     610     0.002114466
 603     611     0.000267355
 603     612    -0.000094563
 603     613     0.003280470
 604    5620     0.001959806
 604    5621     0.025898515
 604     602    -0.001205727
 604     603     0.000048727
 604     604     2.063400000
 604     610     0.000250964
 604     611    -0.000741868
 604     612     0.000623541
 604     613    -0.001058125
 610    5620    -0.005265866
 610    5621    -0.000078594
 610     602    -0.001557459
 610     603     0.002114466
 610     604     0.000250964
 610     610     2.020500000
 610     611     0.006103424
 610     612     0.010349930
 610     613     0.000513495
 611    5620     0.002791231
 611    5621     0.000399137
 611     602     0.000498156
 611     603     0.000267355
 611     604    -0.000741868
 611     610     0.006103424
 611     611     2.039700001
 611     612    -0.019228683
 611     613    -0.000587398
 612    5620    -0.018149597
 612    5621    -0.006608953
 612     602    -0.002418411
 612     603    -0.000094563
 612     604     0.000623541
 612     610     0.010349930
 612     611    -0.019228683
 612     612     2.062300000
 612     613    -0.000009419
 613    5620    -0.005261009
 613    5621     0.006164946
 613     602     0.000094539
 613     603     0.003280470
 613     604    -0.001058125
 613     610     0.000513495
 613     611    -0.000587398
 613     612    -0.000009419
 613     613     2.123500000
