5620    5620     2.426799998
5620    5621     0.005063802
5620     602    -0.001690869
5620     603     0.004697232
5620     604    -0.000937259
5620     610    -0.001089940
5620     611    -0.000978559
5620     612    -0.004121723
5620     613     0.007222620
5621    5620     0.005063802
5621    5621     2.389400003
5621     602    -0.002760506
5621     603    -0.017616868
5621     604     0.032607147
5621     610    -0.002057846
5621     611    -0.000009573
5621     612     0.005927227
5621     613    -0.007717370
 602    5620    -0.001690869
 602    5621    -0.002760506
 602     602     1.978400002
 602     603     0.008216089
 602     604    -0.001480313
 602     610     0.002163390
 602     611    -0.000441185
 602     612    -0.002176893
 602     613    -0.000461604
 603    5620     0.004697232
 603    5621    -0.017616868
 603     602     0.008216089
 603     603     1.987300000
 603     604     0.000741257
 603     610     0.001778303
 603     611     0.000281087
 603     612    -0.000063704
 603     613     0.002865746
 604    5620    -0.000937259
 604    5621     0.032607147
 604     602    -0.001480313
 604     603     0.000741257
 604     604     2.056200000
 604     610    -0.001459170
 604     611     0.000310020
 604     612    -0.000639997
 604     613     0.000899144
 610    5620    -0.001089940
 610    5621    -0.002057846
 610     602     0.002163390
 610     603     0.001778303
 610     604    -0.001459170
 610     610     2.053000000
 610     611    -0.005280050
 610     612    -0.003300333
 610     613     0.000431059
 611    5620    -0.000978559
 611    5621    -0.000009573
 611     602    -0.000441185
 611     603     0.000281087
 611     604     0.000310020
 611     610    -0.005280050
 611     611     2.025500001
 611     612     0.016089598
 611     613    -0.000817949
 612    5620    -0.004121723
 612    5621     0.005927227
 612     602    -0.002176893
 612     603    -0.000063704
 612     604    -0.000639997
 612     610    -0.003300333
 612     611     0.016089598
 612     612     2.157700000
 612     613    -0.000463559
 613    5620     0.007222620
 613    5621    -0.007717370
 613     602    -0.000461604
 613     603     0.002865746
 613     604     0.000899144
 613     610     0.000431059
 613     611    -0.000817949
 613     612    -0.000463559
 613     613     1.955000000
