5620    5620     2.250199998
5620    5621     0.006680412
5620     602     0.001887903
5620     603    -0.006053671
5620     604    -0.004006468
5620     610    -0.001844646
5620     611     0.000708331
5620     612     0.005009282
5620     613     0.005961001
5621    5620     0.006680412
5621    5621     2.332700003
5621     602     0.001385762
5621     603    -0.029770602
5621     604    -0.028085609
5621     610     0.001926667
5621     611    -0.000089289
5621     612    -0.006075027
5621     613     0.008339402
 602    5620     0.001887903
 602    5621     0.001385762
 602     602     1.996100002
 602     603     0.008319539
 602     604     0.001458604
 602     610     0.002110065
 602     611     0.000553426
 602     612    -0.002368167
 602     613    -0.000399432
 603    5620    -0.006053671
 603    5621    -0.029770602
 603     602     0.008319539
 603     603     1.861100000
 603     604    -0.001388531
 603     610     0.002334131
 603     611     0.000452218
 603     612     0.000061820
 603     613     0.004179004
 604    5620    -0.004006468
 604    5621    -0.028085609
 604     602     0.001458604
 604     603    -0.001388531
 604     604     2.058000000
 604     610    -0.001122764
 604     611     0.000895667
 604     612     0.000705166
 604     613    -0.001253052
 610    5620    -0.001844646
 610    5621     0.001926667
 610     602     0.002110065
 610     603     0.002334131
 610     604    -0.001122764
 610     610     2.002100000
 610     611     0.007801105
 610     612    -0.009257052
 610     613     0.000596231
 611    5620     0.000708331
 611    5621    -0.000089289
 611     602     0.000553426
 611     603     0.000452218
 611     604     0.000895667
 611     610     0.007801105
 611     611     1.937600001
 611     612    -0.017033480
 611     613    -0.000844029
 612    5620     0.005009282
 612    5621    -0.006075027
 612     602    -0.002368167
 612     603     0.000061820
 612     604     0.000705166
 612     610    -0.009257052
 612     611    -0.017033480
 612     612     2.129300000
 612     613     0.000240623
 613    5620     0.005961001
 613    5621     0.008339402
 613     602    -0.000399432
 613     603     0.004179004
 613     604    -0.001253052
 613     610     0.000596231
 613     611    -0.000844029
 613     612     0.000240623
 613     613     1.940400000
