5620    5620     2.311599998
5620    5621    -0.005033003
5620     602     0.001635444
5620     603     0.005337414
5620     604    -0.002568582
5620     610    -0.006491662
5620     611     0.003196873
5620     612    -0.019392340
5620     613    -0.007666504
5621    5620    -0.005033003
5621    5621     2.507000003
5621     602     0.007362407
5621     603    -0.021833318
5621     604    -0.027152688
5621     610     0.003352839
5621     611     0.000105598
5621     612     0.006033374
5621     613    -0.006495171
 602    5620     0.001635444
 602    5621     0.007362407
 602     602     1.963500002
 602     603    -0.008861771
 602     604    -0.001598180
 602     610    -0.002561417
 602     611    -0.000629031
 602     612     0.002501513
 602     613     0.000119693
 603    5620     0.005337414
 603    5621    -0.021833318
 603     602    -0.008861771
 603     603     1.955400000
 603     604     0.000967407
 603     610    -0.002247494
 603     611     0.000298413
 603     612    -0.000031073
 603     613     0.003337484
 604    5620    -0.002568582
 604    5621    -0.027152688
 604     602    -0.001598180
 604     603     0.000967407
 604     604     2.036300000
 604     610     0.001691911
 604     611    -0.000607083
 604     612     0.000224531
 604     613    -0.000881560
 610    5620    -0.006491662
 610    5621     0.003352839
 610     602    -0.002561417
 610     603    -0.002247494
 610     604     0.001691911
 610     610     1.987300000
 610     611    -0.005860539
 610     612     0.006633669
 610     613     0.000492912
 611    5620     0.003196873
 611    5621     0.000105598
 611     602    -0.000629031
 611     603     0.000298413
 611     604    -0.000607083
 611     610    -0.005860539
 611     611     2.113300001
 611     612     0.015890241
 611     613     0.000586855
 612    5620    -0.019392340
 612    5621     0.006033374
 612     602     0.002501513
 612     603    -0.000031073
 612     604     0.000224531
 612     610     0.006633669
 612     611     0.015890241
 612     612     2.148600000
 612     613     0.000263520
 613    5620    -0.007666504
 613    5621    -0.006495171
 613     602     0.000119693
 613     603     0.003337484
 613     604    -0.000881560
 613     610     0.000492912
 613     611     0.000586855
 613     612     0.000263520
 613     613     1.986500000
