5620    5620     2.374499998
5620    5621    -0.006269793
5620     602    -0.000975137
5620     603     0.006119534
5620     604    -0.000120483
5620     610     0.004271614
5620     611    -0.001254492
5620     612     0.011169287
5620     613     0.005633759
5621    5620    -0.006269793
5621    5621     2.229000003
5621     602    -0.003824517
5621     603     0.020759548
5621     604     0.031367768
5621     610    -0.002826621
5621     611    -0.000151847
5621     612    -0.007333115
5621     613    -0.009791543
 602    5620    -0.000975137
 602    5621    -0.003824517
 602     602     2.005700002
 602     603    -0.005879119
 602     604     0.001385208
 602     610     0.001718898
 602     611    -0.000263852
 602     612    -0.002459296
 602     613    -0.000818276
 603    5620     0.006119534
 603    5621     0.020759548
 603     602    -0.005879119
 603     603     1.921100000
 603     604     0.000229928
 603     610     0.001887524
 603     611     0.000379246
 603     612     0.000136567
 603     613    -0.004729004
 604    5620    -0.000120483
 604    5621     0.031367768
 604     602     0.001385208
 604     603     0.000229928
 604     604     2.051000000
 604     610    -0.001513441
 604     611    -0.000501725
 604     612    -0.000182505
 604     613     0.001212351
 610    5620     0.004271614
 610    5621    -0.002826621
 610     602     0.001718898
 610     603     0.001887524
 610     604    -0.001513441
 610     610     2.031200000
 610     611    -0.006136342
 610     612    -0.009824633
 610     613     0.000426334
 611    5620    -0.001254492
 611    5621    -0.000151847
 611     602    -0.000263852
 611     603     0.000379246
 611     604    -0.000501725
 611     610    -0.006136342
 611     611     2.087100001
 611     612     0.015026942
 611     613     0.000792310
 612    5620     0.011169287
 612    5621    -0.007333115
 612     602    -0.002459296
 612     603     0.000136567
 612     604    -0.000182505
 612     610    -0.009824633
 612     611     0.015026942
 612     612     2.025700000
 612     613    -0.000168303
 613    5620     0.005633759
 613    5621    -0.009791543
 613     602    -0.000818276
 613     603    -0.004729004
 613     604     0.001212351
 613     610     0.000426334
 613     611     0.000792310
 613     612    -0.000168303
 613     613     2.007700000
