5620    5620     2.409599998
5620    5621     0.004461348
5620     602     0.000678627
5620     603     0.005941590
5620     604    -0.002606008
5620     610    -0.002798151
5620     611     0.004269143
5620     612    -0.003996029
5620     613     0.009575506
5621    5620     0.004461348
5621    5621     2.319800003
5621     602    -0.000525820
5621     603     0.019679031
5621     604     0.026329663
5621     610    -0.003088463
5621     611     0.000797758
5621     612    -0.006356766
5621     613     0.006521624
 602    5620     0.000678627
 602    5621    -0.000525820
 602     602     1.940600002
 602     603    -0.007782905
 602     604    -0.001554184
 602     610     0.002344188
 602     611    -0.000218448
 602     612     0.002518866
 602     613    -0.000686065
 603    5620     0.005941590
 603    5621     0.019679031
 603     602    -0.007782905
 603     603     1.888300000
 603     604     0.000031068
 603     610    -0.002341975
 603     611     0.000146037
 603     612     0.000473530
 603     613    -0.003370065
 604    5620    -0.002606008
 604    5621     0.026329663
 604     602    -0.001554184
 604     603     0.000031068
 604     604     2.029000000
 604     610    -0.001594487
 604     611    -0.000581976
 604     612     0.000338853
 604     613    -0.000830881
 610    5620    -0.002798151
 610    5621    -0.003088463
 610     602     0.002344188
 610     603    -0.002341975
 610     604    -0.001594487
 610     610     1.952400000
 610     611     0.007672313
 610     612    -0.001492515
 610     613     0.000581985
 611    5620     0.004269143
 611    5621     0.000797758
 611     602    -0.000218448
 611     603     0.000146037
 611     604    -0.000581976
 611     610     0.007672313
 611     611     2.053300001
 611     612     0.019207158
 611     613     0.000417561
 612    5620    -0.003996029
 612    5621    -0.006356766
 612     602     0.002518866
 612     603     0.000473530
 612     604     0.000338853
 612     610    -0.001492515
 612     611     0.019207158
 612     612     2.065200000
 612     613    -0.000587892
 613    5620     0.009575506
 613    5621     0.006521624
 613     602    -0.000686065
 613     603    -0.003370065
 613     604    -0.000830881
 613     610     0.000581985
 613     611     0.000417561
 613     612    -0.000587892
 613     613     2.006500000
