5620    5620     2.469999998
5620    5621     0.004426600
5620     602    -0.000208887
5620     603     0.006785485
5620     604    -0.001092794
5620     610    -0.000147175
5620     611    -0.001604337
5620     612     0.004058763
5620     613    -0.004746414
5621    5620     0.004426600
5621    5621     2.299300003
5621     602     0.004492849
5621     603     0.026678938
5621     604     0.032806897
5621     610    -0.000342853
5621     611     0.000138728
5621     612    -0.008320773
5621     613    -0.008435860
 602    5620    -0.000208887
 602    5621     0.004492849
 602     602     1.942000002
 602     603    -0.013483902
 602     604    -0.001779357
 602     610    -0.001219516
 602     611     0.000085732
 602     612     0.002882984
 602     613    -0.001583310
 603    5620     0.006785485
 603    5621     0.026678938
 603     602    -0.013483902
 603     603     1.828200000
 603     604    -0.000727789
 603     610     0.002705331
 603     611     0.000644069
 603     612     0.000051218
 603     613     0.005114988
 604    5620    -0.001092794
 604    5621     0.032806897
 604     602    -0.001779357
 604     603    -0.000727789
 604     604     2.117600000
 604     610     0.000107120
 604     611    -0.000798050
 604     612     0.000542845
 604     613     0.001175946
 610    5620    -0.000147175
 610    5621    -0.000342853
 610     602    -0.001219516
 610     603     0.002705331
 610     604     0.000107120
 610     610     1.942400000
 610     611     0.007649548
 610     612     0.006524888
 610     613    -0.000637395
 611    5620    -0.001604337
 611    5621     0.000138728
 611     602     0.000085732
 611     603     0.000644069
 611     604    -0.000798050
 611     610     0.007649548
 611     611     2.016100001
 611     612    -0.018026935
 611     613     0.000940804
 612    5620     0.004058763
 612    5621    -0.008320773
 612     602     0.002882984
 612     603     0.000051218
 612     604     0.000542845
 612     610     0.006524888
 612     611    -0.018026935
 612     612     2.093700000
 612     613    -0.000087501
 613    5620    -0.004746414
 613    5621    -0.008435860
 613     602    -0.001583310
 613     603     0.005114988
 613     604     0.001175946
 613     610    -0.000637395
 613     611     0.000940804
 613     612    -0.000087501
 613     613     1.979500000
