5620    5620     2.297899998
5620    5621     0.005614741
5620     602     0.002609412
5620     603    -0.006833459
5620     604     0.000016011
5620     610    -0.002667004
5620     611    -0.002071560
5620     612    -0.003366271
5620     613     0.007936268
5621    5620     0.005614741
5621    5621     2.221100003
5621     602     0.001207531
5621     603     0.031917018
5621     604    -0.032154967
5621     610    -0.000609182
5621     611     0.000768314
5621     612     0.007476925
5621     613    -0.006799413
 602    5620     0.002609412
 602    5621     0.001207531
 602     602     1.966400002
 602     603     0.010956549
 602     604    -0.001580899
 602     610     0.002160051
 602     611     0.000303558
 602     612     0.002653194
 602     613    -0.000064049
 603    5620    -0.006833459
 603    5621     0.031917018
 603     602     0.010956549
 603     603     1.909600000
 603     604    -0.000872812
 603     610    -0.002390804
 603     611    -0.000137140
 603     612    -0.000086544
 603     613     0.004011382
 604    5620     0.000016011
 604    5621    -0.032154967
 604     602    -0.001580899
 604     603    -0.000872812
 604     604     2.076900000
 604     610    -0.000722853
 604     611    -0.000427786
 604     612    -0.000181284
 604     613    -0.000911073
 610    5620    -0.002667004
 610    5621    -0.000609182
 610     602     0.002160051
 610     603    -0.002390804
 610     604    -0.000722853
 610     610     1.942000000
 610     611    -0.007158563
 610     612     0.008811664
 610     613    -0.000748594
 611    5620    -0.002071560
 611    5621     0.000768314
 611     602     0.000303558
 611     603    -0.000137140
 611     604    -0.000427786
 611     610    -0.007158563
 611     611     2.124400001
 611     612     0.016706778
 611     613    -0.000445047
 612    5620    -0.003366271
 612    5621     0.007476925
 612     602     0.002653194
 612     603    -0.000086544
 612     604    -0.000181284
 612     610     0.008811664
 612     611     0.016706778
 612     612     2.092900000
 612     613    -0.000240915
 613    5620     0.007936268
 613    5621    -0.006799413
 613     602    -0.000064049
 613     603     0.004011382
 613     604    -0.000911073
 613     610    -0.000748594
 613     611    -0.000445047
 613     612    -0.000240915
 613     613     1.957600000
