5620    5620     2.326899998
5620    5621     0.007004599
5620     602    -0.000772834
5620     603    -0.005080709
5620     604     0.000869495
5620     610     0.002886162
5620     611     0.000154933
5620     612     0.005188284
5620     613     0.009299100
5621    5620     0.007004599
5621    5621     2.242400003
5621     602     0.000407705
5621     603     0.025982354
5621     604     0.037742206
5621     610    -0.001911181
5621     611    -0.000048583
5621     612    -0.007596565
5621     613    -0.007501365
 602    5620    -0.000772834
 602    5621     0.000407705
 602     602     2.073700002
 602     603     0.008000252
 602     604    -0.001468480
 602     610     0.001731511
 602     611     0.000255087
 602     612    -0.002505055
 602     613    -0.000468126
 603    5620    -0.005080709
 603    5621     0.025982354
 603     602     0.008000252
 603     603     1.935900000
 603     604     0.000932201
 603     610     0.001927517
 603     611    -0.000532755
 603     612     0.000089627
 603     613    -0.003325050
 604    5620     0.000869495
 604    5621     0.037742206
 604     602    -0.001468480
 604     603     0.000932201
 604     604     2.054900000
 604     610     0.001497919
 604     611    -0.000340468
 604     612    -0.001530308
 604     613    -0.000837753
 610    5620     0.002886162
 610    5621    -0.001911181
 610     602     0.001731511
 610     603     0.001927517
 610     604     0.001497919
 610     610     2.103200000
 610     611    -0.005449276
 610     612     0.003030798
 610     613    -0.000644781
 611    5620     0.000154933
 611    5621    -0.000048583
 611     602     0.000255087
 611     603    -0.000532755
 611     604    -0.000340468
 611     610    -0.005449276
 611     611     1.988500001
 611     612     0.017997727
 611     613     0.001028772
 612    5620     0.005188284
 612    5621    -0.007596565
 612     602    -0.002505055
 612     603     0.000089627
 612     604    -0.001530308
 612     610     0.003030798
 612     611     0.017997727
 612     612     1.995500000
 612     613    -0.000558137
 613    5620     0.009299100
 613    5621    -0.007501365
 613     602    -0.000468126
 613     603    -0.003325050
 613     604    -0.000837753
 613     610    -0.000644781
 613     611     0.001028772
 613     612    -0.000558137
 613     613     1.994200000
