5620    5620     2.237799998
5620    5621    -0.003331241
5620     602    -0.000985573
5620     603    -0.005109188
5620     604     0.002536342
5620     610     0.006778533
5620     611    -0.001437754
5620     612    -0.006221538
5620     613    -0.006111488
5621    5620    -0.003331241
5621    5621     2.284300003
5621     602    -0.001561025
5621     603    -0.021221440
5621     604     0.032207506
5621     610    -0.000446058
5621     611    -0.000504581
5621     612    -0.007795327
5621     613     0.007785357
 602    5620    -0.000985573
 602    5621    -0.001561025
 602     602     1.949600002
 602     603     0.010978359
 602     604     0.001626457
 602     610    -0.001604766
 602     611    -0.000445267
 602     612     0.002980879
 602     613     0.000859002
 603    5620    -0.005109188
 603    5621    -0.021221440
 603     602     0.010978359
 603     603     1.990000000
 603     604    -0.000906726
 603     610     0.001755786
 603     611     0.000241957
 603     612     0.000268421
 603     613     0.003498873
 604    5620     0.002536342
 604    5621     0.032207506
 604     602     0.001626457
 604     603    -0.000906726
 604     604     2.068300000
 604     610    -0.000371767
 604     611    -0.000903650
 604     612    -0.001142184
 604     613    -0.001463203
 610    5620     0.006778533
 610    5621    -0.000446058
 610     602    -0.001604766
 610     603     0.001755786
 610     604    -0.000371767
 610     610     2.005600000
 610     611     0.006260566
 610     612    -0.008769577
 610     613    -0.000583375
 611    5620    -0.001437754
 611    5621    -0.000504581
 611     602    -0.000445267
 611     603     0.000241957
 611     604    -0.000903650
 611     610     0.006260566
 611     611     2.044300001
 611     612    -0.018474445
 611     613     0.000715232
 612    5620    -0.006221538
 612    5621    -0.007795327
 612     602     0.002980879
 612     603     0.000268421
 612     604    -0.001142184
 612     610    -0.008769577
 612     611    -0.018474445
 612     612     2.040700000
 612     613    -0.000051031
 613    5620    -0.006111488
 613    5621     0.007785357
 613     602     0.000859002
 613     603     0.003498873
 613     604    -0.001463203
 613     610    -0.000583375
 613     611     0.000715232
 613     612    -0.000051031
 613     613     2.052400000
