5620    5620     2.504799998
5620    5621     0.004483976
5620     602     0.000753332
5620     603     0.006404539
5620     604    -0.002536724
5620     610     0.004371285
5620     611    -0.000602660
5620     612    -0.004812434
5620     613     0.002738229
5621    5620     0.004483976
5621    5621     2.217100003
5621     602     0.007287593
5621     603     0.010379484
5621     604     0.028741726
5621     610     0.001263314
5621     611     0.001036215
5621     612    -0.007304666
5621     613    -0.007071723
 602    5620     0.000753332
 602    5621     0.007287593
 602     602     1.945300002
 602     603    -0.007314964
 602     604    -0.001635759
 602     610    -0.001663837
 602     611     0.000020333
 602     612     0.002590511
 602     613     0.000842140
 603    5620     0.006404539
 603    5621     0.010379484
 603     602    -0.007314964
 603     603     1.892000000
 603     604    -0.000036220
 603     610     0.002347089
 603     611     0.000622512
 603     612     0.000150748
 603     613     0.003882941
 604    5620    -0.002536724
 604    5621     0.028741726
 604     602    -0.001635759
 604     603    -0.000036220
 604     604     2.074900000
 604     610    -0.001463631
 604     611    -0.000205668
 604     612    -0.001586542
 604     613     0.000778987
 610    5620     0.004371285
 610    5621     0.001263314
 610     602    -0.001663837
 610     603     0.002347089
 610     604    -0.001463631
 610     610     1.999200000
 610     611    -0.006460039
 610     612    -0.006001020
 610     613    -0.000346417
 611    5620    -0.000602660
 611    5621     0.001036215
 611     602     0.000020333
 611     603     0.000622512
 611     604    -0.000205668
 611     610    -0.006460039
 611     611     1.989400001
 611     612     0.019979554
 611     613    -0.000638051
 612    5620    -0.004812434
 612    5621    -0.007304666
 612     602     0.002590511
 612     603     0.000150748
 612     604    -0.001586542
 612     610    -0.006001020
 612     611     0.019979554
 612     612     2.091100000
 612     613    -0.000110457
 613    5620     0.002738229
 613    5621    -0.007071723
 613     602     0.000842140
 613     603     0.003882941
 613     604     0.000778987
 613     610    -0.000346417
 613     611    -0.000638051
 613     612    -0.000110457
 613     613     2.114600000
