5620    5620     2.434799998
5620    5621     0.005997718
5620     602     0.000776023
5620     603    -0.005232915
5620     604    -0.000840174
5620     610    -0.005469402
5620     611     0.003566827
5620     612     0.013318573
5620     613     0.002483107
5621    5620     0.005997718
5621    5621     2.363900003
5621     602    -0.000167224
5621     603    -0.030557913
5621     604    -0.037970584
5621     610     0.001091436
5621     611     0.000105439
5621     612     0.007875839
5621     613    -0.010733456
 602    5620     0.000776023
 602    5621    -0.000167224
 602     602     1.997200002
 602     603    -0.010541221
 602     604    -0.001730077
 602     610     0.001560458
 602     611     0.000255638
 602     612    -0.002794139
 602     613    -0.001136351
 603    5620    -0.005232915
 603    5621    -0.030557913
 603     602    -0.010541221
 603     603     1.846400000
 603     604    -0.002016596
 603     610     0.001838393
 603     611    -0.000269794
 603     612     0.000111618
 603     613    -0.005238759
 604    5620    -0.000840174
 604    5621    -0.037970584
 604     602    -0.001730077
 604     603    -0.002016596
 604     604     1.999400000
 604     610     0.001319526
 604     611    -0.000435373
 604     612    -0.000809893
 604     613    -0.001544707
 610    5620    -0.005469402
 610    5621     0.001091436
 610     602     0.001560458
 610     603     0.001838393
 610     604     0.001319526
 610     610     2.022700000
 610     611     0.005485969
 610     612    -0.003336754
 610     613     0.000335744
 611    5620     0.003566827
 611    5621     0.000105439
 611     602     0.000255638
 611     603    -0.000269794
 611     604    -0.000435373
 611     610     0.005485969
 611     611     2.097500001
 611     612     0.018651651
 611     613     0.000716229
 612    5620     0.013318573
 612    5621     0.007875839
 612     602    -0.002794139
 612     603     0.000111618
 612     604    -0.000809893
 612     610    -0.003336754
 612     611     0.018651651
 612     612     2.043600000
 612     613    -0.000215392
 613    5620     0.002483107
 613    5621    -0.010733456
 613     602    -0.001136351
 613     603    -0.005238759
 613     604    -0.001544707
 613     610     0.000335744
 613     611     0.000716229
 613     612    -0.000215392
 613     613     1.999400000
