5620    5620     2.524899998
5620    5621    -0.005710867
5620     602    -0.001473839
5620     603    -0.005623513
5620     604    -0.001038706
5620     610    -0.004779802
5620     611    -0.002925687
5620     612    -0.015296589
5620     613     0.005707788
5621    5620    -0.005710867
5621    5621     2.452600003
5621     602     0.001342642
5621     603    -0.024291302
5621     604     0.033045125
5621     610    -0.001825356
5621     611    -0.000140633
5621     612     0.006027419
5621     613     0.009578420
 602    5620    -0.001473839
 602    5621     0.001342642
 602     602     1.970500002
 602     603     0.009212282
 602     604    -0.001800238
 602     610    -0.001936310
 602     611    -0.000369160
 602     612     0.002382333
 602     613     0.000768775
 603    5620    -0.005623513
 603    5621    -0.024291302
 603     602     0.009212282
 603     603     1.949800000
 603     604    -0.000901263
 603     610     0.002271449
 603     611    -0.000241009
 603     612    -0.000320545
 603     613    -0.004740405
 604    5620    -0.001038706
 604    5621     0.033045125
 604     602    -0.001800238
 604     603    -0.000901263
 604     604     2.039700000
 604     610     0.000956135
 604     611    -0.000651325
 604     612     0.000297361
 604     613     0.001377697
 610    5620    -0.004779802
 610    5621    -0.001825356
 610     602    -0.001936310
 610     603     0.002271449
 610     604     0.000956135
 610     610     1.995100000
 610     611    -0.006522902
 610     612    -0.006446453
 610     613     0.000555838
 611    5620    -0.002925687
 611    5621    -0.000140633
 611     602    -0.000369160
 611     603    -0.000241009
 611     604    -0.000651325
 611     610    -0.006522902
 611     611     1.989100001
 611     612     0.017826796
 611     613    -0.000708857
 612    5620    -0.015296589
 612    5621     0.006027419
 612     602     0.002382333
 612     603    -0.000320545
 612     604     0.000297361
 612     610    -0.006446453
 612     611     0.017826796
 612     612     2.095000000
 612     613    -0.000182679
 613    5620     0.005707788
 613    5621     0.009578420
 613     602     0.000768775
 613     603    -0.004740405
 613     604     0.001377697
 613     610     0.000555838
 613     611    -0.000708857
 613     612    -0.000182679
 613     613     1.976300000
