5620    5620     2.343799998
5620    5621     0.004970761
5620     602     0.000721694
5620     603    -0.006088362
5620     604     0.001097992
5620     610    -0.004076410
5620     611    -0.004563524
5620     612    -0.019892230
5620     613    -0.007121891
5621    5620     0.004970761
5621    5621     2.490100003
5621     602    -0.000954290
5621     603     0.021186500
5621     604    -0.029975360
5621     610    -0.002295674
5621     611     0.000512533
5621     612     0.007437382
5621     613     0.006663515
 602    5620     0.000721694
 602    5621    -0.000954290
 602     602     1.997900002
 602     603    -0.012577706
 602     604     0.001730716
 602     610    -0.001339803
 602     611    -0.000115651
 602     612     0.002602375
 602     613    -0.001493747
 603    5620    -0.006088362
 603    5621     0.021186500
 603     602    -0.012577706
 603     603     1.900800000
 603     604    -0.001127299
 603     610    -0.002156920
 603     611     0.000186291
 603     612    -0.000335513
 603     613    -0.004076356
 604    5620     0.001097992
 604    5621    -0.029975360
 604     602     0.001730716
 604     603    -0.001127299
 604     604     2.111100000
 604     610    -0.001385776
 604     611    -0.000490015
 604     612     0.000648051
 604     613     0.000939748
 610    5620    -0.004076410
 610    5621    -0.002295674
 610     602    -0.001339803
 610     603    -0.002156920
 610     604    -0.001385776
 610     610     1.986200000
 610     611     0.007597752
 610     612     0.006478568
 610     613     0.000450221
 611    5620    -0.004563524
 611    5621     0.000512533
 611     602    -0.000115651
 611     603     0.000186291
 611     604    -0.000490015
 611     610     0.007597752
 611     611     2.029300001
 611     612     0.023918626
 611     613    -0.000449518
 612    5620    -0.019892230
 612    5621     0.007437382
 612     602     0.002602375
 612     603    -0.000335513
 612     604     0.000648051
 612     610     0.006478568
 612     611     0.023918626
 612     612     1.986700000
 612     613    -0.000106908
 613    5620    -0.007121891
 613    5621     0.006663515
 613     602    -0.001493747
 613     603    -0.004076356
 613     604     0.000939748
 613     610     0.000450221
 613     611    -0.000449518
 613     612    -0.000106908
 613     613     1.959500000
