5620    5620     2.255099998
5620    5621    -0.004511433
5620     602    -0.001933713
5620     603    -0.005513590
5620     604     0.002722510
5620     610     0.000597473
5620     611    -0.002139759
5620     612     0.007850379
5620     613    -0.005185525
5621    5620    -0.004511433
5621    5621     2.405400003
5621     602     0.003933313
5621     603     0.023490042
5621     604     0.030308417
5621     610     0.002370965
5621     611     0.000567284
5621     612     0.007434253
5621     613    -0.008473230
 602    5620    -0.001933713
 602    5621     0.003933313
 602     602     1.915800002
 602     603    -0.007448659
 602     604     0.001351757
 602     610     0.002244669
 602     611     0.000456594
 602     612    -0.002473788
 602     613     0.000279341
 603    5620    -0.005513590
 603    5621     0.023490042
 603     602    -0.007448659
 603     603     1.931300000
 603     604     0.001146297
 603     610    -0.002022174
 603     611    -0.000252093
 603     612     0.000201782
 603     613    -0.004086671
 604    5620     0.002722510
 604    5621     0.030308417
 604     602     0.001351757
 604     603     0.001146297
 604     604     2.019100000
 604     610     0.001549941
 604     611    -0.000268808
 604     612     0.001473651
 604     613     0.001041656
 610    5620     0.000597473
 610    5621     0.002370965
 610     602     0.002244669
 610     603    -0.002022174
 610     604     0.001549941
 610     610     1.988100000
 610     611    -0.006505040
 610     612    -0.003743566
 610     613    -0.000421973
 611    5620    -0.002139759
 611    5621     0.000567284
 611     602     0.000456594
 611     603    -0.000252093
 611     604    -0.000268808
 611     610    -0.006505040
 611     611     2.053200001
 611     612     0.019996472
 611     613    -0.000641274
 612    5620     0.007850379
 612    5621     0.007434253
 612     602    -0.002473788
 612     603     0.000201782
 612     604     0.001473651
 612     610    -0.003743566
 612     611     0.019996472
 612     612     2.026900000
 612     613     0.000020349
 613    5620    -0.005185525
 613    5621    -0.008473230
 613     602     0.000279341
 613     603    -0.004086671
 613     604     0.001041656
 613     610    -0.000421973
 613     611    -0.000641274
 613     612     0.000020349
 613     613     1.981700000
