5620    5620     2.318899998
5620    5621     0.005335416
5620     602    -0.001326446
5620     603     0.005270401
5620     604     0.003447346
5620     610     0.003407067
5620     611     0.004317692
5620     612    -0.022341465
5620     613     0.008951579
5621    5620     0.005335416
5621    5621     2.495300003
5621     602    -0.003224735
5621     603     0.019738493
5621     604     0.026746375
5621     610    -0.003066463
5621     611    -0.000726482
5621     612     0.007078181
5621     613     0.007339543
 602    5620    -0.001326446
 602    5621    -0.003224735
 602     602     1.951400002
 602     603     0.009989837
 602     604     0.001424983
 602     610    -0.002434950
 602     611    -0.000046307
 602     612     0.002605514
 602     613    -0.000409416
 603    5620     0.005270401
 603    5621     0.019738493
 603     602     0.009989837
 603     603     1.951600000
 603     604     0.000527852
 603     610     0.002200232
 603     611     0.000179373
 603     612    -0.000204725
 603     613     0.003442307
 604    5620     0.003447346
 604    5621     0.026746375
 604     602     0.001424983
 604     603     0.000527852
 604     604     2.127800000
 604     610     0.001289431
 604     611    -0.000687557
 604     612     0.000675957
 604     613     0.001133829
 610    5620     0.003407067
 610    5621    -0.003066463
 610     602    -0.002434950
 610     603     0.002200232
 610     604     0.001289431
 610     610     1.897200000
 610     611     0.007740833
 610     612     0.008561052
 610     613    -0.000597575
 611    5620     0.004317692
 611    5621    -0.000726482
 611     602    -0.000046307
 611     603     0.000179373
 611     604    -0.000687557
 611     610     0.007740833
 611     611     2.040400001
 611     612     0.019051760
 611     613    -0.000428318
 612    5620    -0.022341465
 612    5621     0.007078181
 612     602     0.002605514
 612     603    -0.000204725
 612     604     0.000675957
 612     610     0.008561052
 612     611     0.019051760
 612     612     2.071300000
 612     613     0.000048358
 613    5620     0.008951579
 613    5621     0.007339543
 613     602    -0.000409416
 613     603     0.003442307
 613     604     0.001133829
 613     610    -0.000597575
 613     611    -0.000428318
 613     612     0.000048358
 613     613     1.969700000
