5620    5620     2.397799998
5620    5621     0.003981339
5620     602     0.001084074
5620     603    -0.005968803
5620     604    -0.001901055
5620     610    -0.009687331
5620     611     0.004211289
5620     612     0.010196532
5620     613    -0.005134373
5621    5620     0.003981339
5621    5621     2.314100003
5621     602    -0.005509752
5621     603    -0.011144055
5621     604     0.029437385
5621     610     0.000691910
5621     611     0.001178510
5621     612    -0.006872671
5621     613     0.007695551
 602    5620     0.001084074
 602    5621    -0.005509752
 602     602     1.975800002
 602     603     0.006378951
 602     604    -0.001473659
 602     610     0.001983222
 602     611     0.000376419
 602     612    -0.002352043
 602     613    -0.000775074
 603    5620    -0.005968803
 603    5621    -0.011144055
 603     602     0.006378951
 603     603     1.958400000
 603     604    -0.000363684
 603     610    -0.002441963
 603     611     0.000116830
 603     612     0.000234671
 603     613     0.005089288
 604    5620    -0.001901055
 604    5621     0.029437385
 604     602    -0.001473659
 604     603    -0.000363684
 604     604     2.002400000
 604     610    -0.001581503
 604     611    -0.000142933
 604     612     0.001574087
 604     613    -0.000881557
 610    5620    -0.009687331
 610    5621     0.000691910
 610     602     0.001983222
 610     603    -0.002441963
 610     604    -0.001581503
 610     610     1.971800000
 610     611    -0.007252432
 610     612     0.006719325
 610     613    -0.000619795
 611    5620     0.004211289
 611    5621     0.001178510
 611     602     0.000376419
 611     603     0.000116830
 611     604    -0.000142933
 611     610    -0.007252432
 611     611     1.999800001
 611     612     0.020230588
 611     613     0.000481900
 612    5620     0.010196532
 612    5621    -0.006872671
 612     602    -0.002352043
 612     603     0.000234671
 612     604     0.001574087
 612     610     0.006719325
 612     611     0.020230588
 612     612     2.089100000
 612     613    -0.000126968
 613    5620    -0.005134373
 613    5621     0.007695551
 613     602    -0.000775074
 613     603     0.005089288
 613     604    -0.000881557
 613     610    -0.000619795
 613     611     0.000481900
 613     612    -0.000126968
 613     613     1.951800000
