5620    5620     2.333299998
5620    5621    -0.004660501
5620     602     0.001615409
5620     603     0.006027016
5620     604     0.000918019
5620     610    -0.009298668
5620     611    -0.002464484
5620     612     0.009912932
5620     613    -0.008836150
5621    5620    -0.004660501
5621    5621     2.346000003
5621     602     0.003459701
5621     603    -0.023926477
5621     604     0.029968616
5621     610    -0.000444499
5621     611     0.000558000
5621     612     0.006210954
5621     613    -0.007521853
 602    5620     0.001615409
 602    5621     0.003459701
 602     602     1.972600002
 602     603    -0.007574902
 602     604     0.001260376
 602     610     0.001444146
 602     611     0.000168982
 602     612    -0.002049658
 602     613     0.000029489
 603    5620     0.006027016
 603    5621    -0.023926477
 603     602    -0.007574902
 603     603     1.947200000
 603     604    -0.000613052
 603     610     0.002208862
 603     611    -0.000489210
 603     612    -0.000051331
 603     613     0.004236489
 604    5620     0.000918019
 604    5621     0.029968616
 604     602     0.001260376
 604     603    -0.000613052
 604     604     2.104700000
 604     610    -0.000073095
 604     611    -0.000517069
 604     612    -0.000127740
 604     613     0.000970290
 610    5620    -0.009298668
 610    5621    -0.000444499
 610     602     0.001444146
 610     603     0.002208862
 610     604    -0.000073095
 610     610     2.070800000
 610     611    -0.006540330
 610     612     0.006395254
 610     613     0.000821175
 611    5620    -0.002464484
 611    5621     0.000558000
 611     602     0.000168982
 611     603    -0.000489210
 611     604    -0.000517069
 611     610    -0.006540330
 611     611     2.047200001
 611     612    -0.016904585
 611     613     0.000717977
 612    5620     0.009912932
 612    5621     0.006210954
 612     602    -0.002049658
 612     603    -0.000051331
 612     604    -0.000127740
 612     610     0.006395254
 612     611    -0.016904585
 612     612     2.071700000
 612     613     0.000261116
 613    5620    -0.008836150
 613    5621    -0.007521853
 613     602     0.000029489
 613     603     0.004236489
 613     604     0.000970290
 613     610     0.000821175
 613     611     0.000717977
 613     612     0.000261116
 613     613     2.031700000
