5620    5620     2.634599998
5620    5621     0.007404507
5620     602    -0.001902555
5620     603    -0.004912329
5620     604     0.002273209
5620     610     0.000598262
5620     611    -0.003593411
5620     612    -0.003678572
5620     613     0.005317299
5621    5620     0.007404507
5621    5621     2.131600003
5621     602     0.001687276
5621     603    -0.017914100
5621     604    -0.036231464
5621     610    -0.002236447
5621     611    -0.000887570
5621     612     0.007240464
5621     613     0.007776864
 602    5620    -0.001902555
 602    5621     0.001687276
 602     602     1.981300002
 602     603    -0.007209665
 602     604    -0.001436832
 602     610    -0.002058021
 602     611     0.000029490
 602     612     0.002115327
 602     613     0.000174762
 603    5620    -0.004912329
 603    5621    -0.017914100
 603     602    -0.007209665
 603     603     1.964600000
 603     604     0.000087696
 603     610    -0.002107809
 603     611     0.000154800
 603     612    -0.000323924
 603     613     0.003333193
 604    5620     0.002273209
 604    5621    -0.036231464
 604     602    -0.001436832
 604     603     0.000087696
 604     604     2.078800000
 604     610    -0.001389321
 604     611    -0.000485840
 604     612    -0.000000291
 604     613     0.001031043
 610    5620     0.000598262
 610    5621    -0.002236447
 610     602    -0.002058021
 610     603    -0.002107809
 610     604    -0.001389321
 610     610     1.984200000
 610     611     0.005745936
 610     612    -0.003511265
 610     613    -0.000483652
 611    5620    -0.003593411
 611    5621    -0.000887570
 611     602     0.000029490
 611     603     0.000154800
 611     604    -0.000485840
 611     610     0.005745936
 611     611     2.094600001
 611     612     0.017916594
 611     613    -0.000261977
 612    5620    -0.003678572
 612    5621     0.007240464
 612     602     0.002115327
 612     603    -0.000323924
 612     604    -0.000000291
 612     610    -0.003511265
 612     611     0.017916594
 612     612     2.069100000
 612     613    -0.000282710
 613    5620     0.005317299
 613    5621     0.007776864
 613     602     0.000174762
 613     603     0.003333193
 613     604     0.001031043
 613     610    -0.000483652
 613     611    -0.000261977
 613     612    -0.000282710
 613     613     2.084800000
