5620    5620     2.312399998
5620    5621     0.008698233
5620     602     0.002650505
5620     603    -0.005952284
5620     604     0.001886743
5620     610    -0.003605983
5620     611    -0.000263595
5620     612     0.015067310
5620     613    -0.002738164
5621    5620     0.008698233
5621    5621     2.615200003
5621     602    -0.002325487
5621     603     0.021428913
5621     604    -0.029517326
5621     610     0.000795564
5621     611    -0.000145366
5621     612     0.007546391
5621     613    -0.008348322
 602    5620     0.002650505
 602    5621    -0.002325487
 602     602     1.979100002
 602     603     0.007543845
 602     604    -0.001445283
 602     610    -0.002202133
 602     611     0.000896175
 602     612     0.002910703
 602     613    -0.000312309
 603    5620    -0.005952284
 603    5621     0.021428913
 603     602     0.007543845
 603     603     1.879300000
 603     604    -0.000685432
 603     610     0.002122144
 603     611     0.000479022
 603     612    -0.000178628
 603     613     0.003655734
 604    5620     0.001886743
 604    5621    -0.029517326
 604     602    -0.001445283
 604     603    -0.000685432
 604     604     2.032000000
 604     610     0.000806307
 604     611    -0.000623307
 604     612     0.000291534
 604     613    -0.001149464
 610    5620    -0.003605983
 610    5621     0.000795564
 610     602    -0.002202133
 610     603     0.002122144
 610     604     0.000806307
 610     610     1.969800000
 610     611     0.007101168
 610     612     0.007913788
 610     613     0.000414882
 611    5620    -0.000263595
 611    5621    -0.000145366
 611     602     0.000896175
 611     603     0.000479022
 611     604    -0.000623307
 611     610     0.007101168
 611     611     2.050500001
 611     612     0.020121655
 611     613     0.000739155
 612    5620     0.015067310
 612    5621     0.007546391
 612     602     0.002910703
 612     603    -0.000178628
 612     604     0.000291534
 612     610     0.007913788
 612     611     0.020121655
 612     612     1.995200000
 612     613     0.000228067
 613    5620    -0.002738164
 613    5621    -0.008348322
 613     602    -0.000312309
 613     603     0.003655734
 613     604    -0.001149464
 613     610     0.000414882
 613     611     0.000739155
 613     612     0.000228067
 613     613     2.040700000
