5620    5620     2.284199998
5620    5621     0.009048609
5620     602    -0.000920352
5620     603     0.005618645
5620     604    -0.001052500
5620     610    -0.003311205
5620     611     0.001491686
5620     612     0.015881129
5620     613    -0.005880577
5621    5620     0.009048609
5621    5621     2.361600003
5621     602     0.000843234
5621     603    -0.028903701
5621     604     0.028794870
5621     610     0.001212830
5621     611     0.000625950
5621     612     0.008486420
5621     613     0.009061908
 602    5620    -0.000920352
 602    5621     0.000843234
 602     602     2.038700002
 602     603    -0.011698771
 602     604     0.001325515
 602     610    -0.001346616
 602     611     0.000119711
 602     612    -0.002356928
 602     613     0.000851894
 603    5620     0.005618645
 603    5621    -0.028903701
 603     602    -0.011698771
 603     603     1.955000000
 603     604    -0.001045605
 603     610     0.002047211
 603     611     0.000460150
 603     612    -0.000261173
 603     613     0.003988076
 604    5620    -0.001052500
 604    5621     0.028794870
 604     602     0.001325515
 604     603    -0.001045605
 604     604     2.124400000
 604     610    -0.000949805
 604     611    -0.000439844
 604     612     0.000557570
 604     613     0.001036803
 610    5620    -0.003311205
 610    5621     0.001212830
 610     602    -0.001346616
 610     603     0.002047211
 610     604    -0.000949805
 610     610     2.044400000
 610     611    -0.006528090
 610     612     0.006682711
 610     613    -0.000571669
 611    5620     0.001491686
 611    5621     0.000625950
 611     602     0.000119711
 611     603     0.000460150
 611     604    -0.000439844
 611     610    -0.006528090
 611     611     2.022200001
 611     612     0.017738081
 611     613    -0.000854229
 612    5620     0.015881129
 612    5621     0.008486420
 612     602    -0.002356928
 612     603    -0.000261173
 612     604     0.000557570
 612     610     0.006682711
 612     611     0.017738081
 612     612     1.983200000
 612     613     0.000015171
 613    5620    -0.005880577
 613    5621     0.009061908
 613     602     0.000851894
 613     603     0.003988076
 613     604     0.001036803
 613     610    -0.000571669
 613     611    -0.000854229
 613     612     0.000015171
 613     613     2.009600000
