5620    5620     2.254399998
5620    5621     0.004841963
5620     602     0.002401532
5620     603     0.005526873
5620     604     0.004280833
5620     610     0.002668960
5620     611     0.000419102
5620     612     0.009120844
5620     613     0.006592782
5621    5620     0.004841963
5621    5621     2.543200003
5621     602    -0.000868666
5621     603     0.020078716
5621     604    -0.032675328
5621     610    -0.001264303
5621     611     0.000572471
5621     612     0.007143989
5621     613     0.008335392
 602    5620     0.002401532
 602    5621    -0.000868666
 602     602     1.942600002
 602     603     0.007601794
 602     604     0.001313926
 602     610    -0.002094890
 602     611    -0.001504040
 602     612     0.002430612
 602     613     0.000120383
 603    5620     0.005526873
 603    5621     0.020078716
 603     602     0.007601794
 603     603     1.947100000
 603     604    -0.000835072
 603     610    -0.001879537
 603     611    -0.000655429
 603     612    -0.000048640
 603     613    -0.003674927
 604    5620     0.004280833
 604    5621    -0.032675328
 604     602     0.001313926
 604     603    -0.000835072
 604     604     2.054600000
 604     610     0.000597052
 604     611    -0.000979659
 604     612    -0.000728034
 604     613     0.001432550
 610    5620     0.002668960
 610    5621    -0.001264303
 610     602    -0.002094890
 610     603    -0.001879537
 610     604     0.000597052
 610     610     2.045200000
 610     611    -0.006373980
 610     612    -0.004911396
 610     613     0.000569721
 611    5620     0.000419102
 611    5621     0.000572471
 611     602    -0.001504040
 611     603    -0.000655429
 611     604    -0.000979659
 611     610    -0.006373980
 611     611     1.995600001
 611     612     0.019401477
 611     613    -0.001182662
 612    5620     0.009120844
 612    5621     0.007143989
 612     602     0.002430612
 612     603    -0.000048640
 612     604    -0.000728034
 612     610    -0.004911396
 612     611     0.019401477
 612     612     2.050000000
 612     613    -0.000092471
 613    5620     0.006592782
 613    5621     0.008335392
 613     602     0.000120383
 613     603    -0.003674927
 613     604     0.001432550
 613     610     0.000569721
 613     611    -0.001182662
 613     612    -0.000092471
 613     613     1.993800000
