5620    5620     2.358699998
5620    5621    -0.005547103
5620     602    -0.000666469
5620     603    -0.005697963
5620     604     0.003057221
5620     610     0.002882608
5620     611     0.002211875
5620     612     0.008657426
5620     613     0.006199916
5621    5620    -0.005547103
5621    5621     2.370100003
5621     602    -0.004769989
5621     603    -0.020393729
5621     604    -0.030472468
5621     610    -0.002071030
5621     611     0.000573500
5621     612    -0.007084003
5621     613    -0.009262994
 602    5620    -0.000666469
 602    5621    -0.004769989
 602     602     2.008800002
 602     603     0.008875457
 602     604    -0.001557427
 602     610    -0.001298536
 602     611     0.000270676
 602     612    -0.002429050
 602     613     0.001894101
 603    5620    -0.005697963
 603    5621    -0.020393729
 603     602     0.008875457
 603     603     1.922700000
 603     604     0.000887337
 603     610    -0.002035486
 603     611    -0.000240777
 603     612     0.000051250
 603     613     0.004512328
 604    5620     0.003057221
 604    5621    -0.030472468
 604     602    -0.001557427
 604     603     0.000887337
 604     604     2.005100000
 604     610    -0.001385413
 604     611    -0.000694877
 604     612    -0.000293004
 604     613    -0.001380646
 610    5620     0.002882608
 610    5621    -0.002071030
 610     602    -0.001298536
 610     603    -0.002035486
 610     604    -0.001385413
 610     610     2.011300000
 610     611     0.007011265
 610     612     0.006359392
 610     613    -0.000510295
 611    5620     0.002211875
 611    5621     0.000573500
 611     602     0.000270676
 611     603    -0.000240777
 611     604    -0.000694877
 611     610     0.007011265
 611     611     1.947300001
 611     612     0.020928654
 611     613     0.000861151
 612    5620     0.008657426
 612    5621    -0.007084003
 612     602    -0.002429050
 612     603     0.000051250
 612     604    -0.000293004
 612     610     0.006359392
 612     611     0.020928654
 612     612     2.061100000
 612     613    -0.000139272
 613    5620     0.006199916
 613    5621    -0.009262994
 613     602     0.001894101
 613     603     0.004512328
 613     604    -0.001380646
 613     610    -0.000510295
 613     611     0.000861151
 613     612    -0.000139272
 613     613     1.994000000
