5620    5620     2.531699998
5620    5621     0.007223454
5620     602    -0.001331266
5620     603    -0.005660569
5620     604     0.002227606
5620     610     0.000756722
5620     611    -0.001241469
5620     612    -0.008212444
5620     613     0.004522396
5621    5620     0.007223454
5621    5621     2.307100003
5621     602     0.000849416
5621     603    -0.021615975
5621     604    -0.028775753
5621     610    -0.001895016
5621     611     0.000295416
5621     612     0.007263353
5621     613    -0.009854411
 602    5620    -0.001331266
 602    5621     0.000849416
 602     602     1.916900002
 602     603    -0.005437554
 602     604     0.001549117
 602     610     0.001948291
 602     611    -0.000272451
 602     612    -0.002803705
 602     613     0.000856194
 603    5620    -0.005660569
 603    5621    -0.021615975
 603     602    -0.005437554
 603     603     1.993600000
 603     604     0.000275993
 603     610     0.002082589
 603     611    -0.000240199
 603     612    -0.000043713
 603     613     0.004873311
 604    5620     0.002227606
 604    5621    -0.028775753
 604     602     0.001549117
 604     603     0.000275993
 604     604     2.063200000
 604     610     0.000882178
 604     611    -0.000728851
 604     612     0.000496559
 604     613     0.001318014
 610    5620     0.000756722
 610    5621    -0.001895016
 610     602     0.001948291
 610     603     0.002082589
 610     604     0.000882178
 610     610     2.024300000
 610     611     0.006143791
 610     612     0.007382161
 610     613     0.000419809
 611    5620    -0.001241469
 611    5621     0.000295416
 611     602    -0.000272451
 611     603    -0.000240199
 611     604    -0.000728851
 611     610     0.006143791
 611     611     1.960200001
 611     612     0.017294803
 611     613    -0.000660731
 612    5620    -0.008212444
 612    5621     0.007263353
 612     602    -0.002803705
 612     603    -0.000043713
 612     604     0.000496559
 612     610     0.007382161
 612     611     0.017294803
 612     612     2.049300000
 612     613     0.000030236
 613    5620     0.004522396
 613    5621    -0.009854411
 613     602     0.000856194
 613     603     0.004873311
 613     604     0.001318014
 613     610     0.000419809
 613     611    -0.000660731
 613     612     0.000030236
 613     613     1.915200000
