5620    5620     2.407899998
5620    5621     0.005548172
5620     602    -0.001544705
5620     603    -0.006191246
5620     604     0.000132301
5620     610     0.001298155
5620     611    -0.002971008
5620     612     0.001583942
5620     613     0.003627494
5621    5620     0.005548172
5621    5621     2.334200003
5621     602    -0.002564810
5621     603    -0.019279021
5621     604    -0.026756785
5621     610    -0.002041590
5621     611    -0.001073651
5621     612    -0.006885138
5621     613     0.009995283
 602    5620    -0.001544705
 602    5621    -0.002564810
 602     602     1.950900002
 602     603     0.004166866
 602     604     0.001191824
 602     610    -0.001784879
 602     611     0.000038129
 602     612     0.002451712
 602     613    -0.000535130
 603    5620    -0.006191246
 603    5621    -0.019279021
 603     602     0.004166866
 603     603     1.981200000
 603     604    -0.000214711
 603     610     0.001899026
 603     611     0.000072585
 603     612     0.000229919
 603     613     0.004387052
 604    5620     0.000132301
 604    5621    -0.026756785
 604     602     0.001191824
 604     603    -0.000214711
 604     604     2.075000000
 604     610     0.001073150
 604     611     0.000342689
 604     612    -0.000493630
 604     613     0.000951751
 610    5620     0.001298155
 610    5621    -0.002041590
 610     602    -0.001784879
 610     603     0.001899026
 610     604     0.001073150
 610     610     2.091800000
 610     611    -0.006632463
 610     612     0.004752669
 610     613    -0.000363522
 611    5620    -0.002971008
 611    5621    -0.001073651
 611     602     0.000038129
 611     603     0.000072585
 611     604     0.000342689
 611     610    -0.006632463
 611     611     2.024800001
 611     612    -0.021486159
 611     613     0.000452411
 612    5620     0.001583942
 612    5621    -0.006885138
 612     602     0.002451712
 612     603     0.000229919
 612     604    -0.000493630
 612     610     0.004752669
 612     611    -0.021486159
 612     612     2.098700000
 612     613    -0.000087604
 613    5620     0.003627494
 613    5621     0.009995283
 613     602    -0.000535130
 613     603     0.004387052
 613     604     0.000951751
 613     610    -0.000363522
 613     611     0.000452411
 613     612    -0.000087604
 613     613     1.991400000
