5620    5620     2.264499998
5620    5621    -0.007122501
5620     602    -0.001478467
5620     603     0.005557996
5620     604    -0.003960916
5620     610     0.003777967
5620     611    -0.000971827
5620     612     0.012321232
5620     613    -0.007183840
5621    5620    -0.007122501
5621    5621     2.307900003
5621     602    -0.000098015
5621     603     0.025355730
5621     604    -0.033313700
5621     610    -0.000667418
5621     611    -0.000498806
5621     612    -0.006228054
5621     613    -0.008086356
 602    5620    -0.001478467
 602    5621    -0.000098015
 602     602     2.005400002
 602     603    -0.007986056
 602     604    -0.001527559
 602     610    -0.001628612
 602     611    -0.000645987
 602     612    -0.002216360
 602     613     0.000400982
 603    5620     0.005557996
 603    5621     0.025355730
 603     602    -0.007986056
 603     603     1.880000000
 603     604     0.001149802
 603     610     0.001984209
 603     611     0.000450110
 603     612     0.000214100
 603     613    -0.003852145
 604    5620    -0.003960916
 604    5621    -0.033313700
 604     602    -0.001527559
 604     603     0.001149802
 604     604     2.011600000
 604     610     0.000635441
 604     611     0.000816628
 604     612     0.000176873
 604     613     0.001266537
 610    5620     0.003777967
 610    5621    -0.000667418
 610     602    -0.001628612
 610     603     0.001984209
 610     604     0.000635441
 610     610     1.986500000
 610     611     0.006426208
 610     612     0.008792933
 610     613    -0.000621148
 611    5620    -0.000971827
 611    5621    -0.000498806
 611     602    -0.000645987
 611     603     0.000450110
 611     604     0.000816628
 611     610     0.006426208
 611     611     1.944800001
 611     612     0.018566380
 611     613    -0.001008896
 612    5620     0.012321232
 612    5621    -0.006228054
 612     602    -0.002216360
 612     603     0.000214100
 612     604     0.000176873
 612     610     0.008792933
 612     611     0.018566380
 612     612     2.103900000
 612     613     0.000127382
 613    5620    -0.007183840
 613    5621    -0.008086356
 613     602     0.000400982
 613     603    -0.003852145
 613     604     0.001266537
 613     610    -0.000621148
 613     611    -0.001008896
 613     612     0.000127382
 613     613     1.946500000
