5620    5620     2.282199998
5620    5621    -0.005277961
5620     602    -0.001276312
5620     603    -0.005863527
5620     604    -0.000116590
5620     610     0.005456563
5620     611     0.002971548
5620     612    -0.009987017
5620     613     0.006326965
5621    5620    -0.005277961
5621    5621     2.199900003
5621     602     0.000490634
5621     603    -0.025589120
5621     604    -0.035713056
5621     610     0.000906425
5621     611    -0.000005319
5621     612     0.007963581
5621     613    -0.008805510
 602    5620    -0.001276312
 602    5621     0.000490634
 602     602     1.917700002
 602     603     0.010106312
 602     604    -0.001775517
 602     610     0.001506390
 602     611     0.000317957
 602     612     0.002886892
 602     613    -0.000585306
 603    5620    -0.005863527
 603    5621    -0.025589120
 603     602     0.010106312
 603     603     1.908200000
 603     604    -0.000534240
 603     610    -0.001752819
 603     611     0.000415911
 603     612     0.000105660
 603     613    -0.004141413
 604    5620    -0.000116590
 604    5621    -0.035713056
 604     602    -0.001775517
 604     603    -0.000534240
 604     604     2.086800000
 604     610     0.000646231
 604     611     0.000477011
 604     612    -0.000855866
 604     613     0.001035958
 610    5620     0.005456563
 610    5621     0.000906425
 610     602     0.001506390
 610     603    -0.001752819
 610     604     0.000646231
 610     610     2.088900000
 610     611     0.005708737
 610     612    -0.002658227
 610     613    -0.000496938
 611    5620     0.002971548
 611    5621    -0.000005319
 611     602     0.000317957
 611     603     0.000415911
 611     604     0.000477011
 611     610     0.005708737
 611     611     2.005500001
 611     612    -0.020458391
 611     613     0.000684822
 612    5620    -0.009987017
 612    5621     0.007963581
 612     602     0.002886892
 612     603     0.000105660
 612     604    -0.000855866
 612     610    -0.002658227
 612     611    -0.020458391
 612     612     1.996000000
 612     613    -0.000130661
 613    5620     0.006326965
 613    5621    -0.008805510
 613     602    -0.000585306
 613     603    -0.004141413
 613     604     0.001035958
 613     610    -0.000496938
 613     611     0.000684822
 613     612    -0.000130661
 613     613     2.068200000
