5620    5620     2.497799998
5620    5621     0.004198757
5620     602    -0.000455805
5620     603     0.005446900
5620     604     0.000543580
5620     610    -0.003492951
5620     611     0.003277615
5620     612    -0.005957687
5620     613     0.005080997
5621    5620     0.004198757
5621    5621     2.419300003
5621     602     0.000185671
5621     603     0.012260583
5621     604     0.028228768
5621     610    -0.002176671
5621     611    -0.001100638
5621     612    -0.006623423
5621     613    -0.005980059
 602    5620    -0.000455805
 602    5621     0.000185671
 602     602     2.012900002
 602     603    -0.006920263
 602     604    -0.001523863
 602     610    -0.001590028
 602     611    -0.000260873
 602     612    -0.002307923
 602     613    -0.001005271
 603    5620     0.005446900
 603    5621     0.012260583
 603     602    -0.006920263
 603     603     1.960100000
 603     604    -0.000103127
 603     610     0.001976700
 603     611     0.000221529
 603     612    -0.000407903
 603     613    -0.003819585
 604    5620     0.000543580
 604    5621     0.028228768
 604     602    -0.001523863
 604     603    -0.000103127
 604     604     2.039200000
 604     610    -0.001298967
 604     611    -0.000386097
 604     612    -0.000400708
 604     613    -0.000888420
 610    5620    -0.003492951
 610    5621    -0.002176671
 610     602    -0.001590028
 610     603     0.001976700
 610     604    -0.001298967
 610     610     2.071500000
 610     611    -0.005417509
 610     612     0.002590243
 610     613    -0.000329433
 611    5620     0.003277615
 611    5621    -0.001100638
 611     602    -0.000260873
 611     603     0.000221529
 611     604    -0.000386097
 611     610    -0.005417509
 611     611     2.071200001
 611     612     0.019923635
 611     613    -0.000492198
 612    5620    -0.005957687
 612    5621    -0.006623423
 612     602    -0.002307923
 612     603    -0.000407903
 612     604    -0.000400708
 612     610     0.002590243
 612     611     0.019923635
 612     612     2.058000000
 612     613    -0.000331590
 613    5620     0.005080997
 613    5621    -0.005980059
 613     602    -0.001005271
 613     603    -0.003819585
 613     604    -0.000888420
 613     610    -0.000329433
 613     611    -0.000492198
 613     612    -0.000331590
 613     613     2.043300000
