5620    5620     2.493099998
5620    5621     0.005147177
5620     602     0.000883393
5620     603    -0.005185642
5620     604    -0.001997091
5620     610    -0.003828674
5620     611    -0.004365671
5620     612    -0.011277005
5620     613    -0.004450318
5621    5620     0.005147177
5621    5621     2.409400003
5621     602    -0.000006649
5621     603    -0.014740440
5621     604     0.028195231
5621     610    -0.001271657
5621     611    -0.000856763
5621     612     0.007578681
5621     613    -0.007361273
 602    5620     0.000883393
 602    5621    -0.000006649
 602     602     1.947000002
 602     603     0.006598472
 602     604    -0.001433328
 602     610     0.001688587
 602     611     0.000027945
 602     612    -0.002549214
 602     613     0.000878814
 603    5620    -0.005185642
 603    5621    -0.014740440
 603     602     0.006598472
 603     603     1.910200000
 603     604    -0.000149615
 603     610    -0.001927323
 603     611    -0.000186545
 603     612     0.000323614
 603     613    -0.003844642
 604    5620    -0.001997091
 604    5621     0.028195231
 604     602    -0.001433328
 604     603    -0.000149615
 604     604     2.052500000
 604     610    -0.000769688
 604     611     0.000553581
 604     612    -0.000057427
 604     613    -0.001044714
 610    5620    -0.003828674
 610    5621    -0.001271657
 610     602     0.001688587
 610     603    -0.001927323
 610     604    -0.000769688
 610     610     2.012200000
 610     611     0.006080911
 610     612     0.001724360
 610     613     0.000400176
 611    5620    -0.004365671
 611    5621    -0.000856763
 611     602     0.000027945
 611     603    -0.000186545
 611     604     0.000553581
 611     610     0.006080911
 611     611     2.030300001
 611     612     0.020806847
 611     613    -0.000557326
 612    5620    -0.011277005
 612    5621     0.007578681
 612     602    -0.002549214
 612     603     0.000323614
 612     604    -0.000057427
 612     610     0.001724360
 612     611     0.020806847
 612     612     2.130300000
 612     613    -0.000245311
 613    5620    -0.004450318
 613    5621    -0.007361273
 613     602     0.000878814
 613     603    -0.003844642
 613     604    -0.001044714
 613     610     0.000400176
 613     611    -0.000557326
 613     612    -0.000245311
 613     613     2.018300000
