5620    5620     2.235599998
5620    5621    -0.004770882
5620     602     0.001648708
5620     603     0.005313007
5620     604     0.002026107
5620     610     0.001297207
5620     611    -0.003557685
5620     612     0.009094212
5620     613     0.006298140
5621    5620    -0.004770882
5621    5621     2.220500003
5621     602    -0.001183267
5621     603     0.031570626
5621     604     0.034531038
5621     610     0.001754573
5621     611     0.000616873
5621     612     0.006516007
5621     613    -0.009072425
 602    5620     0.001648708
 602    5621    -0.001183267
 602     602     1.902900002
 602     603     0.011462198
 602     604     0.001490896
 602     610     0.002215252
 602     611     0.000512274
 602     612    -0.002468811
 602     613     0.000238762
 603    5620     0.005313007
 603    5621     0.031570626
 603     602     0.011462198
 603     603     1.871600000
 603     604    -0.001721238
 603     610     0.001951700
 603     611     0.000117443
 603     612     0.000229796
 603     613    -0.003988319
 604    5620     0.002026107
 604    5621     0.034531038
 604     602     0.001490896
 604     603    -0.001721238
 604     604     1.975400000
 604     610    -0.001014771
 604     611     0.000241623
 604     612    -0.001091373
 604     613     0.000929066
 610    5620     0.001297207
 610    5621     0.001754573
 610     602     0.002215252
 610     603     0.001951700
 610     604    -0.001014771
 610     610     2.037100000
 610     611    -0.007399062
 610     612    -0.002579619
 610     613    -0.000584189
 611    5620    -0.003557685
 611    5621     0.000616873
 611     602     0.000512274
 611     603     0.000117443
 611     604     0.000241623
 611     610    -0.007399062
 611     611     2.033500001
 611     612     0.020286675
 611     613     0.000552704
 612    5620     0.009094212
 612    5621     0.006516007
 612     602    -0.002468811
 612     603     0.000229796
 612     604    -0.001091373
 612     610    -0.002579619
 612     611     0.020286675
 612     612     2.042000000
 612     613     0.000236760
 613    5620     0.006298140
 613    5621    -0.009072425
 613     602     0.000238762
 613     603    -0.003988319
 613     604     0.000929066
 613     610    -0.000584189
 613     611     0.000552704
 613     612     0.000236760
 613     613     2.018400000
