5620    5620     2.473299998
5620    5621     0.002033260
5620     602    -0.003082574
5620     603     0.005713193
5620     604    -0.001029908
5620     610     0.002936295
5620     611     0.001946187
5620     612     0.002229263
5620     613     0.008178064
5621    5620     0.002033260
5621    5621     2.533100003
5621     602    -0.003827761
5621     603    -0.023108022
5621     604     0.025987093
5621     610     0.001718877
5621     611    -0.000353657
5621     612    -0.007865903
5621     613    -0.006529459
 602    5620    -0.003082574
 602    5621    -0.003827761
 602     602     1.941700002
 602     603     0.004594816
 602     604     0.000870751
 602     610    -0.002753238
 602     611     0.000977161
 602     612    -0.002587577
 602     613    -0.000699012
 603    5620     0.005713193
 603    5621    -0.023108022
 603     602     0.004594816
 603     603     1.968200000
 603     604    -0.000338273
 603     610     0.002182596
 603     611     0.000193686
 603     612    -0.000079396
 603     613     0.003282843
 604    5620    -0.001029908
 604    5621     0.025987093
 604     602     0.000870751
 604     603    -0.000338273
 604     604     2.089500000
 604     610    -0.000800189
 604     611    -0.000417680
 604     612    -0.000093412
 604     613     0.000851664
 610    5620     0.002936295
 610    5621     0.001718877
 610     602    -0.002753238
 610     603     0.002182596
 610     604    -0.000800189
 610     610     2.016200000
 610     611     0.007260339
 610     612     0.007948491
 610     613    -0.000698534
 611    5620     0.001946187
 611    5621    -0.000353657
 611     602     0.000977161
 611     603     0.000193686
 611     604    -0.000417680
 611     610     0.007260339
 611     611     2.107800001
 611     612     0.020064234
 611     613    -0.000489186
 612    5620     0.002229263
 612    5621    -0.007865903
 612     602    -0.002587577
 612     603    -0.000079396
 612     604    -0.000093412
 612     610     0.007948491
 612     611     0.020064234
 612     612     1.935900000
 612     613    -0.000396770
 613    5620     0.008178064
 613    5621    -0.006529459
 613     602    -0.000699012
 613     603     0.003282843
 613     604     0.000851664
 613     610    -0.000698534
 613     611    -0.000489186
 613     612    -0.000396770
 613     613     2.000900000
