5620    5620     2.699399998
5620    5621    -0.002466588
5620     602    -0.000287160
5620     603    -0.006037676
5620     604    -0.003594192
5620     610    -0.000308286
5620     611    -0.001509531
5620     612     0.004721988
5620     613    -0.006941628
5621    5620    -0.002466588
5621    5621     2.419100003
5621     602    -0.003692000
5621     603     0.021732108
5621     604     0.019719061
5621     610    -0.000547153
5621     611    -0.001299606
5621     612     0.006234396
5621     613     0.004649793
 602    5620    -0.000287160
 602    5621    -0.003692000
 602     602     2.020900002
 602     603     0.006919493
 602     604    -0.001292091
 602     610     0.001103182
 602     611     0.000184460
 602     612    -0.002189835
 602     613     0.000636218
 603    5620    -0.006037676
 603    5621     0.021732108
 603     602     0.006919493
 603     603     1.798400000
 603     604    -0.001610323
 603     610     0.002225259
 603     611     0.000000647
 603     612    -0.000363630
 603     613     0.003639962
 604    5620    -0.003594192
 604    5621     0.019719061
 604     602    -0.001292091
 604     603    -0.001610323
 604     604     1.995500000
 604     610    -0.000803253
 604     611     0.000581099
 604     612     0.000095125
 604     613     0.000716704
 610    5620    -0.000308286
 610    5621    -0.000547153
 610     602     0.001103182
 610     603     0.002225259
 610     604    -0.000803253
 610     610     2.034100000
 610     611    -0.006744149
 610     612     0.007857950
 610     613     0.000705636
 611    5620    -0.001509531
 611    5621    -0.001299606
 611     602     0.000184460
 611     603     0.000000647
 611     604     0.000581099
 611     610    -0.006744149
 611     611     2.121300001
 611     612     0.016067211
 611     613    -0.000376192
 612    5620     0.004721988
 612    5621     0.006234396
 612     602    -0.002189835
 612     603    -0.000363630
 612     604     0.000095125
 612     610     0.007857950
 612     611     0.016067211
 612     612     2.122400000
 612     613    -0.000035118
 613    5620    -0.006941628
 613    5621     0.004649793
 613     602     0.000636218
 613     603     0.003639962
 613     604     0.000716704
 613     610     0.000705636
 613     611    -0.000376192
 613     612    -0.000035118
 613     613     2.027600000
