5620    5620     2.400199998
5620    5621     0.006184980
5620     602     0.001502629
5620     603    -0.005581582
5620     604     0.000061519
5620     610     0.002853584
5620     611     0.003404703
5620     612     0.014857780
5620     613     0.007098978
5621    5620     0.006184980
5621    5621     2.423000003
5621     602    -0.002185285
5621     603     0.025175585
5621     604     0.029929009
5621     610    -0.001265069
5621     611     0.000506687
5621     612     0.007521688
5621     613    -0.005420761
 602    5620     0.001502629
 602    5621    -0.002185285
 602     602     1.989000002
 602     603     0.006563134
 602     604    -0.001268735
 602     610    -0.001930619
 602     611    -0.000447159
 602     612    -0.002499622
 602     613     0.000270276
 603    5620    -0.005581582
 603    5621     0.025175585
 603     602     0.006563134
 603     603     1.905000000
 603     604    -0.000861188
 603     610    -0.002015016
 603     611    -0.000214561
 603     612     0.000063417
 603     613    -0.002969113
 604    5620     0.000061519
 604    5621     0.029929009
 604     602    -0.001268735
 604     603    -0.000861188
 604     604     2.067700000
 604     610    -0.000939830
 604     611    -0.000320766
 604     612    -0.000557669
 604     613    -0.000619493
 610    5620     0.002853584
 610    5621    -0.001265069
 610     602    -0.001930619
 610     603    -0.002015016
 610     604    -0.000939830
 610     610     2.028200000
 610     611     0.007199501
 610     612    -0.006399782
 610     613    -0.000559254
 611    5620     0.003404703
 611    5621     0.000506687
 611     602    -0.000447159
 611     603    -0.000214561
 611     604    -0.000320766
 611     610     0.007199501
 611     611     2.023500001
 611     612    -0.018592287
 611     613     0.000574978
 612    5620     0.014857780
 612    5621     0.007521688
 612     602    -0.002499622
 612     603     0.000063417
 612     604    -0.000557669
 612     610    -0.006399782
 612     611    -0.018592287
 612     612     2.039400000
 612     613     0.000246130
 613    5620     0.007098978
 613    5621    -0.005420761
 613     602     0.000270276
 613     603    -0.002969113
 613     604    -0.000619493
 613     610    -0.000559254
 613     611     0.000574978
 613     612     0.000246130
 613     613     2.097800000
