5620    5620     2.472899998
5620    5621     0.006083064
5620     602     0.000094998
5620     603    -0.006201798
5620     604     0.004274359
5620     610    -0.003279549
5620     611     0.004419031
5620     612    -0.009808375
5620     613     0.003928514
5621    5620     0.006083064
5621    5621     2.276600003
5621     602    -0.005031699
5621     603     0.029411942
5621     604    -0.038922104
5621     610    -0.002122486
5621     611     0.000300050
5621     612    -0.006616354
5621     613    -0.010291182
 602    5620     0.000094998
 602    5621    -0.005031699
 602     602     1.944200002
 602     603    -0.008586390
 602     604    -0.001693486
 602     610     0.001373255
 602     611    -0.000172375
 602     612    -0.002294677
 602     613    -0.001467228
 603    5620    -0.006201798
 603    5621     0.029411942
 603     602    -0.008586390
 603     603     1.830000000
 603     604     0.001106519
 603     610    -0.002037171
 603     611    -0.000134928
 603     612     0.000007508
 603     613     0.004955004
 604    5620     0.004274359
 604    5621    -0.038922104
 604     602    -0.001693486
 604     603     0.001106519
 604     604     1.955500000
 604     610     0.001601426
 604     611     0.000082008
 604     612     0.001730988
 604     613     0.000978506
 610    5620    -0.003279549
 610    5621    -0.002122486
 610     602     0.001373255
 610     603    -0.002037171
 610     604     0.001601426
 610     610     2.044200000
 610     611    -0.006581148
 610     612    -0.004419481
 610     613     0.000323741
 611    5620     0.004419031
 611    5621     0.000300050
 611     602    -0.000172375
 611     603    -0.000134928
 611     604     0.000082008
 611     610    -0.006581148
 611     611     1.996600001
 611     612     0.019639315
 611     613    -0.000634461
 612    5620    -0.009808375
 612    5621    -0.006616354
 612     602    -0.002294677
 612     603     0.000007508
 612     604     0.001730988
 612     610    -0.004419481
 612     611     0.019639315
 612     612     2.077700000
 612     613     0.000116200
 613    5620     0.003928514
 613    5621    -0.010291182
 613     602    -0.001467228
 613     603     0.004955004
 613     604     0.000978506
 613     610     0.000323741
 613     611    -0.000634461
 613     612     0.000116200
 613     613     1.974400000
