5620    5620     2.390599998
5620    5621     0.007976212
5620     602    -0.001055268
5620     603     0.006502898
5620     604    -0.003394919
5620     610     0.003987185
5620     611     0.003713764
5620     612    -0.013054828
5620     613    -0.003845343
5621    5620     0.007976212
5621    5621     2.341900003
5621     602    -0.001833275
5621     603     0.023777651
5621     604     0.029998839
5621     610     0.003734678
5621     611     0.000461378
5621     612     0.006549770
5621     613     0.009617593
 602    5620    -0.001055268
 602    5621    -0.001833275
 602     602     1.923200002
 602     603    -0.007089769
 602     604     0.001358796
 602     610    -0.002252135
 602     611    -0.000802973
 602     612    -0.002298758
 602     613    -0.000889911
 603    5620     0.006502898
 603    5621     0.023777651
 603     602    -0.007089769
 603     603     1.902400000
 603     604     0.000712694
 603     610     0.002439747
 603     611     0.000179386
 603     612     0.000037129
 603     613    -0.005476195
 604    5620    -0.003394919
 604    5621     0.029998839
 604     602     0.001358796
 604     603     0.000712694
 604     604     2.082100000
 604     610     0.001557903
 604     611    -0.000730252
 604     612     0.000350668
 604     613    -0.001349560
 610    5620     0.003987185
 610    5621     0.003734678
 610     602    -0.002252135
 610     603     0.002439747
 610     604     0.001557903
 610     610     1.998700000
 610     611     0.006653712
 610     612     0.003323922
 610     613     0.000402036
 611    5620     0.003713764
 611    5621     0.000461378
 611     602    -0.000802973
 611     603     0.000179386
 611     604    -0.000730252
 611     610     0.006653712
 611     611     1.989700001
 611     612    -0.016492542
 611     613    -0.000648948
 612    5620    -0.013054828
 612    5621     0.006549770
 612     602    -0.002298758
 612     603     0.000037129
 612     604     0.000350668
 612     610     0.003323922
 612     611    -0.016492542
 612     612     2.046900000
 612     613     0.000010434
 613    5620    -0.003845343
 613    5621     0.009617593
 613     602    -0.000889911
 613     603    -0.005476195
 613     604    -0.001349560
 613     610     0.000402036
 613     611    -0.000648948
 613     612     0.000010434
 613     613     2.011700000
