5620    5620     2.462499998
5620    5621    -0.003942030
5620     602     0.001949122
5620     603    -0.005712397
5620     604    -0.000635834
5620     610    -0.001697829
5620     611    -0.001522189
5620     612    -0.002363860
5620     613    -0.005003641
5621    5620    -0.003942030
5621    5621     2.483200003
5621     602    -0.003808734
5621     603     0.018075690
5621     604    -0.029155155
5621     610     0.001645009
5621     611    -0.000361745
5621     612    -0.007193110
5621     613    -0.006477477
 602    5620     0.001949122
 602    5621    -0.003808734
 602     602     1.948800002
 602     603    -0.007313005
 602     604    -0.001638395
 602     610    -0.002079519
 602     611     0.000734396
 602     612     0.002863239
 602     613     0.000269797
 603    5620    -0.005712397
 603    5621     0.018075690
 603     602    -0.007313005
 603     603     1.901600000
 603     604    -0.000750479
 603     610     0.002083395
 603     611     0.000226357
 603     612    -0.000047611
 603     613     0.003990815
 604    5620    -0.000635834
 604    5621    -0.029155155
 604     602    -0.001638395
 604     603    -0.000750479
 604     604     2.032800000
 604     610     0.001200939
 604     611     0.000582868
 604     612    -0.000485986
 604     613    -0.001138074
 610    5620    -0.001697829
 610    5621     0.001645009
 610     602    -0.002079519
 610     603     0.002083395
 610     604     0.001200939
 610     610     2.073100000
 610     611     0.006149386
 610     612     0.005386865
 610     613     0.000484092
 611    5620    -0.001522189
 611    5621    -0.000361745
 611     602     0.000734396
 611     603     0.000226357
 611     604     0.000582868
 611     610     0.006149386
 611     611     2.004000001
 611     612     0.020450407
 611     613    -0.000666728
 612    5620    -0.002363860
 612    5621    -0.007193110
 612     602     0.002863239
 612     603    -0.000047611
 612     604    -0.000485986
 612     610     0.005386865
 612     611     0.020450407
 612     612     2.077500000
 612     613    -0.000157059
 613    5620    -0.005003641
 613    5621    -0.006477477
 613     602     0.000269797
 613     603     0.003990815
 613     604    -0.001138074
 613     610     0.000484092
 613     611    -0.000666728
 613     612    -0.000157059
 613     613     2.056200000
