5620    5620     2.588499998
5620    5621    -0.006259793
5620     602     0.000496384
5620     603    -0.006132068
5620     604     0.002302098
5620     610     0.000258768
5620     611    -0.001731321
5620     612    -0.003700645
5620     613     0.007663849
5621    5620    -0.006259793
5621    5621     2.382600003
5621     602     0.001050905
5621     603     0.021319048
5621     604     0.029449396
5621     610    -0.001819383
5621     611     0.000615671
5621     612    -0.006788604
5621     613    -0.007261787
 602    5620     0.000496384
 602    5621     0.001050905
 602     602     2.002500002
 602     603    -0.007943052
 602     604    -0.001544754
 602     610    -0.001660065
 602     611     0.000154236
 602     612    -0.002308420
 602     613    -0.000910764
 603    5620    -0.006132068
 603    5621     0.021319048
 603     602    -0.007943052
 603     603     1.896100000
 603     604     0.000388041
 603     610    -0.002539619
 603     611    -0.000293128
 603     612     0.000499519
 603     613     0.004035921
 604    5620     0.002302098
 604    5621     0.029449396
 604     602    -0.001544754
 604     603     0.000388041
 604     604     2.067000000
 604     610    -0.001043309
 604     611     0.000617745
 604     612     0.000303789
 604     613     0.000980467
 610    5620     0.000258768
 610    5621    -0.001819383
 610     602    -0.001660065
 610     603    -0.002539619
 610     604    -0.001043309
 610     610     1.998900000
 610     611     0.007292133
 610     612     0.002832609
 610     613    -0.000634670
 611    5620    -0.001731321
 611    5621     0.000615671
 611     602     0.000154236
 611     603    -0.000293128
 611     604     0.000617745
 611     610     0.007292133
 611     611     2.017900001
 611     612    -0.020822572
 611     613    -0.000665216
 612    5620    -0.003700645
 612    5621    -0.006788604
 612     602    -0.002308420
 612     603     0.000499519
 612     604     0.000303789
 612     610     0.002832609
 612     611    -0.020822572
 612     612     2.098700000
 612     613     0.000676115
 613    5620     0.007663849
 613    5621    -0.007261787
 613     602    -0.000910764
 613     603     0.004035921
 613     604     0.000980467
 613     610    -0.000634670
 613     611    -0.000665216
 613     612     0.000676115
 613     613     1.903400000
