5620    5620     2.339999998
5620    5621     0.004998926
5620     602    -0.001038782
5620     603     0.006114941
5620     604     0.002522579
5620     610    -0.000663881
5620     611     0.002514309
5620     612     0.005316400
5620     613     0.006538672
5621    5620     0.004998926
5621    5621     2.475500003
5621     602    -0.000581556
5621     603     0.018360088
5621     604     0.029243354
5621     610     0.002766519
5621     611    -0.000737088
5621     612     0.006042638
5621     613    -0.007336080
 602    5620    -0.001038782
 602    5621    -0.000581556
 602     602     1.905000002
 602     603    -0.008743744
 602     604    -0.001538872
 602     610     0.002000733
 602     611    -0.000032967
 602     612    -0.002258376
 602     613     0.001048803
 603    5620     0.006114941
 603    5621     0.018360088
 603     602    -0.008743744
 603     603     1.913000000
 603     604     0.000440798
 603     610     0.002151788
 603     611     0.000264024
 603     612    -0.000156216
 603     613     0.004573618
 604    5620     0.002522579
 604    5621     0.029243354
 604     602    -0.001538872
 604     603     0.000440798
 604     604     2.114700000
 604     610    -0.001251658
 604     611     0.000688099
 604     612    -0.000552662
 604     613     0.001470216
 610    5620    -0.000663881
 610    5621     0.002766519
 610     602     0.002000733
 610     603     0.002151788
 610     604    -0.001251658
 610     610     1.999000000
 610     611    -0.006167499
 610     612     0.001802909
 610     613    -0.000460655
 611    5620     0.002514309
 611    5621    -0.000737088
 611     602    -0.000032967
 611     603     0.000264024
 611     604     0.000688099
 611     610    -0.006167499
 611     611     2.064100001
 611     612     0.016728115
 611     613    -0.000565140
 612    5620     0.005316400
 612    5621     0.006042638
 612     602    -0.002258376
 612     603    -0.000156216
 612     604    -0.000552662
 612     610     0.001802909
 612     611     0.016728115
 612     612     2.101900000
 612     613    -0.000275238
 613    5620     0.006538672
 613    5621    -0.007336080
 613     602     0.001048803
 613     603     0.004573618
 613     604     0.001470216
 613     610    -0.000460655
 613     611    -0.000565140
 613     612    -0.000275238
 613     613     1.937900000
