5620    5620     2.220999998
5620    5621     0.006249457
5620     602     0.002721077
5620     603    -0.006573825
5620     604     0.001526834
5620     610     0.003101708
5620     611     0.002342636
5620     612    -0.015229600
5620     613    -0.008307329
5621    5620     0.006249457
5621    5621     2.435900003
5621     602     0.004029447
5621     603     0.021227380
5621     604    -0.027079005
5621     610     0.001974173
5621     611     0.000069843
5621     612    -0.006975661
5621     613    -0.006488207
 602    5620     0.002721077
 602    5621     0.004029447
 602     602     1.920700002
 602     603     0.004003037
 602     604    -0.001080354
 602     610     0.002524984
 602     611     0.001423939
 602     612     0.002413416
 602     613    -0.000399343
 603    5620    -0.006573825
 603    5621     0.021227380
 603     602     0.004003037
 603     603     1.893700000
 603     604    -0.000954111
 603     610    -0.002326650
 603     611     0.000368176
 603     612    -0.000027692
 603     613    -0.003992019
 604    5620     0.001526834
 604    5621    -0.027079005
 604     602    -0.001080354
 604     603    -0.000954111
 604     604     2.048600000
 604     610     0.001790963
 604     611     0.000515845
 604     612     0.000357695
 604     613    -0.000900999
 610    5620     0.003101708
 610    5621     0.001974173
 610     602     0.002524984
 610     603    -0.002326650
 610     604     0.001790963
 610     610     1.995800000
 610     611     0.006368065
 610     612    -0.009072647
 610     613    -0.000510275
 611    5620     0.002342636
 611    5621     0.000069843
 611     602     0.001423939
 611     603     0.000368176
 611     604     0.000515845
 611     610     0.006368065
 611     611     1.999100001
 611     612     0.018105724
 611     613     0.000821598
 612    5620    -0.015229600
 612    5621    -0.006975661
 612     602     0.002413416
 612     603    -0.000027692
 612     604     0.000357695
 612     610    -0.009072647
 612     611     0.018105724
 612     612     2.072500000
 612     613     0.000293804
 613    5620    -0.008307329
 613    5621    -0.006488207
 613     602    -0.000399343
 613     603    -0.003992019
 613     604    -0.000900999
 613     610    -0.000510275
 613     611     0.000821598
 613     612     0.000293804
 613     613     2.039800000
