5620    5620     2.315899998
5620    5621    -0.004990021
5620     602     0.001441758
5620     603     0.005774508
5620     604    -0.006019385
5620     610     0.004090633
5620     611     0.003937244
5620     612     0.008996039
5620     613    -0.005553618
5621    5620    -0.004990021
5621    5621     2.296300003
5621     602     0.002191599
5621     603    -0.023449301
5621     604     0.032916439
5621     610    -0.001434212
5621     611    -0.000521633
5621     612    -0.006885357
5621     613     0.008400328
 602    5620     0.001441758
 602    5621     0.002191599
 602     602     2.010800002
 602     603    -0.006431267
 602     604    -0.001348610
 602     610    -0.001628886
 602     611    -0.000221267
 602     612    -0.002138943
 602     613     0.000326928
 603    5620     0.005774508
 603    5621    -0.023449301
 603     602    -0.006431267
 603     603     1.854000000
 603     604    -0.001041293
 603     610     0.001921130
 603     611     0.000186003
 603     612    -0.000107627
 603     613    -0.004032633
 604    5620    -0.006019385
 604    5621     0.032916439
 604     602    -0.001348610
 604     603    -0.001041293
 604     604     1.996600000
 604     610     0.000329353
 604     611    -0.000989880
 604     612    -0.001613962
 604     613     0.001582215
 610    5620     0.004090633
 610    5621    -0.001434212
 610     602    -0.001628886
 610     603     0.001921130
 610     604     0.000329353
 610     610     2.014500000
 610     611    -0.006294246
 610     612     0.005540089
 610     613     0.000494229
 611    5620     0.003937244
 611    5621    -0.000521633
 611     602    -0.000221267
 611     603     0.000186003
 611     604    -0.000989880
 611     610    -0.006294246
 611     611     2.035700001
 611     612    -0.017246193
 611     613    -0.000564144
 612    5620     0.008996039
 612    5621    -0.006885357
 612     602    -0.002138943
 612     603    -0.000107627
 612     604    -0.001613962
 612     610     0.005540089
 612     611    -0.017246193
 612     612     2.051000000
 612     613    -0.000299107
 613    5620    -0.005553618
 613    5621     0.008400328
 613     602     0.000326928
 613     603    -0.004032633
 613     604     0.001582215
 613     610     0.000494229
 613     611    -0.000564144
 613     612    -0.000299107
 613     613     1.988100000
