5620    5620     2.253399998
5620    5621     0.006146732
5620     602    -0.001724763
5620     603    -0.006357835
5620     604    -0.004035385
5620     610     0.003420472
5620     611    -0.003789787
5620     612     0.015046403
5620     613     0.004323717
5621    5620     0.006146732
5621    5621     2.185100003
5621     602    -0.001229432
5621     603     0.023394014
5621     604     0.031618302
5621     610    -0.002546702
5621     611     0.000709323
5621     612    -0.006924978
5621     613     0.008304389
 602    5620    -0.001724763
 602    5621    -0.001229432
 602     602     1.962100002
 602     603     0.008825103
 602     604    -0.001661779
 602     610     0.002194692
 602     611     0.000473060
 602     612    -0.002491637
 602     613    -0.000592876
 603    5620    -0.006357835
 603    5621     0.023394014
 603     602     0.008825103
 603     603     1.853900000
 603     604    -0.000607699
 603     610    -0.002280027
 603     611    -0.000372704
 603     612    -0.000030520
 603     613    -0.004674972
 604    5620    -0.004035385
 604    5621     0.031618302
 604     602    -0.001661779
 604     603    -0.000607699
 604     604     2.052800000
 604     610     0.001275151
 604     611    -0.000771427
 604     612    -0.000447443
 604     613     0.001334634
 610    5620     0.003420472
 610    5621    -0.002546702
 610     602     0.002194692
 610     603    -0.002280027
 610     604     0.001275151
 610     610     2.065200000
 610     611    -0.006994244
 610     612     0.006167726
 610     613     0.000400187
 611    5620    -0.003789787
 611    5621     0.000709323
 611     602     0.000473060
 611     603    -0.000372704
 611     604    -0.000771427
 611     610    -0.006994244
 611     611     2.047200001
 611     612     0.016159858
 611     613     0.000682143
 612    5620     0.015046403
 612    5621    -0.006924978
 612     602    -0.002491637
 612     603    -0.000030520
 612     604    -0.000447443
 612     610     0.006167726
 612     611     0.016159858
 612     612     2.069300000
 612     613     0.000089556
 613    5620     0.004323717
 613    5621     0.008304389
 613     602    -0.000592876
 613     603    -0.004674972
 613     604     0.001334634
 613     610     0.000400187
 613     611     0.000682143
 613     612     0.000089556
 613     613     2.022300000
