5620    5620     2.360199998
5620    5621     0.005989874
5620     602     0.000736100
5620     603     0.006420201
5620     604    -0.002318354
5620     610     0.010504072
5620     611    -0.003441136
5620     612     0.010375715
5620     613     0.007977912
5621    5620     0.005989874
5621    5621     2.389300003
5621     602    -0.001787632
5621     603     0.018315918
5621     604     0.030148169
5621     610    -0.001002108
5621     611     0.000281628
5621     612     0.006743854
5621     613     0.008231788
 602    5620     0.000736100
 602    5621    -0.001787632
 602     602     2.022800002
 602     603    -0.004042288
 602     604     0.001405850
 602     610    -0.001329556
 602     611     0.000096203
 602     612    -0.002134761
 602     613     0.000753939
 603    5620     0.006420201
 603    5621     0.018315918
 603     602    -0.004042288
 603     603     1.858800000
 603     604    -0.000280001
 603     610    -0.002377063
 603     611    -0.000367524
 603     612    -0.000500953
 603     613     0.004608674
 604    5620    -0.002318354
 604    5621     0.030148169
 604     602     0.001405850
 604     603    -0.000280001
 604     604     2.029400000
 604     610    -0.000798347
 604     611     0.000599220
 604     612    -0.000015244
 604     613     0.001124185
 610    5620     0.010504072
 610    5621    -0.001002108
 610     602    -0.001329556
 610     603    -0.002377063
 610     604    -0.000798347
 610     610     2.097700000
 610     611     0.006574813
 610     612     0.004017555
 610     613    -0.000672626
 611    5620    -0.003441136
 611    5621     0.000281628
 611     602     0.000096203
 611     603    -0.000367524
 611     604     0.000599220
 611     610     0.006574813
 611     611     2.043400001
 611     612     0.015932890
 611     613     0.000793824
 612    5620     0.010375715
 612    5621     0.006743854
 612     602    -0.002134761
 612     603    -0.000500953
 612     604    -0.000015244
 612     610     0.004017555
 612     611     0.015932890
 612     612     2.057600000
 612     613    -0.000449997
 613    5620     0.007977912
 613    5621     0.008231788
 613     602     0.000753939
 613     603     0.004608674
 613     604     0.001124185
 613     610    -0.000672626
 613     611     0.000793824
 613     612    -0.000449997
 613     613     1.997300000
