5620    5620     2.195299998
5620    5621     0.007174455
5620     602    -0.002016097
5620     603    -0.005898603
5620     604     0.000991333
5620     610     0.003790356
5620     611     0.004576425
5620     612     0.014869768
5620     613    -0.007222852
5621    5620     0.007174455
5621    5621     2.369500003
5621     602    -0.005596531
5621     603     0.022578447
5621     604     0.027516143
5621     610    -0.003559267
5621     611     0.001423785
5621     612    -0.007706697
5621     613    -0.006898160
 602    5620    -0.002016097
 602    5621    -0.005596531
 602     602     1.998800002
 602     603    -0.009325959
 602     604     0.001395548
 602     610    -0.002800249
 602     611    -0.000247501
 602     612    -0.002745151
 602     613    -0.000128085
 603    5620    -0.005898603
 603    5621     0.022578447
 603     602    -0.009325959
 603     603     1.921000000
 603     604    -0.001049327
 603     610     0.002289478
 603     611     0.000105993
 603     612    -0.000207453
 603     613     0.003527012
 604    5620     0.000991333
 604    5621     0.027516143
 604     602     0.001395548
 604     603    -0.001049327
 604     604     2.132900000
 604     610     0.001840393
 604     611    -0.000477670
 604     612    -0.000066988
 604     613     0.000902337
 610    5620     0.003790356
 610    5621    -0.003559267
 610     602    -0.002800249
 610     603     0.002289478
 610     604     0.001840393
 610     610     1.961700000
 610     611     0.007466684
 610     612     0.007841318
 610     613     0.000453421
 611    5620     0.004576425
 611    5621     0.001423785
 611     602    -0.000247501
 611     603     0.000105993
 611     604    -0.000477670
 611     610     0.007466684
 611     611     2.019100001
 611     612     0.018730802
 611     613     0.000424710
 612    5620     0.014869768
 612    5621    -0.007706697
 612     602    -0.002745151
 612     603    -0.000207453
 612     604    -0.000066988
 612     610     0.007841318
 612     611     0.018730802
 612     612     1.999300000
 612     613    -0.000114491
 613    5620    -0.007222852
 613    5621    -0.006898160
 613     602    -0.000128085
 613     603     0.003527012
 613     604     0.000902337
 613     610     0.000453421
 613     611     0.000424710
 613     612    -0.000114491
 613     613     2.067500000
